n02415577_103.JPEG	9	18	39	51
n02415577_70.JPEG	8	37	24	63
n02415577_202.JPEG	10	18	25	44
n02415577_128.JPEG	2	3	63	63
n02415577_129.JPEG	0	20	43	63
n02415577_302.JPEG	6	3	56	61
n02415577_409.JPEG	0	21	46	63
n02415577_446.JPEG	0	22	60	63
n02415577_183.JPEG	5	8	52	63
n02415577_26.JPEG	12	26	38	48
n02415577_470.JPEG	9	2	55	60
n02415577_473.JPEG	13	18	41	40
n02415577_55.JPEG	14	19	35	62
n02415577_462.JPEG	23	20	57	61
n02415577_367.JPEG	0	12	60	63
n02415577_465.JPEG	22	28	36	46
n02415577_33.JPEG	10	20	47	56
n02415577_14.JPEG	0	0	63	63
n02415577_391.JPEG	23	16	57	50
n02415577_2.JPEG	3	10	63	63
n02415577_442.JPEG	9	17	45	50
n02415577_447.JPEG	17	14	24	26
n02415577_112.JPEG	0	21	51	63
n02415577_214.JPEG	5	0	63	44
n02415577_51.JPEG	12	21	46	55
n02415577_60.JPEG	23	40	40	57
n02415577_454.JPEG	0	11	52	48
n02415577_400.JPEG	0	17	30	55
n02415577_349.JPEG	18	20	55	44
n02415577_399.JPEG	28	30	36	39
n02415577_98.JPEG	20	33	41	60
n02415577_337.JPEG	0	36	32	58
n02415577_271.JPEG	39	24	63	51
n02415577_97.JPEG	0	9	63	56
n02415577_433.JPEG	3	7	60	63
n02415577_443.JPEG	0	6	63	63
n02415577_304.JPEG	27	10	63	52
n02415577_263.JPEG	24	22	63	61
n02415577_403.JPEG	12	1	55	63
n02415577_478.JPEG	24	25	55	63
n02415577_404.JPEG	23	0	54	37
n02415577_94.JPEG	15	15	52	61
n02415577_42.JPEG	27	45	37	56
n02415577_225.JPEG	25	25	44	40
n02415577_402.JPEG	0	0	63	63
n02415577_314.JPEG	13	17	63	63
n02415577_58.JPEG	0	12	35	55
n02415577_390.JPEG	1	5	51	49
n02415577_5.JPEG	2	0	63	63
n02415577_341.JPEG	17	28	60	58
n02415577_209.JPEG	20	8	58	63
n02415577_39.JPEG	0	5	63	63
n02415577_170.JPEG	9	26	40	55
n02415577_279.JPEG	21	21	47	47
n02415577_85.JPEG	18	4	63	63
n02415577_376.JPEG	7	10	54	59
n02415577_448.JPEG	7	31	57	63
n02415577_74.JPEG	1	12	53	63
n02415577_381.JPEG	0	0	34	56
n02415577_476.JPEG	28	26	63	59
n02415577_410.JPEG	15	16	48	57
n02415577_17.JPEG	0	0	63	63
n02415577_295.JPEG	20	15	61	63
n02415577_78.JPEG	4	7	57	63
n02415577_50.JPEG	7	0	52	63
n02415577_8.JPEG	0	16	60	52
n02415577_88.JPEG	1	3	63	61
n02415577_437.JPEG	0	28	54	63
n02415577_312.JPEG	7	13	61	62
n02415577_142.JPEG	16	14	56	61
n02415577_159.JPEG	20	19	57	45
n02415577_386.JPEG	0	1	63	60
n02415577_273.JPEG	8	9	63	63
n02415577_7.JPEG	11	0	57	63
n02415577_196.JPEG	16	28	48	41
n02415577_347.JPEG	56	25	63	39
n02415577_165.JPEG	0	9	39	58
n02415577_47.JPEG	3	6	62	51
n02415577_141.JPEG	8	9	61	62
n02415577_352.JPEG	27	23	63	63
n02415577_374.JPEG	0	7	63	61
n02415577_226.JPEG	18	1	51	61
n02415577_232.JPEG	1	6	63	63
n02415577_125.JPEG	0	4	63	63
n02415577_351.JPEG	17	26	63	63
n02415577_369.JPEG	0	20	43	61
n02415577_68.JPEG	0	2	36	63
n02415577_147.JPEG	0	0	63	63
n02415577_233.JPEG	0	2	63	63
n02415577_49.JPEG	0	17	51	63
n02415577_248.JPEG	20	13	63	63
n02415577_211.JPEG	7	33	37	53
n02415577_380.JPEG	27	24	46	44
n02415577_198.JPEG	9	9	60	58
n02415577_83.JPEG	12	24	60	63
n02415577_100.JPEG	25	12	63	50
n02415577_143.JPEG	33	28	63	52
n02415577_482.JPEG	0	10	41	53
n02415577_160.JPEG	25	21	52	40
n02415577_106.JPEG	5	22	42	63
n02415577_348.JPEG	23	20	38	35
n02415577_182.JPEG	43	31	52	40
n02415577_439.JPEG	0	0	43	41
n02415577_305.JPEG	0	16	29	50
n02415577_23.JPEG	0	3	63	59
n02415577_468.JPEG	0	0	63	63
n02415577_294.JPEG	0	20	46	59
n02415577_86.JPEG	9	9	54	63
n02415577_408.JPEG	0	2	63	63
n02415577_398.JPEG	0	5	43	40
n02415577_110.JPEG	19	18	42	54
n02415577_407.JPEG	19	0	52	63
n02415577_338.JPEG	12	7	63	63
n02415577_336.JPEG	16	12	40	41
n02415577_126.JPEG	0	3	63	63
n02415577_185.JPEG	1	16	63	63
n02415577_41.JPEG	12	0	51	61
n02415577_46.JPEG	0	10	63	63
n02415577_219.JPEG	18	14	41	55
n02415577_487.JPEG	9	13	50	63
n02415577_301.JPEG	4	10	46	60
n02415577_132.JPEG	26	28	43	43
n02415577_119.JPEG	5	3	63	63
n02415577_372.JPEG	26	28	37	41
n02415577_466.JPEG	25	33	33	45
n02415577_20.JPEG	1	0	57	63
n02415577_317.JPEG	0	10	45	49
n02415577_71.JPEG	15	12	63	51
n02415577_339.JPEG	0	14	62	61
n02415577_340.JPEG	42	30	63	55
n02415577_458.JPEG	3	11	63	59
n02415577_280.JPEG	1	10	48	54
n02415577_22.JPEG	0	11	58	60
n02415577_370.JPEG	17	7	50	63
n02415577_427.JPEG	17	24	31	35
n02415577_139.JPEG	0	25	63	63
n02415577_361.JPEG	0	1	63	63
n02415577_299.JPEG	16	23	63	63
n02415577_181.JPEG	11	6	54	63
n02415577_498.JPEG	25	16	40	54
n02415577_206.JPEG	5	22	28	47
n02415577_414.JPEG	8	21	46	53
n02415577_92.JPEG	11	0	63	63
n02415577_428.JPEG	0	11	11	35
n02415577_254.JPEG	0	7	63	63
n02415577_401.JPEG	8	14	43	47
n02415577_365.JPEG	26	17	53	46
n02415577_385.JPEG	18	20	47	40
n02415577_241.JPEG	6	12	63	63
n02415577_135.JPEG	0	6	59	63
n02415577_327.JPEG	14	12	52	56
n02415577_480.JPEG	56	24	63	43
n02415577_99.JPEG	0	14	46	57
n02415577_235.JPEG	45	38	58	51
n02415577_18.JPEG	13	3	61	60
n02415577_87.JPEG	0	5	61	63
n02415577_12.JPEG	0	5	57	61
n02415577_432.JPEG	0	20	37	63
n02415577_459.JPEG	16	8	53	63
n02415577_57.JPEG	34	27	55	49
n02415577_260.JPEG	0	26	63	63
n02415577_495.JPEG	7	4	44	63
n02415577_238.JPEG	13	16	42	43
n02415577_422.JPEG	0	9	63	63
n02415577_499.JPEG	0	11	47	63
n02415577_54.JPEG	0	1	63	57
n02415577_180.JPEG	24	24	41	35
n02415577_13.JPEG	0	16	54	63
n02415577_6.JPEG	4	38	16	51
n02415577_43.JPEG	7	3	63	63
n02415577_494.JPEG	10	11	56	62
n02415577_335.JPEG	0	23	44	62
n02415577_324.JPEG	1	9	60	63
n02415577_245.JPEG	21	22	36	41
n02415577_230.JPEG	0	1	63	63
n02415577_281.JPEG	1	8	63	63
n02415577_24.JPEG	0	5	63	63
n02415577_11.JPEG	2	4	63	63
n02415577_197.JPEG	0	11	55	63
n02415577_411.JPEG	19	17	48	44
n02415577_251.JPEG	19	25	63	60
n02415577_29.JPEG	8	27	40	63
n02415577_173.JPEG	17	10	46	63
n02415577_113.JPEG	0	1	63	63
n02415577_262.JPEG	0	6	63	49
n02415577_240.JPEG	4	18	53	52
n02415577_155.JPEG	27	25	34	29
n02415577_387.JPEG	0	3	60	62
n02415577_234.JPEG	45	24	54	36
n02415577_127.JPEG	0	28	1	43
n02415577_392.JPEG	26	23	39	43
n02415577_425.JPEG	5	0	62	43
n02415577_138.JPEG	11	11	60	51
n02415577_485.JPEG	0	14	45	63
n02415577_105.JPEG	11	37	30	53
n02415577_124.JPEG	24	34	35	57
n02415577_204.JPEG	0	27	46	60
n02415577_117.JPEG	13	3	53	63
n02415577_307.JPEG	38	26	47	37
n02415577_249.JPEG	12	6	51	63
n02415577_286.JPEG	8	14	59	53
n02415577_306.JPEG	2	31	28	49
n02415577_59.JPEG	23	21	45	56
n02415577_252.JPEG	7	19	63	63
n02415577_153.JPEG	3	24	39	52
n02415577_334.JPEG	0	15	40	57
n02415577_332.JPEG	0	3	63	63
n02415577_320.JPEG	19	17	46	47
n02415577_115.JPEG	0	1	63	63
n02415577_284.JPEG	1	6	51	50
n02415577_330.JPEG	29	28	51	52
n02415577_357.JPEG	6	0	59	63
n02415577_479.JPEG	13	14	52	40
n02415577_274.JPEG	0	19	44	63
n02415577_364.JPEG	0	4	63	63
n02415577_316.JPEG	10	13	46	47
n02415577_32.JPEG	0	15	62	63
n02415577_394.JPEG	13	19	61	54
n02415577_265.JPEG	7	30	16	50
n02415577_362.JPEG	9	24	56	55
n02415577_489.JPEG	16	21	42	47
n02415577_496.JPEG	46	22	63	60
n02415577_310.JPEG	27	25	49	45
n02415577_315.JPEG	18	25	40	45
n02415577_25.JPEG	0	8	51	63
n02415577_239.JPEG	20	22	63	52
n02415577_297.JPEG	34	5	63	63
n02415577_358.JPEG	38	19	53	34
n02415577_168.JPEG	0	9	62	57
n02415577_136.JPEG	28	9	63	53
n02415577_61.JPEG	25	29	33	40
n02415577_171.JPEG	0	16	55	50
n02415577_158.JPEG	25	13	49	62
n02415577_355.JPEG	0	21	25	52
n02415577_396.JPEG	0	7	63	63
n02415577_172.JPEG	1	15	44	57
n02415577_253.JPEG	0	6	59	63
n02415577_435.JPEG	0	1	49	53
n02415577_69.JPEG	15	0	45	63
n02415577_378.JPEG	0	0	63	63
n02415577_490.JPEG	10	14	55	55
n02415577_123.JPEG	22	22	47	48
n02415577_73.JPEG	17	25	35	46
n02415577_313.JPEG	7	4	63	63
n02415577_194.JPEG	51	35	63	63
n02415577_213.JPEG	42	14	63	54
n02415577_91.JPEG	4	12	63	63
n02415577_156.JPEG	1	23	44	62
n02415577_488.JPEG	35	28	49	42
n02415577_95.JPEG	0	0	46	63
n02415577_363.JPEG	42	21	63	51
n02415577_343.JPEG	5	25	53	63
n02415577_457.JPEG	1	0	63	56
n02415577_434.JPEG	18	19	53	48
n02415577_102.JPEG	0	34	36	61
n02415577_415.JPEG	0	3	52	63
n02415577_221.JPEG	15	31	29	46
n02415577_44.JPEG	11	3	63	62
n02415577_208.JPEG	30	46	45	61
n02415577_195.JPEG	5	22	30	63
n02415577_210.JPEG	23	17	38	37
n02415577_205.JPEG	0	6	63	63
n02415577_393.JPEG	43	16	56	28
n02415577_481.JPEG	18	14	36	45
n02415577_373.JPEG	6	5	57	63
n02415577_236.JPEG	0	14	59	63
n02415577_93.JPEG	2	23	35	58
n02415577_291.JPEG	14	16	53	63
n02415577_154.JPEG	1	28	39	56
n02415577_328.JPEG	0	16	56	56
n02415577_76.JPEG	16	18	43	45
n02415577_329.JPEG	4	26	38	46
n02415577_430.JPEG	21	29	49	57
n02415577_257.JPEG	35	26	50	58
n02415577_268.JPEG	0	4	63	63
n02415577_75.JPEG	45	36	63	63
n02415577_255.JPEG	24	18	38	35
n02415577_27.JPEG	37	30	52	43
n02415577_483.JPEG	15	25	48	63
n02415577_220.JPEG	37	26	59	44
n02415577_137.JPEG	0	4	58	63
n02415577_149.JPEG	0	6	62	63
n02415577_96.JPEG	18	26	39	47
n02415577_395.JPEG	51	31	62	45
n02415577_438.JPEG	17	2	63	58
n02415577_177.JPEG	25	16	63	63
n02415577_261.JPEG	46	20	63	47
n02415577_293.JPEG	6	0	60	63
n02415577_145.JPEG	8	8	35	50
n02415577_191.JPEG	0	7	63	63
n02415577_456.JPEG	6	21	29	63
n02415577_342.JPEG	14	30	54	62
n02415577_296.JPEG	0	3	63	63
n02415577_287.JPEG	1	4	63	63
n02415577_277.JPEG	25	24	49	51
n02415577_292.JPEG	8	0	63	63
n02415577_445.JPEG	7	7	59	63
n02415577_464.JPEG	14	27	53	61
n02415577_247.JPEG	23	13	33	32
n02415577_131.JPEG	7	18	38	63
n02415577_120.JPEG	24	18	42	61
n02415577_303.JPEG	13	9	63	48
n02415577_492.JPEG	0	0	63	63
n02415577_178.JPEG	27	18	62	47
n02415577_321.JPEG	1	10	63	57
n02415577_21.JPEG	5	0	63	63
n02415577_212.JPEG	0	3	62	63
n02415577_288.JPEG	18	13	47	43
n02415577_322.JPEG	21	7	56	43
n02415577_461.JPEG	14	11	63	46
n02415577_174.JPEG	49	17	63	46
n02415577_384.JPEG	10	3	63	63
n02415577_107.JPEG	22	21	61	63
n02415577_4.JPEG	0	12	43	50
n02415577_227.JPEG	4	0	63	63
n02415577_429.JPEG	5	10	53	61
n02415577_285.JPEG	8	11	49	57
n02415577_256.JPEG	10	12	50	59
n02415577_366.JPEG	0	13	63	55
n02415577_486.JPEG	12	10	63	63
n02415577_375.JPEG	0	8	63	63
n02415577_1.JPEG	18	4	63	60
n02415577_101.JPEG	2	22	24	41
n02415577_441.JPEG	14	14	63	63
n02415577_201.JPEG	0	6	63	63
n02415577_45.JPEG	0	12	63	51
n02415577_406.JPEG	22	6	56	52
n02415577_133.JPEG	0	16	46	52
n02415577_161.JPEG	29	23	37	32
n02415577_10.JPEG	27	27	63	60
n02415577_38.JPEG	0	10	50	49
n02415577_244.JPEG	0	9	49	63
n02415577_207.JPEG	7	13	63	54
n02415577_421.JPEG	21	18	46	46
n02415577_77.JPEG	17	13	63	54
n02415577_424.JPEG	11	10	49	63
n02415577_460.JPEG	2	9	63	63
n02415577_176.JPEG	32	34	37	39
n02415577_66.JPEG	29	10	63	63
n02415577_114.JPEG	0	0	63	63
n02415577_228.JPEG	22	30	33	45
n02415577_436.JPEG	4	5	63	63
n02415577_250.JPEG	1	0	63	63
n02415577_0.JPEG	3	0	62	56
n02415577_300.JPEG	30	26	63	57
n02415577_417.JPEG	46	26	58	40
n02415577_134.JPEG	0	4	63	63
n02415577_491.JPEG	0	3	41	63
n02415577_272.JPEG	32	13	63	63
n02415577_353.JPEG	17	23	48	63
val_434.JPEG	4	24	59	63
val_8512.JPEG	0	39	18	63
val_1023.JPEG	10	5	55	46
val_7971.JPEG	0	3	63	63
val_5365.JPEG	5	9	46	60
val_3483.JPEG	54	17	63	57
val_9346.JPEG	22	11	54	60
val_156.JPEG	8	10	50	54
val_2643.JPEG	0	2	63	63
val_1455.JPEG	6	7	58	59
val_5947.JPEG	21	17	48	54
val_5165.JPEG	0	21	29	49
val_2813.JPEG	7	12	29	43
val_4341.JPEG	25	18	50	48
val_9719.JPEG	0	26	63	63
val_5299.JPEG	0	12	63	63
val_996.JPEG	32	29	41	38
val_6141.JPEG	21	7	63	63
val_4975.JPEG	24	27	39	38
val_4509.JPEG	25	23	47	39
val_3876.JPEG	37	22	63	55
val_3500.JPEG	0	1	63	63
val_3009.JPEG	0	36	19	63
val_4568.JPEG	2	5	63	63
val_6204.JPEG	12	40	42	63
val_7380.JPEG	18	0	56	63
val_8993.JPEG	16	25	59	52
val_3518.JPEG	36	22	63	56
val_7551.JPEG	16	25	41	44
val_5572.JPEG	0	10	63	63
val_940.JPEG	3	31	54	63
val_1010.JPEG	0	11	42	63
val_8091.JPEG	0	21	63	63
val_4620.JPEG	12	12	43	60
val_6966.JPEG	10	14	50	59
