n01774750_318.JPEG	2	14	52	31
n01774750_75.JPEG	8	7	44	53
n01774750_12.JPEG	0	1	63	63
n01774750_42.JPEG	0	20	63	53
n01774750_384.JPEG	0	0	63	63
n01774750_484.JPEG	0	5	63	59
n01774750_64.JPEG	5	1	63	61
n01774750_168.JPEG	0	6	63	59
n01774750_405.JPEG	2	11	61	58
n01774750_143.JPEG	19	40	42	57
n01774750_489.JPEG	3	8	63	59
n01774750_431.JPEG	0	0	63	63
n01774750_113.JPEG	15	18	63	40
n01774750_358.JPEG	5	11	56	60
n01774750_410.JPEG	0	14	63	63
n01774750_31.JPEG	2	1	63	63
n01774750_279.JPEG	0	6	63	62
n01774750_445.JPEG	0	2	63	61
n01774750_259.JPEG	45	34	62	45
n01774750_290.JPEG	1	0	63	63
n01774750_114.JPEG	35	16	63	56
n01774750_36.JPEG	0	8	63	63
n01774750_14.JPEG	0	2	63	63
n01774750_250.JPEG	19	5	54	32
n01774750_406.JPEG	0	7	63	63
n01774750_180.JPEG	0	5	56	57
n01774750_174.JPEG	0	13	63	58
n01774750_330.JPEG	0	10	63	63
n01774750_21.JPEG	7	18	58	61
n01774750_426.JPEG	8	6	60	47
n01774750_497.JPEG	2	13	54	45
n01774750_4.JPEG	0	2	63	63
n01774750_147.JPEG	31	0	63	36
n01774750_160.JPEG	0	1	63	63
n01774750_85.JPEG	22	17	56	52
n01774750_47.JPEG	0	1	63	63
n01774750_466.JPEG	7	25	21	35
n01774750_346.JPEG	0	1	63	62
n01774750_311.JPEG	0	5	41	45
n01774750_333.JPEG	0	2	63	63
n01774750_440.JPEG	3	9	62	58
n01774750_499.JPEG	10	1	63	58
n01774750_487.JPEG	0	0	63	63
n01774750_238.JPEG	27	42	54	63
n01774750_267.JPEG	10	1	63	63
n01774750_412.JPEG	5	2	61	63
n01774750_254.JPEG	12	0	55	63
n01774750_87.JPEG	0	6	63	62
n01774750_462.JPEG	1	1	61	63
n01774750_8.JPEG	10	23	63	63
n01774750_270.JPEG	29	27	40	39
n01774750_273.JPEG	0	3	63	57
n01774750_340.JPEG	19	14	33	38
n01774750_491.JPEG	5	16	59	47
n01774750_390.JPEG	0	7	63	63
n01774750_205.JPEG	0	3	63	63
n01774750_343.JPEG	5	4	63	63
n01774750_62.JPEG	2	1	61	61
n01774750_56.JPEG	6	8	63	63
n01774750_76.JPEG	19	15	63	55
n01774750_175.JPEG	0	10	63	60
n01774750_249.JPEG	0	2	63	63
n01774750_379.JPEG	12	1	62	63
n01774750_284.JPEG	0	4	63	62
n01774750_388.JPEG	0	1	63	63
n01774750_89.JPEG	0	5	63	62
n01774750_490.JPEG	0	11	63	57
n01774750_130.JPEG	17	14	63	52
n01774750_288.JPEG	0	0	63	63
n01774750_129.JPEG	13	17	57	47
n01774750_74.JPEG	0	2	63	60
n01774750_11.JPEG	18	11	49	56
n01774750_93.JPEG	0	0	63	63
n01774750_124.JPEG	0	18	60	59
n01774750_419.JPEG	8	2	55	62
n01774750_478.JPEG	0	1	47	37
n01774750_112.JPEG	5	0	63	63
n01774750_60.JPEG	0	2	63	63
n01774750_321.JPEG	9	0	59	63
n01774750_455.JPEG	0	10	61	63
n01774750_227.JPEG	0	0	63	63
n01774750_163.JPEG	6	9	58	60
n01774750_262.JPEG	0	6	63	63
n01774750_429.JPEG	12	22	53	51
n01774750_317.JPEG	0	1	53	56
n01774750_251.JPEG	0	1	35	63
n01774750_107.JPEG	0	7	63	61
n01774750_18.JPEG	0	9	61	56
n01774750_382.JPEG	0	4	63	63
n01774750_414.JPEG	8	0	52	63
n01774750_376.JPEG	0	11	31	62
n01774750_2.JPEG	13	13	52	41
n01774750_98.JPEG	25	16	60	47
n01774750_125.JPEG	38	1	63	45
n01774750_319.JPEG	21	4	63	59
n01774750_360.JPEG	6	0	63	63
n01774750_294.JPEG	3	0	63	63
n01774750_399.JPEG	0	0	63	63
n01774750_46.JPEG	0	3	63	63
n01774750_465.JPEG	0	0	63	63
n01774750_197.JPEG	25	14	51	54
n01774750_492.JPEG	0	5	63	60
n01774750_416.JPEG	8	3	46	48
n01774750_425.JPEG	8	3	63	63
n01774750_110.JPEG	5	36	45	63
n01774750_411.JPEG	0	0	63	63
n01774750_292.JPEG	30	20	54	42
n01774750_25.JPEG	19	1	63	58
n01774750_73.JPEG	6	6	59	61
n01774750_231.JPEG	9	12	61	63
n01774750_339.JPEG	0	2	63	62
n01774750_63.JPEG	0	8	62	62
n01774750_198.JPEG	16	23	55	46
n01774750_95.JPEG	0	11	63	63
n01774750_354.JPEG	7	10	54	56
n01774750_61.JPEG	0	11	63	63
n01774750_372.JPEG	8	22	63	52
n01774750_240.JPEG	1	6	55	62
n01774750_170.JPEG	0	1	63	63
n01774750_348.JPEG	0	1	63	63
n01774750_383.JPEG	0	0	32	22
n01774750_103.JPEG	0	5	63	63
n01774750_184.JPEG	3	7	60	50
n01774750_70.JPEG	0	49	48	63
n01774750_51.JPEG	0	0	63	63
n01774750_427.JPEG	17	13	54	46
n01774750_146.JPEG	2	10	57	60
n01774750_219.JPEG	23	13	53	41
n01774750_357.JPEG	7	2	63	61
n01774750_389.JPEG	13	4	58	62
n01774750_193.JPEG	0	0	63	63
n01774750_137.JPEG	0	1	63	63
n01774750_214.JPEG	10	10	55	63
n01774750_454.JPEG	14	15	55	42
n01774750_230.JPEG	0	0	63	62
n01774750_86.JPEG	0	1	60	63
n01774750_24.JPEG	19	17	48	46
n01774750_289.JPEG	19	16	45	46
n01774750_222.JPEG	3	36	16	45
n01774750_215.JPEG	2	7	63	60
n01774750_105.JPEG	21	17	49	44
n01774750_135.JPEG	0	0	63	63
n01774750_380.JPEG	14	6	59	61
n01774750_119.JPEG	13	9	49	63
n01774750_131.JPEG	0	9	63	63
n01774750_323.JPEG	6	11	63	63
n01774750_456.JPEG	10	13	63	51
n01774750_334.JPEG	4	11	63	63
n01774750_158.JPEG	0	6	63	59
n01774750_361.JPEG	18	30	56	63
n01774750_213.JPEG	3	14	53	53
n01774750_378.JPEG	0	7	63	56
n01774750_428.JPEG	0	4	63	63
n01774750_486.JPEG	1	6	63	58
n01774750_67.JPEG	4	18	63	55
n01774750_151.JPEG	0	0	63	63
n01774750_3.JPEG	0	1	63	63
n01774750_396.JPEG	20	1	63	63
n01774750_285.JPEG	2	16	63	54
n01774750_118.JPEG	18	3	59	58
n01774750_422.JPEG	6	22	60	51
n01774750_351.JPEG	0	14	40	53
n01774750_81.JPEG	0	7	63	63
n01774750_244.JPEG	0	1	63	63
n01774750_482.JPEG	0	0	63	63
n01774750_450.JPEG	0	12	63	56
n01774750_116.JPEG	3	7	33	33
n01774750_265.JPEG	0	2	48	63
n01774750_106.JPEG	0	1	63	63
n01774750_297.JPEG	0	8	60	49
n01774750_258.JPEG	0	3	63	60
n01774750_316.JPEG	0	14	63	60
n01774750_366.JPEG	11	22	49	60
n01774750_385.JPEG	24	11	54	51
n01774750_83.JPEG	12	1	55	62
n01774750_92.JPEG	0	1	63	63
n01774750_217.JPEG	0	7	63	60
n01774750_407.JPEG	11	4	58	56
n01774750_189.JPEG	3	7	57	62
n01774750_467.JPEG	8	27	40	48
n01774750_437.JPEG	0	9	63	60
n01774750_337.JPEG	0	0	63	63
n01774750_328.JPEG	9	18	47	54
n01774750_274.JPEG	0	7	62	63
n01774750_309.JPEG	3	14	63	49
n01774750_210.JPEG	0	10	63	56
n01774750_55.JPEG	10	10	59	55
n01774750_5.JPEG	4	8	53	56
n01774750_34.JPEG	17	14	50	44
n01774750_115.JPEG	0	1	46	38
n01774750_350.JPEG	0	1	63	63
n01774750_468.JPEG	0	0	63	63
n01774750_403.JPEG	15	15	48	57
n01774750_397.JPEG	9	7	59	59
n01774750_191.JPEG	0	15	56	58
n01774750_53.JPEG	7	0	62	51
n01774750_182.JPEG	8	4	59	61
n01774750_69.JPEG	1	0	59	63
n01774750_449.JPEG	0	2	63	63
n01774750_347.JPEG	0	0	63	63
n01774750_229.JPEG	0	0	63	63
n01774750_35.JPEG	0	15	63	59
n01774750_173.JPEG	0	2	63	63
n01774750_128.JPEG	14	17	63	57
n01774750_218.JPEG	7	20	59	47
n01774750_291.JPEG	6	3	57	60
n01774750_176.JPEG	0	9	63	63
n01774750_185.JPEG	0	3	63	61
n01774750_387.JPEG	0	0	63	63
n01774750_325.JPEG	23	17	46	50
n01774750_394.JPEG	4	0	62	63
n01774750_153.JPEG	0	17	62	56
n01774750_162.JPEG	0	0	63	63
n01774750_469.JPEG	0	4	54	57
n01774750_223.JPEG	14	2	49	63
n01774750_79.JPEG	2	8	53	63
n01774750_322.JPEG	14	10	39	36
n01774750_108.JPEG	6	3	54	61
n01774750_464.JPEG	6	4	45	63
n01774750_148.JPEG	0	0	63	63
n01774750_353.JPEG	10	22	54	46
n01774750_167.JPEG	0	4	63	63
n01774750_201.JPEG	3	3	63	63
n01774750_458.JPEG	0	22	56	63
n01774750_277.JPEG	43	31	62	45
n01774750_133.JPEG	11	18	57	40
n01774750_84.JPEG	0	0	63	63
n01774750_296.JPEG	22	27	51	43
n01774750_479.JPEG	17	12	53	47
n01774750_362.JPEG	19	0	54	60
n01774750_209.JPEG	1	0	62	56
n01774750_377.JPEG	0	0	63	63
n01774750_417.JPEG	4	10	60	63
n01774750_345.JPEG	0	3	60	61
n01774750_234.JPEG	8	8	53	56
n01774750_111.JPEG	0	0	63	63
n01774750_139.JPEG	0	28	41	63
n01774750_245.JPEG	5	0	63	63
n01774750_355.JPEG	36	11	63	55
n01774750_481.JPEG	0	1	63	63
n01774750_276.JPEG	6	24	52	51
n01774750_342.JPEG	1	20	63	63
n01774750_295.JPEG	7	0	53	63
n01774750_221.JPEG	0	8	57	47
n01774750_88.JPEG	4	4	54	62
n01774750_186.JPEG	15	19	49	54
n01774750_266.JPEG	5	11	63	63
n01774750_140.JPEG	22	1	46	49
n01774750_16.JPEG	0	1	60	63
n01774750_90.JPEG	4	11	57	51
n01774750_220.JPEG	7	8	50	50
n01774750_331.JPEG	0	16	63	63
n01774750_171.JPEG	35	25	47	40
n01774750_138.JPEG	10	15	54	55
n01774750_391.JPEG	0	8	63	61
n01774750_241.JPEG	0	12	62	59
n01774750_235.JPEG	0	14	63	56
n01774750_237.JPEG	0	1	63	60
n01774750_257.JPEG	5	10	63	57
n01774750_363.JPEG	10	15	47	49
n01774750_126.JPEG	0	7	63	59
n01774750_207.JPEG	0	0	63	63
n01774750_157.JPEG	4	0	52	63
n01774750_232.JPEG	6	6	63	63
n01774750_32.JPEG	0	1	63	63
n01774750_457.JPEG	5	0	63	63
n01774750_181.JPEG	1	0	63	49
n01774750_408.JPEG	10	10	53	58
n01774750_20.JPEG	0	5	63	54
n01774750_26.JPEG	18	16	35	29
n01774750_301.JPEG	0	1	63	63
n01774750_308.JPEG	18	12	48	53
n01774750_94.JPEG	35	18	61	42
n01774750_28.JPEG	0	5	63	61
n01774750_298.JPEG	11	32	55	58
n01774750_164.JPEG	4	5	63	63
n01774750_37.JPEG	23	29	46	43
n01774750_208.JPEG	0	5	63	53
n01774750_392.JPEG	4	25	56	46
n01774750_264.JPEG	0	11	60	62
n01774750_65.JPEG	0	1	63	59
n01774750_485.JPEG	11	20	44	50
n01774750_364.JPEG	6	18	60	56
n01774750_272.JPEG	0	9	63	59
n01774750_183.JPEG	22	18	49	45
n01774750_77.JPEG	0	9	63	63
n01774750_225.JPEG	0	16	25	56
n01774750_461.JPEG	11	6	63	61
n01774750_451.JPEG	0	1	63	63
n01774750_127.JPEG	0	1	54	63
n01774750_96.JPEG	1	15	62	59
n01774750_386.JPEG	4	11	54	60
n01774750_134.JPEG	0	1	63	63
n01774750_224.JPEG	0	6	63	59
n01774750_216.JPEG	0	3	63	62
n01774750_460.JPEG	0	3	63	61
n01774750_404.JPEG	0	0	63	63
n01774750_314.JPEG	1	6	63	63
n01774750_441.JPEG	7	6	58	58
n01774750_282.JPEG	9	3	56	63
n01774750_365.JPEG	4	11	42	63
n01774750_312.JPEG	9	21	60	48
n01774750_91.JPEG	3	3	59	54
n01774750_420.JPEG	22	14	55	53
n01774750_243.JPEG	0	8	63	63
n01774750_432.JPEG	0	4	63	63
n01774750_178.JPEG	0	14	63	62
n01774750_239.JPEG	3	4	63	60
n01774750_307.JPEG	0	5	53	46
n01774750_320.JPEG	0	6	63	63
n01774750_283.JPEG	10	16	57	54
n01774750_49.JPEG	0	8	63	63
n01774750_310.JPEG	2	2	62	60
n01774750_332.JPEG	27	13	51	40
n01774750_255.JPEG	9	22	45	46
n01774750_80.JPEG	0	3	63	62
n01774750_52.JPEG	0	7	63	58
n01774750_302.JPEG	19	22	42	41
n01774750_190.JPEG	12	17	62	53
n01774750_242.JPEG	0	1	63	63
n01774750_10.JPEG	12	28	52	51
n01774750_82.JPEG	0	7	61	63
n01774750_409.JPEG	12	5	63	62
n01774750_375.JPEG	0	3	63	59
n01774750_488.JPEG	0	11	63	63
n01774750_472.JPEG	0	16	30	36
n01774750_199.JPEG	0	1	63	63
n01774750_19.JPEG	3	6	63	63
n01774750_448.JPEG	0	7	63	57
n01774750_494.JPEG	0	10	63	60
n01774750_59.JPEG	10	13	56	55
n01774750_152.JPEG	21	16	63	54
n01774750_120.JPEG	12	20	55	56
n01774750_252.JPEG	18	5	52	56
n01774750_99.JPEG	0	2	63	63
n01774750_278.JPEG	10	5	55	60
n01774750_7.JPEG	0	11	61	58
n01774750_483.JPEG	2	2	61	63
n01774750_48.JPEG	11	4	55	57
n01774750_169.JPEG	6	5	63	62
n01774750_233.JPEG	0	8	63	58
n01774750_256.JPEG	0	9	63	63
n01774750_161.JPEG	33	14	63	59
n01774750_211.JPEG	7	0	63	63
n01774750_196.JPEG	0	2	63	63
n01774750_58.JPEG	1	4	60	63
n01774750_104.JPEG	1	8	63	63
n01774750_29.JPEG	4	21	63	62
n01774750_263.JPEG	7	11	50	57
n01774750_315.JPEG	8	29	24	41
val_2641.JPEG	1	3	63	59
val_4348.JPEG	0	15	63	55
val_6375.JPEG	2	16	48	63
val_9587.JPEG	3	0	63	39
val_844.JPEG	29	16	44	44
val_2585.JPEG	0	0	63	63
val_1344.JPEG	0	0	63	63
val_8089.JPEG	1	0	63	63
val_4267.JPEG	17	25	47	54
val_1127.JPEG	13	6	63	57
val_868.JPEG	11	23	62	62
val_7853.JPEG	8	24	60	61
val_9124.JPEG	5	0	59	63
val_343.JPEG	1	22	63	59
val_372.JPEG	25	29	40	36
val_1661.JPEG	5	21	63	62
val_7753.JPEG	0	32	25	60
val_9327.JPEG	6	30	52	63
val_5839.JPEG	0	20	55	63
val_891.JPEG	0	1	63	63
val_5510.JPEG	0	1	63	63
val_3815.JPEG	4	24	57	49
val_2719.JPEG	0	1	63	63
val_50.JPEG	0	12	63	51
val_7336.JPEG	14	8	56	49
val_3300.JPEG	0	10	63	52
val_399.JPEG	19	32	41	63
val_8896.JPEG	4	1	63	63
val_7692.JPEG	4	0	62	59
val_5988.JPEG	2	7	56	63
val_205.JPEG	12	1	57	63
val_9319.JPEG	9	11	57	52
val_6971.JPEG	5	16	57	48
val_4786.JPEG	0	10	63	58
val_2314.JPEG	2	0	63	63
