n02094433_151.JPEG	7	0	58	63
n02094433_260.JPEG	27	14	52	41
n02094433_328.JPEG	19	37	46	63
n02094433_24.JPEG	9	15	55	63
n02094433_223.JPEG	7	0	63	63
n02094433_227.JPEG	4	13	58	54
n02094433_449.JPEG	3	0	62	63
n02094433_13.JPEG	0	10	63	57
n02094433_357.JPEG	2	2	57	61
n02094433_423.JPEG	6	2	53	56
n02094433_130.JPEG	3	0	63	63
n02094433_483.JPEG	28	17	41	29
n02094433_329.JPEG	1	0	63	63
n02094433_313.JPEG	0	0	55	63
n02094433_68.JPEG	1	0	63	63
n02094433_25.JPEG	24	2	59	55
n02094433_6.JPEG	7	6	63	63
n02094433_285.JPEG	3	16	24	63
n02094433_472.JPEG	5	1	63	63
n02094433_393.JPEG	13	9	42	57
n02094433_32.JPEG	19	20	48	63
n02094433_351.JPEG	7	17	55	63
n02094433_62.JPEG	1	4	49	45
n02094433_471.JPEG	10	11	63	63
n02094433_232.JPEG	5	9	59	59
n02094433_31.JPEG	5	4	63	63
n02094433_443.JPEG	33	5	43	19
n02094433_143.JPEG	0	0	41	48
n02094433_369.JPEG	3	0	58	63
n02094433_425.JPEG	35	3	58	38
n02094433_26.JPEG	20	1	63	45
n02094433_304.JPEG	0	0	63	63
n02094433_208.JPEG	11	6	52	58
n02094433_98.JPEG	15	3	55	59
n02094433_4.JPEG	13	3	47	51
n02094433_249.JPEG	33	16	54	39
n02094433_322.JPEG	21	24	48	62
n02094433_135.JPEG	24	14	40	38
n02094433_141.JPEG	37	30	63	61
n02094433_250.JPEG	6	0	54	30
n02094433_207.JPEG	9	1	56	63
n02094433_180.JPEG	0	1	57	63
n02094433_89.JPEG	0	1	63	60
n02094433_198.JPEG	10	2	50	48
n02094433_354.JPEG	0	0	63	63
n02094433_262.JPEG	11	18	43	55
n02094433_258.JPEG	20	23	47	47
n02094433_395.JPEG	6	0	63	63
n02094433_234.JPEG	3	6	52	63
n02094433_67.JPEG	6	0	63	63
n02094433_96.JPEG	3	0	62	63
n02094433_29.JPEG	4	1	56	51
n02094433_91.JPEG	17	5	63	59
n02094433_64.JPEG	17	8	48	63
n02094433_458.JPEG	3	0	58	62
n02094433_172.JPEG	0	0	63	63
n02094433_73.JPEG	22	0	63	54
n02094433_490.JPEG	46	28	63	44
n02094433_147.JPEG	15	0	57	63
n02094433_19.JPEG	0	1	55	63
n02094433_72.JPEG	0	9	63	59
n02094433_263.JPEG	4	1	59	63
n02094433_242.JPEG	8	4	59	63
n02094433_43.JPEG	28	6	58	52
n02094433_289.JPEG	0	4	62	63
n02094433_8.JPEG	15	4	62	62
n02094433_314.JPEG	6	1	61	63
n02094433_277.JPEG	0	22	36	49
n02094433_167.JPEG	9	0	63	63
n02094433_161.JPEG	17	1	63	63
n02094433_459.JPEG	0	7	30	58
n02094433_77.JPEG	0	2	63	63
n02094433_390.JPEG	14	3	61	63
n02094433_372.JPEG	13	2	58	63
n02094433_175.JPEG	13	9	63	57
n02094433_379.JPEG	0	0	54	63
n02094433_117.JPEG	31	9	63	63
n02094433_274.JPEG	7	12	63	58
n02094433_124.JPEG	1	0	54	63
n02094433_171.JPEG	1	0	50	63
n02094433_61.JPEG	5	16	63	62
n02094433_441.JPEG	3	3	63	62
n02094433_360.JPEG	51	5	63	63
n02094433_327.JPEG	20	8	46	51
n02094433_370.JPEG	16	25	42	45
n02094433_144.JPEG	13	0	63	63
n02094433_295.JPEG	3	9	58	63
n02094433_373.JPEG	0	0	63	63
n02094433_12.JPEG	0	0	58	63
n02094433_101.JPEG	0	9	35	55
n02094433_139.JPEG	0	0	63	63
n02094433_440.JPEG	1	0	63	63
n02094433_218.JPEG	17	25	45	63
n02094433_243.JPEG	13	5	55	48
n02094433_473.JPEG	9	0	58	63
n02094433_46.JPEG	23	0	57	51
n02094433_129.JPEG	15	2	63	60
n02094433_394.JPEG	44	32	63	63
n02094433_494.JPEG	7	11	60	61
n02094433_5.JPEG	0	1	63	63
n02094433_94.JPEG	4	34	24	62
n02094433_433.JPEG	0	0	63	63
n02094433_302.JPEG	13	21	63	62
n02094433_375.JPEG	15	5	63	63
n02094433_121.JPEG	0	14	42	63
n02094433_106.JPEG	17	1	56	63
n02094433_199.JPEG	21	21	45	58
n02094433_387.JPEG	1	2	63	63
n02094433_401.JPEG	2	1	63	53
n02094433_246.JPEG	1	15	44	63
n02094433_374.JPEG	4	1	45	47
n02094433_466.JPEG	5	0	59	63
n02094433_469.JPEG	9	12	51	52
n02094433_389.JPEG	7	10	38	62
n02094433_103.JPEG	8	1	63	63
n02094433_492.JPEG	9	0	55	63
n02094433_290.JPEG	6	8	53	56
n02094433_131.JPEG	0	5	39	55
n02094433_152.JPEG	13	1	63	63
n02094433_371.JPEG	12	4	51	53
n02094433_114.JPEG	4	0	60	63
n02094433_221.JPEG	0	0	63	63
n02094433_134.JPEG	25	20	63	55
n02094433_489.JPEG	22	6	63	52
n02094433_193.JPEG	16	4	62	63
n02094433_383.JPEG	20	8	63	63
n02094433_405.JPEG	4	0	60	63
n02094433_128.JPEG	0	1	63	63
n02094433_280.JPEG	0	1	63	63
n02094433_296.JPEG	27	1	53	35
n02094433_409.JPEG	0	8	63	50
n02094433_363.JPEG	21	15	43	54
n02094433_268.JPEG	16	7	63	55
n02094433_49.JPEG	12	1	48	63
n02094433_391.JPEG	0	1	63	63
n02094433_402.JPEG	6	12	61	43
n02094433_164.JPEG	0	1	50	63
n02094433_183.JPEG	0	1	63	60
n02094433_145.JPEG	0	1	61	63
n02094433_444.JPEG	7	1	54	60
n02094433_184.JPEG	0	2	63	61
n02094433_82.JPEG	0	1	63	63
n02094433_282.JPEG	12	7	63	63
n02094433_248.JPEG	8	5	62	61
n02094433_107.JPEG	12	15	35	51
n02094433_224.JPEG	16	14	45	53
n02094433_229.JPEG	0	0	47	63
n02094433_71.JPEG	6	0	55	63
n02094433_45.JPEG	0	8	53	48
n02094433_278.JPEG	0	0	63	63
n02094433_461.JPEG	39	0	63	51
n02094433_325.JPEG	16	18	48	57
n02094433_408.JPEG	20	12	54	50
n02094433_133.JPEG	0	0	63	63
n02094433_163.JPEG	1	0	54	63
n02094433_447.JPEG	0	2	63	63
n02094433_105.JPEG	3	4	58	63
n02094433_169.JPEG	0	2	63	63
n02094433_353.JPEG	12	11	39	50
n02094433_201.JPEG	12	0	43	36
n02094433_450.JPEG	0	1	63	59
n02094433_358.JPEG	0	0	63	63
n02094433_39.JPEG	0	3	63	56
n02094433_21.JPEG	26	11	63	51
n02094433_434.JPEG	7	1	63	63
n02094433_153.JPEG	0	1	63	63
n02094433_187.JPEG	14	0	62	63
n02094433_349.JPEG	22	0	63	63
n02094433_426.JPEG	0	1	63	61
n02094433_149.JPEG	28	19	63	60
n02094433_33.JPEG	5	1	62	62
n02094433_499.JPEG	37	27	63	63
n02094433_484.JPEG	10	0	54	63
n02094433_157.JPEG	0	0	63	63
n02094433_76.JPEG	1	7	63	60
n02094433_334.JPEG	0	8	63	56
n02094433_38.JPEG	5	9	63	63
n02094433_56.JPEG	9	0	59	63
n02094433_326.JPEG	22	10	35	26
n02094433_118.JPEG	0	0	63	63
n02094433_338.JPEG	37	11	63	63
n02094433_421.JPEG	10	0	54	63
n02094433_58.JPEG	12	5	52	62
n02094433_455.JPEG	16	7	63	57
n02094433_457.JPEG	4	0	63	56
n02094433_384.JPEG	2	1	63	63
n02094433_214.JPEG	7	8	62	53
n02094433_348.JPEG	15	13	43	62
n02094433_286.JPEG	0	0	63	63
n02094433_309.JPEG	3	0	52	63
n02094433_438.JPEG	2	13	63	61
n02094433_196.JPEG	0	1	63	63
n02094433_194.JPEG	0	5	63	63
n02094433_413.JPEG	34	6	63	53
n02094433_343.JPEG	19	12	47	54
n02094433_3.JPEG	3	4	63	63
n02094433_140.JPEG	19	15	63	63
n02094433_475.JPEG	10	0	63	63
n02094433_173.JPEG	0	0	63	57
n02094433_378.JPEG	1	0	59	63
n02094433_367.JPEG	12	10	49	63
n02094433_84.JPEG	0	2	63	63
n02094433_342.JPEG	10	16	61	59
n02094433_318.JPEG	20	3	63	62
n02094433_142.JPEG	0	9	28	51
n02094433_399.JPEG	5	12	56	60
n02094433_150.JPEG	0	0	20	63
n02094433_15.JPEG	11	4	50	63
n02094433_52.JPEG	0	0	63	63
n02094433_359.JPEG	0	1	63	63
n02094433_212.JPEG	7	0	53	63
n02094433_60.JPEG	1	0	63	63
n02094433_362.JPEG	0	0	55	63
n02094433_392.JPEG	0	4	63	63
n02094433_491.JPEG	14	0	51	63
n02094433_36.JPEG	29	21	58	63
n02094433_454.JPEG	10	1	56	63
n02094433_418.JPEG	3	6	63	60
n02094433_202.JPEG	25	9	56	58
n02094433_20.JPEG	5	14	44	63
n02094433_264.JPEG	8	4	61	60
n02094433_301.JPEG	14	0	62	63
n02094433_253.JPEG	0	5	63	58
n02094433_217.JPEG	9	9	63	63
n02094433_17.JPEG	1	0	63	63
n02094433_136.JPEG	38	26	51	45
n02094433_300.JPEG	10	0	57	63
n02094433_476.JPEG	11	2	56	63
n02094433_291.JPEG	29	14	63	63
n02094433_495.JPEG	8	8	48	51
n02094433_381.JPEG	0	1	30	63
n02094433_470.JPEG	1	31	30	63
n02094433_465.JPEG	17	1	63	62
n02094433_439.JPEG	39	5	60	43
n02094433_321.JPEG	9	3	57	55
n02094433_347.JPEG	0	0	63	63
n02094433_279.JPEG	0	2	61	56
n02094433_486.JPEG	0	0	63	63
n02094433_380.JPEG	0	4	63	63
n02094433_417.JPEG	9	9	63	63
n02094433_464.JPEG	0	0	63	63
n02094433_436.JPEG	0	27	30	51
n02094433_108.JPEG	3	0	57	63
n02094433_178.JPEG	11	0	49	63
n02094433_288.JPEG	0	16	31	62
n02094433_385.JPEG	0	6	63	60
n02094433_57.JPEG	4	0	61	63
n02094433_37.JPEG	2	0	58	63
n02094433_137.JPEG	5	4	54	63
n02094433_330.JPEG	0	1	63	63
n02094433_416.JPEG	37	2	63	60
n02094433_16.JPEG	0	0	63	63
n02094433_306.JPEG	2	7	63	61
n02094433_97.JPEG	11	4	62	63
n02094433_368.JPEG	17	3	56	60
n02094433_316.JPEG	4	2	57	59
n02094433_51.JPEG	5	4	62	63
n02094433_432.JPEG	0	1	62	63
n02094433_259.JPEG	23	7	62	63
n02094433_203.JPEG	13	9	56	58
n02094433_252.JPEG	11	3	63	61
n02094433_170.JPEG	0	1	63	63
n02094433_337.JPEG	18	19	49	52
n02094433_493.JPEG	1	0	63	63
n02094433_34.JPEG	15	18	43	63
n02094433_230.JPEG	0	5	63	46
n02094433_254.JPEG	8	1	63	42
n02094433_54.JPEG	3	12	45	40
n02094433_283.JPEG	24	18	52	63
n02094433_85.JPEG	10	5	50	51
n02094433_148.JPEG	0	1	50	41
n02094433_422.JPEG	0	0	60	63
n02094433_127.JPEG	0	12	63	63
n02094433_110.JPEG	0	1	63	63
n02094433_191.JPEG	11	0	57	63
n02094433_344.JPEG	1	0	63	63
n02094433_256.JPEG	10	18	45	54
n02094433_415.JPEG	15	14	51	51
n02094433_90.JPEG	0	2	49	63
n02094433_30.JPEG	0	3	63	63
n02094433_292.JPEG	0	9	46	61
n02094433_428.JPEG	11	4	63	63
n02094433_478.JPEG	0	0	63	63
n02094433_398.JPEG	24	16	43	50
n02094433_305.JPEG	6	4	54	62
n02094433_122.JPEG	8	7	63	57
n02094433_225.JPEG	3	0	63	63
n02094433_266.JPEG	18	10	63	63
n02094433_204.JPEG	17	4	63	63
n02094433_126.JPEG	0	13	44	55
n02094433_55.JPEG	16	6	56	63
n02094433_467.JPEG	6	28	37	63
n02094433_445.JPEG	42	29	63	62
n02094433_81.JPEG	0	1	53	63
n02094433_115.JPEG	16	10	53	58
n02094433_281.JPEG	26	17	45	40
n02094433_293.JPEG	5	5	46	40
n02094433_239.JPEG	0	0	51	63
n02094433_35.JPEG	5	0	63	63
n02094433_498.JPEG	26	10	59	49
n02094433_41.JPEG	10	0	54	59
n02094433_247.JPEG	1	2	63	62
n02094433_165.JPEG	0	0	63	63
n02094433_419.JPEG	0	0	63	63
n02094433_95.JPEG	0	0	59	63
n02094433_195.JPEG	6	2	51	45
n02094433_388.JPEG	6	4	63	63
n02094433_275.JPEG	0	0	63	63
n02094433_331.JPEG	29	10	62	63
n02094433_86.JPEG	10	0	63	63
n02094433_298.JPEG	1	0	63	63
n02094433_361.JPEG	21	13	55	43
n02094433_251.JPEG	12	0	63	63
n02094433_324.JPEG	8	16	30	54
n02094433_346.JPEG	2	0	63	63
n02094433_109.JPEG	12	9	54	56
n02094433_235.JPEG	1	0	60	63
n02094433_496.JPEG	0	17	63	63
n02094433_269.JPEG	0	24	33	63
n02094433_460.JPEG	9	0	63	63
n02094433_366.JPEG	0	8	37	51
n02094433_273.JPEG	0	0	63	63
n02094433_146.JPEG	27	11	44	40
n02094433_28.JPEG	9	0	63	63
n02094433_474.JPEG	1	2	63	63
n02094433_215.JPEG	7	25	46	54
n02094433_245.JPEG	10	5	58	50
n02094433_437.JPEG	16	6	58	63
n02094433_480.JPEG	2	10	60	62
n02094433_345.JPEG	2	0	61	63
n02094433_332.JPEG	0	15	22	45
n02094433_488.JPEG	14	36	43	63
n02094433_228.JPEG	1	10	38	43
n02094433_213.JPEG	15	11	45	62
n02094433_200.JPEG	0	12	34	61
n02094433_299.JPEG	6	0	58	63
n02094433_188.JPEG	0	1	63	61
n02094433_65.JPEG	30	16	58	63
n02094433_340.JPEG	9	7	58	63
n02094433_303.JPEG	0	23	38	57
n02094433_255.JPEG	33	11	63	45
n02094433_179.JPEG	0	5	50	63
n02094433_261.JPEG	3	0	63	43
n02094433_176.JPEG	0	3	63	55
n02094433_1.JPEG	0	10	45	62
n02094433_23.JPEG	0	9	63	61
n02094433_237.JPEG	20	18	51	57
n02094433_463.JPEG	42	21	63	52
n02094433_99.JPEG	1	16	28	54
n02094433_125.JPEG	10	12	54	63
val_4692.JPEG	0	0	63	63
val_9440.JPEG	0	0	63	60
val_2370.JPEG	17	12	52	61
val_97.JPEG	13	8	45	36
val_3114.JPEG	14	9	48	45
val_7544.JPEG	0	6	59	63
val_6757.JPEG	6	0	63	63
val_4788.JPEG	6	3	50	63
val_2634.JPEG	12	0	55	58
val_2772.JPEG	10	0	63	59
val_541.JPEG	4	3	61	63
val_4962.JPEG	0	26	36	59
val_7644.JPEG	0	3	63	55
val_8743.JPEG	13	10	58	63
val_2890.JPEG	17	33	60	63
val_1192.JPEG	9	1	61	63
val_7779.JPEG	4	0	63	63
val_1545.JPEG	5	0	63	63
val_5669.JPEG	0	3	63	56
val_3204.JPEG	0	0	63	63
val_6177.JPEG	18	8	48	58
val_3058.JPEG	0	0	60	57
val_2307.JPEG	0	0	63	63
val_2335.JPEG	1	0	63	63
val_3091.JPEG	14	0	63	63
val_7970.JPEG	2	10	46	53
val_2925.JPEG	0	2	63	63
val_29.JPEG	10	1	58	63
val_1886.JPEG	8	9	63	54
val_4524.JPEG	17	1	50	50
val_6462.JPEG	0	0	63	63
val_1311.JPEG	0	7	62	63
val_1557.JPEG	0	0	63	60
val_3163.JPEG	10	3	55	63
val_7476.JPEG	0	1	63	63
