n04275548_417.JPEG	1	0	63	63
n04275548_300.JPEG	1	0	63	63
n04275548_113.JPEG	0	1	63	63
n04275548_273.JPEG	0	1	63	63
n04275548_249.JPEG	0	1	63	63
n04275548_210.JPEG	5	0	63	63
n04275548_264.JPEG	0	0	42	63
n04275548_345.JPEG	0	1	63	63
n04275548_81.JPEG	0	1	63	63
n04275548_318.JPEG	9	0	54	63
n04275548_192.JPEG	0	1	63	59
n04275548_73.JPEG	0	15	63	50
n04275548_10.JPEG	9	0	58	63
n04275548_308.JPEG	20	10	53	63
n04275548_478.JPEG	1	2	63	63
n04275548_246.JPEG	16	1	63	63
n04275548_17.JPEG	1	0	63	63
n04275548_467.JPEG	3	1	55	63
n04275548_151.JPEG	13	1	34	47
n04275548_496.JPEG	0	1	63	63
n04275548_209.JPEG	7	0	58	63
n04275548_285.JPEG	5	0	60	63
n04275548_256.JPEG	0	9	61	63
n04275548_34.JPEG	0	0	63	63
n04275548_415.JPEG	0	0	58	63
n04275548_161.JPEG	0	4	63	63
n04275548_149.JPEG	4	1	63	63
n04275548_447.JPEG	0	2	63	45
n04275548_326.JPEG	10	4	63	62
n04275548_139.JPEG	0	0	63	63
n04275548_117.JPEG	0	1	63	63
n04275548_381.JPEG	0	1	63	63
n04275548_315.JPEG	1	0	63	63
n04275548_93.JPEG	0	0	63	63
n04275548_400.JPEG	0	0	63	63
n04275548_305.JPEG	23	0	54	63
n04275548_45.JPEG	0	1	63	63
n04275548_221.JPEG	0	0	63	63
n04275548_259.JPEG	0	1	63	63
n04275548_4.JPEG	0	1	63	63
n04275548_419.JPEG	0	0	63	63
n04275548_453.JPEG	0	0	63	63
n04275548_458.JPEG	12	12	26	32
n04275548_128.JPEG	0	0	63	63
n04275548_481.JPEG	0	0	63	63
n04275548_428.JPEG	0	21	63	63
n04275548_202.JPEG	0	3	63	61
n04275548_242.JPEG	0	0	63	63
n04275548_310.JPEG	0	0	63	63
n04275548_499.JPEG	0	2	63	63
n04275548_324.JPEG	6	0	63	63
n04275548_335.JPEG	0	1	63	63
n04275548_416.JPEG	0	0	63	63
n04275548_50.JPEG	0	0	63	63
n04275548_238.JPEG	0	22	63	63
n04275548_167.JPEG	0	0	63	63
n04275548_84.JPEG	0	0	63	63
n04275548_473.JPEG	20	17	47	49
n04275548_41.JPEG	0	0	63	63
n04275548_98.JPEG	0	1	63	63
n04275548_75.JPEG	0	0	63	63
n04275548_61.JPEG	0	0	63	63
n04275548_489.JPEG	0	0	63	63
n04275548_107.JPEG	0	1	63	63
n04275548_150.JPEG	0	0	63	63
n04275548_394.JPEG	52	21	63	35
n04275548_385.JPEG	0	10	63	57
n04275548_351.JPEG	0	1	63	63
n04275548_454.JPEG	0	0	63	63
n04275548_59.JPEG	0	1	63	63
n04275548_438.JPEG	1	0	63	63
n04275548_466.JPEG	0	0	63	63
n04275548_247.JPEG	1	0	63	63
n04275548_430.JPEG	3	0	59	63
n04275548_459.JPEG	0	0	63	63
n04275548_393.JPEG	0	1	63	63
n04275548_108.JPEG	0	0	63	63
n04275548_227.JPEG	0	1	63	63
n04275548_477.JPEG	2	0	48	63
n04275548_40.JPEG	0	0	63	63
n04275548_472.JPEG	23	1	63	63
n04275548_358.JPEG	1	0	63	63
n04275548_292.JPEG	31	13	52	48
n04275548_83.JPEG	0	1	63	63
n04275548_471.JPEG	0	0	63	63
n04275548_445.JPEG	0	0	63	63
n04275548_461.JPEG	0	5	63	59
n04275548_261.JPEG	2	0	57	63
n04275548_407.JPEG	12	2	63	63
n04275548_72.JPEG	15	0	43	63
n04275548_269.JPEG	0	0	52	63
n04275548_177.JPEG	0	0	63	63
n04275548_38.JPEG	4	0	63	63
n04275548_47.JPEG	27	11	63	53
n04275548_22.JPEG	0	0	63	63
n04275548_76.JPEG	6	1	63	63
n04275548_498.JPEG	0	15	63	63
n04275548_391.JPEG	0	1	63	63
n04275548_43.JPEG	0	0	63	63
n04275548_88.JPEG	4	6	58	63
n04275548_464.JPEG	2	10	52	52
n04275548_26.JPEG	7	11	59	60
n04275548_152.JPEG	0	1	63	63
n04275548_353.JPEG	0	0	63	63
n04275548_225.JPEG	0	0	63	63
n04275548_173.JPEG	4	3	38	42
n04275548_14.JPEG	0	0	63	63
n04275548_366.JPEG	0	0	63	63
n04275548_412.JPEG	25	11	45	63
n04275548_350.JPEG	11	4	45	43
n04275548_0.JPEG	0	0	63	63
n04275548_474.JPEG	0	1	63	63
n04275548_399.JPEG	0	1	63	63
n04275548_237.JPEG	34	1	63	63
n04275548_79.JPEG	0	0	63	63
n04275548_106.JPEG	5	0	63	63
n04275548_203.JPEG	12	0	55	63
n04275548_196.JPEG	20	15	52	54
n04275548_134.JPEG	13	1	53	63
n04275548_200.JPEG	6	0	63	63
n04275548_154.JPEG	0	3	63	63
n04275548_290.JPEG	0	1	63	63
n04275548_164.JPEG	0	0	63	63
n04275548_475.JPEG	0	0	63	63
n04275548_224.JPEG	0	1	63	63
n04275548_187.JPEG	0	0	63	57
n04275548_493.JPEG	10	4	51	55
n04275548_206.JPEG	0	0	63	61
n04275548_194.JPEG	0	3	63	59
n04275548_372.JPEG	0	1	63	63
n04275548_288.JPEG	0	1	63	63
n04275548_188.JPEG	0	1	63	62
n04275548_120.JPEG	0	8	62	52
n04275548_11.JPEG	23	12	62	59
n04275548_127.JPEG	0	1	63	63
n04275548_124.JPEG	0	0	63	63
n04275548_260.JPEG	0	1	63	63
n04275548_1.JPEG	0	0	63	63
n04275548_170.JPEG	0	1	63	63
n04275548_455.JPEG	1	2	63	63
n04275548_484.JPEG	0	0	63	63
n04275548_244.JPEG	0	1	63	63
n04275548_339.JPEG	0	0	63	63
n04275548_404.JPEG	0	4	63	61
n04275548_250.JPEG	0	0	63	63
n04275548_387.JPEG	0	1	63	63
n04275548_329.JPEG	0	0	63	63
n04275548_130.JPEG	0	0	63	63
n04275548_165.JPEG	0	0	63	63
n04275548_198.JPEG	22	1	63	63
n04275548_236.JPEG	0	0	63	13
n04275548_435.JPEG	0	0	63	63
n04275548_429.JPEG	2	1	63	63
n04275548_166.JPEG	0	0	63	63
n04275548_183.JPEG	0	0	63	63
n04275548_199.JPEG	0	1	63	63
n04275548_355.JPEG	4	6	52	62
n04275548_241.JPEG	0	0	63	63
n04275548_322.JPEG	0	0	63	63
n04275548_446.JPEG	0	0	63	63
n04275548_491.JPEG	0	1	63	54
n04275548_39.JPEG	11	1	55	63
n04275548_497.JPEG	0	0	63	63
n04275548_375.JPEG	0	2	63	63
n04275548_171.JPEG	0	0	63	63
n04275548_476.JPEG	1	0	63	63
n04275548_131.JPEG	0	0	63	63
n04275548_68.JPEG	0	0	63	63
n04275548_122.JPEG	7	1	59	62
n04275548_344.JPEG	0	1	63	63
n04275548_316.JPEG	0	0	56	63
n04275548_55.JPEG	0	1	63	63
n04275548_296.JPEG	1	0	63	63
n04275548_85.JPEG	0	0	63	63
n04275548_462.JPEG	0	1	63	63
n04275548_228.JPEG	6	0	51	63
n04275548_90.JPEG	0	0	63	59
n04275548_492.JPEG	3	4	62	63
n04275548_374.JPEG	0	0	63	57
n04275548_7.JPEG	0	1	63	63
n04275548_132.JPEG	0	0	63	63
n04275548_338.JPEG	0	1	37	63
n04275548_78.JPEG	0	0	63	63
n04275548_222.JPEG	1	0	51	63
n04275548_460.JPEG	0	1	63	63
n04275548_239.JPEG	0	1	63	63
n04275548_178.JPEG	1	0	63	63
n04275548_155.JPEG	0	0	63	63
n04275548_267.JPEG	8	31	48	59
n04275548_60.JPEG	0	3	62	63
n04275548_95.JPEG	0	0	63	63
n04275548_298.JPEG	0	1	63	63
n04275548_388.JPEG	0	0	63	63
n04275548_309.JPEG	0	1	63	63
n04275548_195.JPEG	0	1	63	63
n04275548_479.JPEG	0	0	63	63
n04275548_369.JPEG	1	4	63	63
n04275548_179.JPEG	0	0	63	63
n04275548_495.JPEG	0	4	63	63
n04275548_485.JPEG	0	0	63	63
n04275548_248.JPEG	0	1	63	63
n04275548_181.JPEG	0	0	63	63
n04275548_156.JPEG	7	5	63	63
n04275548_364.JPEG	0	1	63	63
n04275548_48.JPEG	0	0	63	63
n04275548_301.JPEG	0	1	63	63
n04275548_433.JPEG	2	0	63	63
n04275548_102.JPEG	0	0	63	63
n04275548_218.JPEG	0	0	63	63
n04275548_207.JPEG	1	0	63	63
n04275548_307.JPEG	0	0	63	63
n04275548_116.JPEG	0	0	63	63
n04275548_233.JPEG	1	0	63	63
n04275548_349.JPEG	14	0	47	63
n04275548_74.JPEG	0	9	63	58
n04275548_437.JPEG	16	7	50	55
n04275548_235.JPEG	3	9	54	63
n04275548_303.JPEG	0	2	63	62
n04275548_397.JPEG	0	1	63	63
n04275548_80.JPEG	2	0	63	63
n04275548_141.JPEG	0	0	63	63
n04275548_262.JPEG	0	0	62	63
n04275548_431.JPEG	7	11	63	62
n04275548_169.JPEG	0	22	63	63
n04275548_278.JPEG	0	8	63	43
n04275548_103.JPEG	0	0	63	63
n04275548_186.JPEG	0	0	63	63
n04275548_100.JPEG	1	0	62	63
n04275548_91.JPEG	9	0	53	63
n04275548_384.JPEG	0	6	63	61
n04275548_382.JPEG	3	0	63	37
n04275548_30.JPEG	8	0	50	62
n04275548_312.JPEG	4	0	63	63
n04275548_452.JPEG	0	0	63	63
n04275548_135.JPEG	0	27	63	61
n04275548_403.JPEG	1	0	63	63
n04275548_457.JPEG	0	0	63	63
n04275548_212.JPEG	0	1	63	63
n04275548_321.JPEG	0	2	63	63
n04275548_331.JPEG	7	7	58	57
n04275548_299.JPEG	0	0	63	63
n04275548_373.JPEG	0	0	63	63
n04275548_266.JPEG	0	1	63	63
n04275548_255.JPEG	13	0	63	63
n04275548_230.JPEG	0	1	63	63
n04275548_258.JPEG	1	0	63	63
n04275548_176.JPEG	2	1	63	63
n04275548_341.JPEG	0	0	60	52
n04275548_279.JPEG	0	0	63	63
n04275548_274.JPEG	17	20	47	50
n04275548_398.JPEG	13	0	63	63
n04275548_52.JPEG	0	0	55	63
n04275548_44.JPEG	24	7	63	63
n04275548_71.JPEG	2	4	40	63
n04275548_401.JPEG	0	1	63	63
n04275548_197.JPEG	0	5	63	60
n04275548_434.JPEG	0	6	21	45
n04275548_126.JPEG	0	1	63	63
n04275548_5.JPEG	0	0	63	63
n04275548_216.JPEG	0	0	63	63
n04275548_153.JPEG	0	21	63	63
n04275548_142.JPEG	12	1	63	63
n04275548_378.JPEG	0	0	63	63
n04275548_408.JPEG	0	0	63	63
n04275548_70.JPEG	0	1	63	63
n04275548_488.JPEG	0	0	63	63
n04275548_101.JPEG	1	0	63	63
n04275548_6.JPEG	0	0	63	62
n04275548_62.JPEG	0	5	63	48
n04275548_69.JPEG	0	0	63	63
n04275548_109.JPEG	0	0	63	63
n04275548_123.JPEG	0	0	63	63
n04275548_411.JPEG	0	0	63	63
n04275548_319.JPEG	2	0	48	63
n04275548_46.JPEG	0	1	63	63
n04275548_15.JPEG	24	14	51	62
n04275548_396.JPEG	0	2	63	63
n04275548_422.JPEG	0	0	63	63
n04275548_121.JPEG	0	0	63	63
n04275548_215.JPEG	0	2	63	63
n04275548_8.JPEG	0	2	63	63
n04275548_271.JPEG	0	0	63	63
n04275548_302.JPEG	5	16	19	40
n04275548_361.JPEG	0	0	63	63
n04275548_92.JPEG	0	0	63	63
n04275548_157.JPEG	4	0	60	63
n04275548_133.JPEG	0	0	63	63
n04275548_468.JPEG	0	1	63	63
n04275548_432.JPEG	0	0	63	63
n04275548_205.JPEG	0	5	63	59
n04275548_306.JPEG	0	1	63	63
n04275548_20.JPEG	1	1	63	63
n04275548_277.JPEG	0	0	63	63
n04275548_137.JPEG	0	0	63	63
n04275548_320.JPEG	0	0	63	63
n04275548_220.JPEG	0	0	63	63
n04275548_144.JPEG	0	0	63	63
n04275548_232.JPEG	0	0	63	63
n04275548_297.JPEG	0	1	63	63
n04275548_229.JPEG	0	1	63	63
n04275548_359.JPEG	0	0	63	59
n04275548_204.JPEG	0	0	63	63
n04275548_451.JPEG	0	1	63	63
n04275548_87.JPEG	0	0	63	63
n04275548_377.JPEG	0	0	63	63
n04275548_390.JPEG	0	0	63	63
n04275548_337.JPEG	0	0	63	63
n04275548_253.JPEG	0	1	63	63
n04275548_24.JPEG	0	0	63	63
n04275548_251.JPEG	0	1	63	63
n04275548_272.JPEG	0	0	63	63
n04275548_163.JPEG	0	1	63	62
n04275548_37.JPEG	0	0	63	63
n04275548_348.JPEG	0	0	63	38
n04275548_380.JPEG	0	1	63	63
n04275548_211.JPEG	0	0	63	63
n04275548_99.JPEG	27	11	45	47
n04275548_483.JPEG	0	10	63	63
n04275548_423.JPEG	0	1	63	63
n04275548_439.JPEG	0	0	63	63
n04275548_370.JPEG	0	0	63	63
n04275548_291.JPEG	1	0	63	63
n04275548_425.JPEG	0	0	63	63
n04275548_283.JPEG	0	0	63	63
n04275548_158.JPEG	0	1	43	63
n04275548_3.JPEG	0	0	63	63
n04275548_35.JPEG	1	0	59	63
n04275548_494.JPEG	18	9	45	46
n04275548_389.JPEG	0	0	63	63
n04275548_480.JPEG	3	1	63	63
n04275548_193.JPEG	1	0	63	63
n04275548_490.JPEG	3	2	63	61
n04275548_352.JPEG	12	1	47	58
n04275548_427.JPEG	0	0	63	59
n04275548_293.JPEG	0	0	63	63
n04275548_287.JPEG	14	0	58	63
n04275548_363.JPEG	0	0	63	63
n04275548_12.JPEG	5	1	63	63
n04275548_365.JPEG	0	4	63	63
n04275548_9.JPEG	15	17	55	63
n04275548_245.JPEG	9	0	63	63
n04275548_323.JPEG	0	1	63	63
n04275548_185.JPEG	0	1	63	63
n04275548_440.JPEG	0	1	63	63
n04275548_265.JPEG	0	0	63	63
n04275548_143.JPEG	0	0	63	63
n04275548_182.JPEG	1	0	63	63
n04275548_436.JPEG	0	1	63	33
n04275548_276.JPEG	0	0	63	63
n04275548_456.JPEG	22	24	44	43
val_3881.JPEG	11	0	53	63
val_8260.JPEG	0	1	56	63
val_2030.JPEG	10	0	63	63
val_2126.JPEG	0	1	63	63
val_9694.JPEG	0	0	63	63
val_9776.JPEG	0	1	63	63
val_7872.JPEG	0	0	63	63
val_8786.JPEG	19	1	63	63
val_8102.JPEG	0	0	63	63
val_1687.JPEG	36	5	63	43
val_9857.JPEG	1	0	63	63
val_9651.JPEG	1	0	63	63
val_4412.JPEG	11	12	61	63
val_8852.JPEG	0	1	63	63
val_6372.JPEG	6	12	61	63
val_3376.JPEG	7	16	63	62
val_1908.JPEG	0	1	63	63
val_5644.JPEG	0	0	63	63
val_856.JPEG	1	0	63	63
val_883.JPEG	0	1	63	63
val_6725.JPEG	0	0	63	63
val_3709.JPEG	0	1	63	63
val_1629.JPEG	0	1	63	63
val_3196.JPEG	0	1	63	63
val_5369.JPEG	0	0	63	63
val_9246.JPEG	0	0	63	46
val_3249.JPEG	4	0	51	53
val_5104.JPEG	0	1	63	63
val_1137.JPEG	0	2	63	43
val_2735.JPEG	0	0	63	63
val_7350.JPEG	0	1	63	63
val_9895.JPEG	20	15	49	50
val_3794.JPEG	1	5	63	63
val_467.JPEG	0	4	63	63
val_7612.JPEG	0	0	63	63
