n06596364_306.JPEG	0	0	63	63
n06596364_55.JPEG	0	0	63	63
n06596364_150.JPEG	0	0	63	63
n06596364_370.JPEG	0	0	63	63
n06596364_340.JPEG	1	0	63	63
n06596364_320.JPEG	0	0	63	63
n06596364_43.JPEG	0	1	63	63
n06596364_235.JPEG	0	0	63	63
n06596364_64.JPEG	0	1	63	63
n06596364_209.JPEG	3	0	62	63
n06596364_438.JPEG	0	0	63	63
n06596364_361.JPEG	0	0	63	63
n06596364_135.JPEG	0	0	63	63
n06596364_309.JPEG	39	32	63	57
n06596364_472.JPEG	0	1	63	63
n06596364_467.JPEG	1	0	63	63
n06596364_231.JPEG	0	0	63	63
n06596364_294.JPEG	1	0	63	63
n06596364_431.JPEG	0	0	63	63
n06596364_327.JPEG	1	0	63	63
n06596364_119.JPEG	0	0	63	63
n06596364_70.JPEG	0	0	33	32
n06596364_396.JPEG	1	0	63	63
n06596364_94.JPEG	1	0	63	63
n06596364_293.JPEG	0	0	63	63
n06596364_280.JPEG	19	1	63	63
n06596364_250.JPEG	1	0	63	63
n06596364_405.JPEG	0	0	63	63
n06596364_241.JPEG	0	0	63	63
n06596364_428.JPEG	1	0	63	63
n06596364_57.JPEG	2	6	28	39
n06596364_404.JPEG	1	0	63	63
n06596364_276.JPEG	1	0	63	63
n06596364_395.JPEG	1	0	63	63
n06596364_369.JPEG	1	0	63	63
n06596364_54.JPEG	0	0	63	63
n06596364_121.JPEG	1	0	63	63
n06596364_389.JPEG	0	30	2	43
n06596364_12.JPEG	0	0	63	63
n06596364_300.JPEG	0	0	63	63
n06596364_194.JPEG	0	0	63	63
n06596364_305.JPEG	0	1	63	63
n06596364_259.JPEG	0	0	63	63
n06596364_0.JPEG	0	0	63	63
n06596364_136.JPEG	0	4	63	62
n06596364_420.JPEG	1	0	63	63
n06596364_171.JPEG	0	15	12	27
n06596364_215.JPEG	0	0	63	63
n06596364_213.JPEG	4	0	60	63
n06596364_127.JPEG	1	0	63	63
n06596364_115.JPEG	1	0	63	63
n06596364_141.JPEG	1	0	63	63
n06596364_406.JPEG	0	0	63	63
n06596364_11.JPEG	36	1	57	22
n06596364_79.JPEG	0	1	32	63
n06596364_67.JPEG	0	4	63	63
n06596364_279.JPEG	0	0	63	63
n06596364_439.JPEG	28	3	63	63
n06596364_314.JPEG	0	0	63	63
n06596364_29.JPEG	7	0	57	63
n06596364_106.JPEG	15	0	49	63
n06596364_142.JPEG	1	0	63	63
n06596364_85.JPEG	0	0	63	63
n06596364_41.JPEG	0	0	63	63
n06596364_188.JPEG	41	14	60	39
n06596364_32.JPEG	1	0	63	63
n06596364_21.JPEG	59	37	63	63
n06596364_489.JPEG	3	0	60	63
n06596364_218.JPEG	1	0	63	63
n06596364_419.JPEG	0	0	63	63
n06596364_77.JPEG	1	0	63	63
n06596364_375.JPEG	0	0	63	63
n06596364_246.JPEG	0	0	63	63
n06596364_126.JPEG	1	0	63	63
n06596364_358.JPEG	1	0	63	63
n06596364_444.JPEG	2	0	63	63
n06596364_4.JPEG	3	0	62	58
n06596364_155.JPEG	0	1	63	63
n06596364_249.JPEG	0	0	63	63
n06596364_274.JPEG	0	0	63	63
n06596364_192.JPEG	0	0	63	63
n06596364_477.JPEG	0	0	63	63
n06596364_464.JPEG	0	0	63	63
n06596364_377.JPEG	0	0	63	63
n06596364_291.JPEG	1	0	63	63
n06596364_407.JPEG	4	0	62	63
n06596364_166.JPEG	0	0	63	63
n06596364_430.JPEG	0	0	63	63
n06596364_148.JPEG	0	0	63	63
n06596364_93.JPEG	5	0	59	63
n06596364_357.JPEG	1	0	63	63
n06596364_310.JPEG	18	32	37	53
n06596364_112.JPEG	0	0	63	63
n06596364_128.JPEG	0	0	63	63
n06596364_362.JPEG	1	0	63	63
n06596364_107.JPEG	0	0	63	63
n06596364_147.JPEG	0	0	63	63
n06596364_160.JPEG	1	0	63	63
n06596364_211.JPEG	6	0	58	63
n06596364_289.JPEG	3	0	63	63
n06596364_14.JPEG	1	0	63	63
n06596364_110.JPEG	0	0	63	63
n06596364_443.JPEG	0	0	63	63
n06596364_278.JPEG	5	0	61	60
n06596364_30.JPEG	0	0	63	63
n06596364_154.JPEG	1	0	63	63
n06596364_366.JPEG	0	0	63	63
n06596364_98.JPEG	0	0	63	63
n06596364_288.JPEG	0	0	63	63
n06596364_26.JPEG	1	0	63	63
n06596364_350.JPEG	1	0	63	63
n06596364_200.JPEG	1	0	63	63
n06596364_455.JPEG	0	1	63	63
n06596364_394.JPEG	0	0	63	63
n06596364_219.JPEG	0	0	63	63
n06596364_180.JPEG	0	0	63	63
n06596364_299.JPEG	0	0	63	63
n06596364_253.JPEG	0	0	63	63
n06596364_459.JPEG	27	20	55	63
n06596364_236.JPEG	0	0	63	63
n06596364_359.JPEG	0	0	63	63
n06596364_261.JPEG	41	44	53	60
n06596364_390.JPEG	1	0	63	63
n06596364_97.JPEG	1	0	63	63
n06596364_109.JPEG	0	0	63	63
n06596364_167.JPEG	1	0	63	63
n06596364_342.JPEG	0	0	63	63
n06596364_86.JPEG	0	0	63	63
n06596364_254.JPEG	0	0	63	63
n06596364_373.JPEG	0	0	63	63
n06596364_76.JPEG	0	0	63	63
n06596364_221.JPEG	3	0	63	63
n06596364_277.JPEG	0	0	63	63
n06596364_195.JPEG	0	0	63	63
n06596364_197.JPEG	30	47	41	62
n06596364_108.JPEG	0	0	63	63
n06596364_72.JPEG	0	0	63	63
n06596364_185.JPEG	1	0	63	63
n06596364_397.JPEG	12	0	62	63
n06596364_296.JPEG	0	0	63	63
n06596364_17.JPEG	31	16	32	21
n06596364_401.JPEG	1	0	63	63
n06596364_74.JPEG	1	0	63	63
n06596364_255.JPEG	0	0	63	63
n06596364_478.JPEG	0	0	63	63
n06596364_248.JPEG	0	5	27	42
n06596364_227.JPEG	1	0	63	63
n06596364_349.JPEG	0	0	63	63
n06596364_230.JPEG	19	12	48	48
n06596364_490.JPEG	1	0	63	63
n06596364_341.JPEG	0	0	63	63
n06596364_78.JPEG	0	1	63	63
n06596364_38.JPEG	0	0	63	63
n06596364_139.JPEG	1	0	63	63
n06596364_186.JPEG	0	0	63	63
n06596364_494.JPEG	0	1	63	63
n06596364_313.JPEG	1	0	63	63
n06596364_174.JPEG	0	0	63	63
n06596364_415.JPEG	0	0	63	63
n06596364_493.JPEG	0	0	63	63
n06596364_353.JPEG	0	1	63	63
n06596364_102.JPEG	0	0	63	63
n06596364_262.JPEG	0	0	63	63
n06596364_463.JPEG	2	0	63	63
n06596364_365.JPEG	0	0	63	63
n06596364_398.JPEG	0	0	63	63
n06596364_19.JPEG	1	0	63	63
n06596364_27.JPEG	0	0	63	63
n06596364_488.JPEG	0	0	63	63
n06596364_257.JPEG	0	0	63	63
n06596364_474.JPEG	1	0	63	63
n06596364_440.JPEG	0	0	63	63
n06596364_343.JPEG	0	0	63	63
n06596364_164.JPEG	0	50	63	63
n06596364_323.JPEG	0	0	63	63
n06596364_225.JPEG	1	0	63	63
n06596364_22.JPEG	0	0	63	63
n06596364_328.JPEG	1	0	63	63
n06596364_9.JPEG	0	0	63	63
n06596364_182.JPEG	7	0	33	31
n06596364_307.JPEG	0	0	63	63
n06596364_157.JPEG	0	0	63	63
n06596364_265.JPEG	1	0	63	63
n06596364_125.JPEG	0	0	63	63
n06596364_461.JPEG	1	0	63	63
n06596364_297.JPEG	1	0	63	63
n06596364_486.JPEG	1	0	63	63
n06596364_427.JPEG	1	0	63	63
n06596364_387.JPEG	0	0	63	63
n06596364_483.JPEG	0	0	63	63
n06596364_426.JPEG	2	0	62	63
n06596364_212.JPEG	0	0	63	63
n06596364_412.JPEG	4	0	61	63
n06596364_381.JPEG	0	0	63	63
n06596364_476.JPEG	0	0	63	63
n06596364_237.JPEG	1	0	63	63
n06596364_8.JPEG	0	0	63	63
n06596364_481.JPEG	1	0	63	63
n06596364_144.JPEG	1	0	63	63
n06596364_45.JPEG	1	1	63	63
n06596364_170.JPEG	0	0	63	63
n06596364_331.JPEG	1	0	63	63
n06596364_421.JPEG	0	0	63	63
n06596364_161.JPEG	0	0	63	63
n06596364_456.JPEG	0	0	63	63
n06596364_206.JPEG	1	0	63	63
n06596364_386.JPEG	1	0	33	32
n06596364_84.JPEG	0	0	63	63
n06596364_379.JPEG	0	0	63	63
n06596364_216.JPEG	0	0	63	63
n06596364_418.JPEG	10	0	44	63
n06596364_388.JPEG	3	0	59	63
n06596364_302.JPEG	0	0	63	63
n06596364_334.JPEG	0	0	63	63
n06596364_169.JPEG	0	0	63	63
n06596364_10.JPEG	0	0	63	63
n06596364_325.JPEG	0	0	63	63
n06596364_317.JPEG	0	0	63	63
n06596364_286.JPEG	1	0	63	63
n06596364_457.JPEG	1	0	63	63
n06596364_292.JPEG	0	0	63	63
n06596364_408.JPEG	0	0	63	63
n06596364_423.JPEG	3	0	62	63
n06596364_44.JPEG	8	0	58	63
n06596364_322.JPEG	0	0	63	63
n06596364_321.JPEG	2	0	63	63
n06596364_91.JPEG	1	0	63	63
n06596364_429.JPEG	0	0	63	63
n06596364_31.JPEG	2	1	63	63
n06596364_152.JPEG	0	0	63	63
n06596364_168.JPEG	0	8	63	63
n06596364_59.JPEG	0	0	63	63
n06596364_268.JPEG	0	0	63	63
n06596364_6.JPEG	0	1	63	63
n06596364_376.JPEG	0	0	63	63
n06596364_414.JPEG	0	0	63	63
n06596364_330.JPEG	3	0	63	63
n06596364_58.JPEG	0	0	63	63
n06596364_162.JPEG	1	0	63	63
n06596364_223.JPEG	1	0	63	63
n06596364_118.JPEG	1	0	63	63
n06596364_153.JPEG	17	33	36	63
n06596364_158.JPEG	0	0	63	63
n06596364_356.JPEG	1	0	55	63
n06596364_382.JPEG	0	0	63	63
n06596364_40.JPEG	1	0	63	63
n06596364_87.JPEG	1	0	62	63
n06596364_479.JPEG	0	0	63	63
n06596364_336.JPEG	0	0	63	63
n06596364_83.JPEG	0	0	63	63
n06596364_100.JPEG	0	0	63	63
n06596364_63.JPEG	1	0	63	63
n06596364_371.JPEG	1	0	63	63
n06596364_50.JPEG	1	1	63	63
n06596364_298.JPEG	0	0	63	63
n06596364_384.JPEG	4	0	62	63
n06596364_105.JPEG	0	0	63	63
n06596364_354.JPEG	0	0	63	63
n06596364_51.JPEG	0	0	63	63
n06596364_175.JPEG	1	0	63	63
n06596364_202.JPEG	0	0	63	63
n06596364_363.JPEG	0	0	63	63
n06596364_435.JPEG	0	2	63	63
n06596364_124.JPEG	0	0	63	63
n06596364_47.JPEG	3	0	61	63
n06596364_453.JPEG	15	10	63	58
n06596364_196.JPEG	14	9	48	58
n06596364_269.JPEG	0	0	63	63
n06596364_151.JPEG	0	0	63	63
n06596364_13.JPEG	3	0	62	63
n06596364_217.JPEG	0	34	12	58
n06596364_368.JPEG	0	0	63	63
n06596364_20.JPEG	1	0	63	63
n06596364_458.JPEG	0	0	63	63
n06596364_88.JPEG	1	0	63	63
n06596364_210.JPEG	1	0	63	63
n06596364_391.JPEG	0	14	21	39
n06596364_374.JPEG	3	0	62	63
n06596364_311.JPEG	1	0	63	63
n06596364_183.JPEG	0	0	63	63
n06596364_66.JPEG	0	0	63	63
n06596364_240.JPEG	7	0	63	63
n06596364_432.JPEG	0	0	63	63
n06596364_315.JPEG	0	0	63	63
n06596364_172.JPEG	0	0	63	63
n06596364_295.JPEG	3	0	62	63
n06596364_469.JPEG	0	0	63	63
n06596364_465.JPEG	0	3	63	62
n06596364_228.JPEG	6	0	63	63
n06596364_35.JPEG	5	0	61	63
n06596364_450.JPEG	0	0	63	63
n06596364_244.JPEG	0	0	63	63
n06596364_193.JPEG	0	0	63	63
n06596364_46.JPEG	0	0	63	63
n06596364_229.JPEG	1	0	63	63
n06596364_351.JPEG	0	0	63	63
n06596364_491.JPEG	0	0	63	63
n06596364_497.JPEG	4	0	63	63
n06596364_7.JPEG	1	25	21	42
n06596364_199.JPEG	0	0	63	63
n06596364_445.JPEG	1	0	63	63
n06596364_446.JPEG	0	1	63	63
n06596364_190.JPEG	0	0	63	63
n06596364_205.JPEG	0	4	31	60
n06596364_243.JPEG	0	0	63	63
n06596364_111.JPEG	5	0	63	63
n06596364_242.JPEG	0	0	63	63
n06596364_131.JPEG	1	0	63	63
n06596364_62.JPEG	0	0	63	63
n06596364_113.JPEG	1	0	63	63
n06596364_471.JPEG	0	0	63	63
n06596364_273.JPEG	12	4	52	62
n06596364_400.JPEG	3	1	62	63
n06596364_48.JPEG	0	0	63	63
n06596364_304.JPEG	0	0	63	63
n06596364_176.JPEG	1	0	63	63
n06596364_324.JPEG	0	0	63	63
n06596364_258.JPEG	3	0	63	63
n06596364_137.JPEG	0	0	63	52
n06596364_123.JPEG	1	0	63	63
n06596364_417.JPEG	0	0	63	63
n06596364_492.JPEG	0	0	63	63
n06596364_281.JPEG	2	0	63	63
n06596364_82.JPEG	0	3	63	63
n06596364_470.JPEG	0	0	63	63
n06596364_33.JPEG	8	0	57	63
n06596364_345.JPEG	3	0	61	63
n06596364_178.JPEG	1	0	63	63
n06596364_284.JPEG	4	0	60	63
n06596364_451.JPEG	0	0	63	63
n06596364_16.JPEG	0	0	63	63
n06596364_251.JPEG	0	0	63	63
n06596364_80.JPEG	0	0	63	63
n06596364_238.JPEG	0	0	63	63
n06596364_283.JPEG	0	0	63	63
n06596364_2.JPEG	0	0	63	63
n06596364_53.JPEG	0	0	63	63
n06596364_18.JPEG	2	0	63	63
n06596364_214.JPEG	0	0	63	63
n06596364_442.JPEG	7	6	35	44
n06596364_132.JPEG	0	0	63	63
n06596364_329.JPEG	0	0	63	63
n06596364_24.JPEG	0	0	63	63
n06596364_189.JPEG	3	0	63	63
n06596364_101.JPEG	1	0	58	63
n06596364_1.JPEG	1	0	61	63
n06596364_360.JPEG	0	0	63	63
n06596364_36.JPEG	5	0	62	63
n06596364_318.JPEG	10	2	54	63
n06596364_181.JPEG	0	0	63	63
val_8772.JPEG	5	0	59	63
val_217.JPEG	0	0	63	63
val_7327.JPEG	0	0	63	63
val_1381.JPEG	4	0	60	63
val_8596.JPEG	0	0	58	63
val_4899.JPEG	1	0	63	63
val_4171.JPEG	0	0	63	63
val_1671.JPEG	0	0	63	63
val_2066.JPEG	1	0	63	63
val_5106.JPEG	0	0	63	63
val_1603.JPEG	1	0	63	63
val_6178.JPEG	0	0	63	63
val_84.JPEG	1	0	63	63
val_1224.JPEG	1	0	63	63
val_545.JPEG	3	0	61	63
val_8693.JPEG	1	0	63	63
val_5225.JPEG	0	0	63	63
val_2234.JPEG	14	22	51	53
val_1998.JPEG	1	0	63	63
val_4927.JPEG	1	0	63	63
val_4533.JPEG	30	28	52	53
val_4612.JPEG	0	0	63	63
val_6669.JPEG	0	0	63	63
val_202.JPEG	0	0	63	63
val_847.JPEG	0	0	63	63
val_34.JPEG	43	19	51	33
val_3753.JPEG	0	0	63	63
val_2423.JPEG	0	0	63	63
val_4645.JPEG	0	0	63	63
val_3721.JPEG	2	0	62	63
val_5677.JPEG	0	0	63	63
val_9531.JPEG	1	0	61	63
val_1432.JPEG	6	0	59	63
val_7450.JPEG	0	0	63	63
val_272.JPEG	32	0	63	33
