n02815834_461.JPEG	21	0	63	63
n02815834_419.JPEG	8	4	59	63
n02815834_97.JPEG	53	32	63	60
n02815834_299.JPEG	9	8	54	63
n02815834_387.JPEG	6	8	43	53
n02815834_193.JPEG	0	1	55	63
n02815834_457.JPEG	4	1	57	63
n02815834_484.JPEG	1	0	62	63
n02815834_473.JPEG	27	24	52	54
n02815834_202.JPEG	0	2	26	59
n02815834_364.JPEG	2	0	63	63
n02815834_8.JPEG	1	25	26	58
n02815834_248.JPEG	29	6	51	35
n02815834_38.JPEG	29	1	63	63
n02815834_470.JPEG	16	7	53	54
n02815834_89.JPEG	22	13	43	53
n02815834_468.JPEG	1	14	34	54
n02815834_429.JPEG	5	0	53	60
n02815834_122.JPEG	34	18	60	51
n02815834_407.JPEG	0	5	33	62
n02815834_74.JPEG	10	0	50	63
n02815834_293.JPEG	5	0	61	63
n02815834_6.JPEG	23	14	46	58
n02815834_94.JPEG	13	0	51	45
n02815834_111.JPEG	8	31	36	63
n02815834_176.JPEG	15	0	48	37
n02815834_394.JPEG	33	8	55	41
n02815834_174.JPEG	28	20	63	63
n02815834_158.JPEG	1	0	62	63
n02815834_156.JPEG	10	11	43	53
n02815834_238.JPEG	24	43	39	63
n02815834_203.JPEG	14	14	50	53
n02815834_383.JPEG	17	7	53	58
n02815834_445.JPEG	11	0	63	63
n02815834_148.JPEG	34	17	63	63
n02815834_247.JPEG	10	5	50	61
n02815834_291.JPEG	6	11	50	63
n02815834_100.JPEG	6	6	50	58
n02815834_132.JPEG	5	1	47	56
n02815834_60.JPEG	7	2	54	63
n02815834_268.JPEG	16	31	38	62
n02815834_342.JPEG	35	12	63	59
n02815834_422.JPEG	1	5	20	63
n02815834_414.JPEG	6	3	53	61
n02815834_496.JPEG	61	39	63	54
n02815834_381.JPEG	0	6	0	54
n02815834_167.JPEG	8	2	56	62
n02815834_77.JPEG	39	8	58	31
n02815834_50.JPEG	46	24	59	41
n02815834_150.JPEG	0	0	62	63
n02815834_271.JPEG	10	0	57	63
n02815834_435.JPEG	0	29	18	51
n02815834_386.JPEG	20	13	39	48
n02815834_391.JPEG	2	0	63	63
n02815834_154.JPEG	44	27	63	63
n02815834_444.JPEG	3	26	28	58
n02815834_67.JPEG	11	22	44	63
n02815834_406.JPEG	7	0	55	63
n02815834_336.JPEG	27	0	63	56
n02815834_370.JPEG	9	0	57	56
n02815834_120.JPEG	40	22	61	50
n02815834_317.JPEG	12	0	57	63
n02815834_404.JPEG	13	8	47	52
n02815834_55.JPEG	9	34	31	63
n02815834_129.JPEG	22	0	38	24
n02815834_266.JPEG	0	1	63	61
n02815834_350.JPEG	16	0	47	63
n02815834_52.JPEG	7	35	16	46
n02815834_102.JPEG	18	13	44	58
n02815834_297.JPEG	6	5	59	63
n02815834_425.JPEG	12	0	59	63
n02815834_351.JPEG	27	31	54	63
n02815834_56.JPEG	7	0	54	63
n02815834_490.JPEG	2	1	62	63
n02815834_147.JPEG	7	6	56	63
n02815834_86.JPEG	16	1	48	62
n02815834_335.JPEG	23	13	46	49
n02815834_284.JPEG	27	30	47	57
n02815834_366.JPEG	20	14	47	63
n02815834_123.JPEG	12	6	54	63
n02815834_452.JPEG	18	9	51	60
n02815834_153.JPEG	0	2	37	62
n02815834_104.JPEG	6	0	59	58
n02815834_353.JPEG	3	0	58	63
n02815834_99.JPEG	9	6	52	57
n02815834_279.JPEG	0	1	48	28
n02815834_235.JPEG	28	0	63	63
n02815834_465.JPEG	20	33	41	61
n02815834_211.JPEG	0	6	33	63
n02815834_377.JPEG	3	0	62	63
n02815834_57.JPEG	4	37	18	56
n02815834_131.JPEG	2	0	62	63
n02815834_140.JPEG	62	41	63	63
n02815834_2.JPEG	15	5	47	61
n02815834_135.JPEG	13	9	50	56
n02815834_3.JPEG	7	0	60	63
n02815834_165.JPEG	14	10	48	54
n02815834_226.JPEG	4	22	29	63
n02815834_236.JPEG	2	0	60	63
n02815834_495.JPEG	0	0	49	60
n02815834_91.JPEG	20	24	50	63
n02815834_384.JPEG	2	28	26	60
n02815834_18.JPEG	0	9	24	62
n02815834_346.JPEG	16	7	53	60
n02815834_485.JPEG	2	3	63	63
n02815834_469.JPEG	10	0	53	63
n02815834_201.JPEG	8	32	29	61
n02815834_294.JPEG	1	0	45	63
n02815834_188.JPEG	25	38	41	63
n02815834_21.JPEG	11	9	40	48
n02815834_196.JPEG	10	10	49	63
n02815834_418.JPEG	0	23	21	58
n02815834_256.JPEG	2	11	59	48
n02815834_183.JPEG	63	29	63	59
n02815834_314.JPEG	2	22	16	42
n02815834_319.JPEG	16	0	63	57
n02815834_424.JPEG	16	0	54	63
n02815834_286.JPEG	19	0	44	57
n02815834_5.JPEG	9	0	52	58
n02815834_246.JPEG	12	38	20	54
n02815834_229.JPEG	35	10	63	59
n02815834_151.JPEG	13	9	51	63
n02815834_298.JPEG	12	7	57	62
n02815834_442.JPEG	18	5	46	47
n02815834_431.JPEG	9	1	57	63
n02815834_121.JPEG	8	0	59	62
n02815834_58.JPEG	0	34	16	60
n02815834_198.JPEG	32	25	52	63
n02815834_45.JPEG	4	21	33	61
n02815834_441.JPEG	37	44	50	60
n02815834_311.JPEG	2	0	33	62
n02815834_81.JPEG	14	13	47	52
n02815834_215.JPEG	26	0	63	55
n02815834_237.JPEG	4	0	61	63
n02815834_417.JPEG	42	12	63	54
n02815834_214.JPEG	7	0	59	63
n02815834_498.JPEG	8	17	41	58
n02815834_191.JPEG	25	45	34	59
n02815834_11.JPEG	11	0	55	63
n02815834_362.JPEG	12	0	55	62
n02815834_179.JPEG	0	3	35	61
n02815834_272.JPEG	0	10	63	56
n02815834_125.JPEG	13	6	43	45
n02815834_378.JPEG	11	0	57	63
n02815834_17.JPEG	0	0	63	63
n02815834_323.JPEG	12	0	55	57
n02815834_432.JPEG	21	21	50	60
n02815834_332.JPEG	10	26	49	63
n02815834_367.JPEG	3	0	61	63
n02815834_464.JPEG	9	4	54	61
n02815834_233.JPEG	4	0	63	63
n02815834_137.JPEG	24	0	60	63
n02815834_189.JPEG	4	0	59	63
n02815834_285.JPEG	2	6	61	60
n02815834_463.JPEG	19	11	45	58
n02815834_213.JPEG	6	0	59	63
n02815834_453.JPEG	17	2	47	62
n02815834_241.JPEG	10	12	53	63
n02815834_95.JPEG	13	2	54	63
n02815834_274.JPEG	17	6	63	61
n02815834_257.JPEG	15	11	48	63
n02815834_416.JPEG	29	6	63	63
n02815834_489.JPEG	8	0	59	63
n02815834_409.JPEG	6	0	59	63
n02815834_115.JPEG	17	8	50	47
n02815834_133.JPEG	12	5	46	48
n02815834_423.JPEG	21	12	56	63
n02815834_499.JPEG	11	1	37	53
n02815834_347.JPEG	9	0	59	63
n02815834_325.JPEG	11	8	45	53
n02815834_222.JPEG	11	4	48	54
n02815834_401.JPEG	12	22	25	39
n02815834_190.JPEG	19	22	49	52
n02815834_242.JPEG	1	13	27	63
n02815834_128.JPEG	29	4	52	36
n02815834_262.JPEG	10	0	56	61
n02815834_356.JPEG	22	19	46	55
n02815834_328.JPEG	1	0	63	63
n02815834_85.JPEG	9	3	57	63
n02815834_107.JPEG	0	0	61	63
n02815834_194.JPEG	12	11	54	63
n02815834_41.JPEG	18	4	53	60
n02815834_162.JPEG	5	3	37	45
n02815834_184.JPEG	52	26	63	60
n02815834_466.JPEG	25	14	50	50
n02815834_436.JPEG	7	4	44	48
n02815834_36.JPEG	2	0	61	63
n02815834_26.JPEG	3	19	32	62
n02815834_239.JPEG	0	19	26	47
n02815834_200.JPEG	9	1	53	63
n02815834_231.JPEG	9	4	51	59
n02815834_488.JPEG	0	35	13	58
n02815834_276.JPEG	12	0	48	63
n02815834_295.JPEG	2	0	60	63
n02815834_30.JPEG	34	20	63	62
n02815834_92.JPEG	7	0	52	27
n02815834_354.JPEG	10	0	58	63
n02815834_482.JPEG	12	9	54	58
n02815834_412.JPEG	46	23	62	42
n02815834_313.JPEG	19	2	50	63
n02815834_48.JPEG	6	0	59	61
n02815834_79.JPEG	6	0	61	63
n02815834_296.JPEG	10	3	54	62
n02815834_300.JPEG	15	13	50	59
n02815834_61.JPEG	13	15	40	62
n02815834_278.JPEG	14	22	36	63
n02815834_304.JPEG	26	14	56	51
n02815834_173.JPEG	14	18	54	63
n02815834_134.JPEG	6	0	58	63
n02815834_341.JPEG	49	24	63	46
n02815834_330.JPEG	9	0	46	48
n02815834_53.JPEG	8	12	53	63
n02815834_405.JPEG	2	0	59	63
n02815834_64.JPEG	17	33	48	63
n02815834_326.JPEG	1	13	42	63
n02815834_415.JPEG	0	15	14	63
n02815834_168.JPEG	16	17	46	61
n02815834_411.JPEG	3	0	61	63
n02815834_31.JPEG	4	0	59	63
n02815834_433.JPEG	11	0	37	63
n02815834_331.JPEG	3	9	54	61
n02815834_427.JPEG	24	27	63	63
n02815834_20.JPEG	19	20	45	53
n02815834_228.JPEG	0	10	37	59
n02815834_180.JPEG	0	0	63	63
n02815834_492.JPEG	36	8	63	50
n02815834_343.JPEG	1	18	34	57
n02815834_244.JPEG	6	0	60	52
n02815834_83.JPEG	21	20	52	63
n02815834_270.JPEG	0	23	28	61
n02815834_459.JPEG	7	0	58	63
n02815834_388.JPEG	0	2	39	60
n02815834_475.JPEG	6	0	59	63
n02815834_117.JPEG	23	25	43	48
n02815834_344.JPEG	13	9	43	63
n02815834_75.JPEG	3	0	52	61
n02815834_375.JPEG	20	5	57	57
n02815834_382.JPEG	0	0	63	63
n02815834_197.JPEG	2	0	58	42
n02815834_143.JPEG	33	20	63	55
n02815834_210.JPEG	17	19	47	58
n02815834_23.JPEG	5	0	44	45
n02815834_112.JPEG	6	30	22	51
n02815834_208.JPEG	0	16	19	53
n02815834_169.JPEG	0	0	23	49
n02815834_385.JPEG	25	8	52	45
n02815834_454.JPEG	30	7	63	63
n02815834_124.JPEG	9	10	37	61
n02815834_13.JPEG	18	17	49	63
n02815834_186.JPEG	7	0	56	63
n02815834_29.JPEG	4	26	41	63
n02815834_204.JPEG	10	4	60	54
n02815834_449.JPEG	8	47	17	57
n02815834_251.JPEG	15	6	49	57
n02815834_309.JPEG	33	27	61	63
n02815834_310.JPEG	44	22	63	60
n02815834_130.JPEG	0	7	32	63
n02815834_315.JPEG	7	0	45	39
n02815834_73.JPEG	8	7	51	59
n02815834_259.JPEG	30	30	52	45
n02815834_119.JPEG	23	0	52	53
n02815834_287.JPEG	8	0	57	63
n02815834_0.JPEG	36	20	63	51
n02815834_209.JPEG	0	0	63	59
n02815834_145.JPEG	3	2	62	61
n02815834_65.JPEG	2	0	56	63
n02815834_365.JPEG	1	18	23	55
n02815834_163.JPEG	8	23	53	63
n02815834_114.JPEG	1	0	60	58
n02815834_269.JPEG	29	1	61	61
n02815834_43.JPEG	26	26	50	53
n02815834_219.JPEG	1	5	34	53
n02815834_360.JPEG	13	0	44	47
n02815834_42.JPEG	2	9	31	61
n02815834_283.JPEG	25	19	63	63
n02815834_106.JPEG	24	15	61	57
n02815834_178.JPEG	21	0	47	44
n02815834_152.JPEG	9	8	63	63
n02815834_486.JPEG	15	23	42	63
n02815834_403.JPEG	35	43	43	54
n02815834_289.JPEG	35	20	63	63
n02815834_447.JPEG	7	21	40	63
n02815834_160.JPEG	21	8	59	54
n02815834_146.JPEG	17	18	42	47
n02815834_24.JPEG	45	42	61	61
n02815834_27.JPEG	44	40	58	63
n02815834_103.JPEG	51	22	63	44
n02815834_359.JPEG	4	1	38	40
n02815834_491.JPEG	0	30	23	60
n02815834_481.JPEG	24	25	49	63
n02815834_44.JPEG	12	14	51	48
n02815834_456.JPEG	10	0	49	63
n02815834_195.JPEG	26	12	54	48
n02815834_116.JPEG	15	0	52	63
n02815834_192.JPEG	33	11	63	56
n02815834_261.JPEG	12	18	29	41
n02815834_70.JPEG	29	46	42	60
n02815834_316.JPEG	11	2	47	48
n02815834_212.JPEG	9	38	25	58
n02815834_46.JPEG	13	15	55	63
n02815834_363.JPEG	17	1	44	52
n02815834_337.JPEG	18	25	50	63
n02815834_127.JPEG	29	20	49	46
n02815834_281.JPEG	25	12	58	57
n02815834_224.JPEG	9	4	55	63
n02815834_428.JPEG	29	13	63	63
n02815834_72.JPEG	20	38	51	63
n02815834_155.JPEG	3	8	40	56
n02815834_438.JPEG	9	2	55	63
n02815834_437.JPEG	17	6	44	56
n02815834_448.JPEG	19	6	53	59
n02815834_327.JPEG	15	0	63	59
n02815834_218.JPEG	3	16	30	53
n02815834_78.JPEG	6	1	56	63
n02815834_398.JPEG	35	29	56	56
n02815834_322.JPEG	20	12	50	49
n02815834_182.JPEG	2	0	61	63
n02815834_87.JPEG	0	0	42	61
n02815834_434.JPEG	15	5	48	46
n02815834_260.JPEG	20	11	45	43
n02815834_68.JPEG	6	5	33	56
n02815834_402.JPEG	5	0	54	54
n02815834_12.JPEG	20	2	58	51
n02815834_301.JPEG	0	8	47	62
n02815834_361.JPEG	15	12	56	63
n02815834_98.JPEG	3	4	54	63
n02815834_7.JPEG	10	2	57	63
n02815834_476.JPEG	52	36	63	62
n02815834_339.JPEG	30	16	56	56
n02815834_392.JPEG	36	21	62	62
n02815834_467.JPEG	5	3	59	61
n02815834_4.JPEG	32	0	63	53
n02815834_22.JPEG	28	0	60	55
n02815834_320.JPEG	7	25	26	52
n02815834_245.JPEG	13	5	50	59
n02815834_141.JPEG	16	9	48	56
n02815834_16.JPEG	19	40	28	58
n02815834_324.JPEG	19	14	45	56
n02815834_243.JPEG	23	23	57	62
n02815834_234.JPEG	18	22	46	63
n02815834_54.JPEG	17	0	36	19
n02815834_477.JPEG	7	0	56	63
n02815834_63.JPEG	3	3	62	62
n02815834_264.JPEG	11	5	52	60
n02815834_221.JPEG	34	26	51	56
n02815834_105.JPEG	49	26	63	57
n02815834_390.JPEG	12	0	54	63
n02815834_334.JPEG	18	0	48	63
n02815834_220.JPEG	5	27	33	63
n02815834_84.JPEG	22	20	55	61
val_1824.JPEG	10	5	54	59
val_9340.JPEG	0	0	43	63
val_8954.JPEG	17	33	36	61
val_415.JPEG	14	44	28	63
val_5066.JPEG	2	0	62	63
val_9163.JPEG	1	0	63	63
val_2274.JPEG	3	0	55	63
val_9023.JPEG	21	11	43	40
val_5731.JPEG	27	0	63	56
val_4401.JPEG	29	29	60	63
val_2742.JPEG	2	29	30	63
val_8903.JPEG	16	0	39	54
val_3642.JPEG	28	37	49	63
val_7802.JPEG	0	18	21	63
val_9621.JPEG	7	3	59	63
val_8383.JPEG	8	11	43	59
val_1719.JPEG	9	8	63	57
val_4986.JPEG	0	27	17	60
val_8973.JPEG	12	1	63	63
val_7444.JPEG	40	1	63	59
val_3420.JPEG	19	1	63	60
val_7369.JPEG	17	14	47	53
val_9009.JPEG	15	1	49	58
val_5516.JPEG	11	0	52	63
val_755.JPEG	12	1	53	63
val_1131.JPEG	18	8	49	53
val_987.JPEG	45	0	63	63
val_530.JPEG	27	15	63	54
val_3121.JPEG	18	2	40	30
val_9739.JPEG	16	6	55	60
val_4442.JPEG	12	1	54	63
val_7441.JPEG	6	0	50	63
val_812.JPEG	14	4	60	60
val_8386.JPEG	7	0	55	63
val_1779.JPEG	18	0	38	12
