n02948072_286.JPEG	32	45	63	63
n02948072_354.JPEG	0	0	59	63
n02948072_331.JPEG	42	47	44	55
n02948072_45.JPEG	13	7	51	46
n02948072_120.JPEG	23	0	38	63
n02948072_448.JPEG	36	38	41	47
n02948072_394.JPEG	28	0	41	36
n02948072_41.JPEG	10	28	20	55
n02948072_147.JPEG	34	23	47	63
n02948072_479.JPEG	29	10	39	37
n02948072_414.JPEG	24	27	37	63
n02948072_338.JPEG	0	15	45	63
n02948072_326.JPEG	0	7	63	58
n02948072_468.JPEG	15	6	47	63
n02948072_499.JPEG	3	27	43	63
n02948072_217.JPEG	37	36	41	50
n02948072_191.JPEG	28	45	32	55
n02948072_260.JPEG	32	14	54	63
n02948072_449.JPEG	35	34	40	47
n02948072_226.JPEG	40	51	52	63
n02948072_267.JPEG	37	34	39	43
n02948072_184.JPEG	26	38	28	45
n02948072_185.JPEG	40	33	42	36
n02948072_123.JPEG	11	3	19	50
n02948072_114.JPEG	11	7	63	48
n02948072_440.JPEG	0	7	63	63
n02948072_365.JPEG	42	13	57	43
n02948072_430.JPEG	14	21	38	30
n02948072_469.JPEG	18	5	47	59
n02948072_37.JPEG	15	42	20	63
n02948072_74.JPEG	30	31	32	38
n02948072_3.JPEG	7	5	14	31
n02948072_255.JPEG	26	12	34	35
n02948072_214.JPEG	24	15	42	48
n02948072_454.JPEG	7	22	46	61
n02948072_140.JPEG	27	8	36	49
n02948072_495.JPEG	5	52	11	58
n02948072_252.JPEG	57	26	63	63
n02948072_144.JPEG	43	11	47	30
n02948072_20.JPEG	8	1	53	46
n02948072_91.JPEG	43	30	47	47
n02948072_262.JPEG	10	9	56	63
n02948072_62.JPEG	13	19	38	63
n02948072_50.JPEG	29	0	35	35
n02948072_342.JPEG	37	5	41	44
n02948072_206.JPEG	5	25	15	45
n02948072_332.JPEG	0	12	63	63
n02948072_79.JPEG	41	7	44	32
n02948072_292.JPEG	26	36	39	63
n02948072_117.JPEG	0	26	63	63
n02948072_466.JPEG	28	24	40	34
n02948072_497.JPEG	26	13	37	28
n02948072_373.JPEG	3	6	40	58
n02948072_32.JPEG	17	5	49	63
n02948072_320.JPEG	4	29	49	63
n02948072_398.JPEG	33	8	37	16
n02948072_477.JPEG	21	14	46	55
n02948072_105.JPEG	17	6	22	41
n02948072_476.JPEG	47	3	51	18
n02948072_431.JPEG	32	18	63	63
n02948072_135.JPEG	0	8	4	15
n02948072_315.JPEG	27	31	41	45
n02948072_73.JPEG	31	9	33	17
n02948072_103.JPEG	9	7	31	62
n02948072_259.JPEG	13	0	31	62
n02948072_164.JPEG	52	26	63	49
n02948072_218.JPEG	8	2	56	61
n02948072_484.JPEG	0	2	2	23
n02948072_406.JPEG	15	6	19	50
n02948072_447.JPEG	48	41	51	47
n02948072_61.JPEG	11	0	53	63
n02948072_457.JPEG	0	33	5	59
n02948072_88.JPEG	34	21	60	44
n02948072_348.JPEG	17	5	46	62
n02948072_273.JPEG	11	6	52	60
n02948072_21.JPEG	9	8	14	63
n02948072_322.JPEG	4	18	61	63
n02948072_357.JPEG	7	0	57	38
n02948072_308.JPEG	8	35	45	61
n02948072_432.JPEG	2	0	63	63
n02948072_353.JPEG	0	21	9	63
n02948072_196.JPEG	27	22	38	61
n02948072_145.JPEG	32	14	48	62
n02948072_419.JPEG	26	40	32	63
n02948072_43.JPEG	3	0	63	63
n02948072_187.JPEG	17	23	63	59
n02948072_180.JPEG	18	24	23	39
n02948072_197.JPEG	40	13	63	48
n02948072_323.JPEG	37	1	63	50
n02948072_102.JPEG	37	20	42	39
n02948072_9.JPEG	37	0	44	6
n02948072_4.JPEG	28	45	31	56
n02948072_11.JPEG	20	29	42	56
n02948072_272.JPEG	27	24	38	56
n02948072_317.JPEG	44	26	58	40
n02948072_274.JPEG	4	43	39	63
n02948072_258.JPEG	6	6	58	59
n02948072_284.JPEG	28	31	42	51
n02948072_158.JPEG	52	10	56	39
n02948072_138.JPEG	16	30	47	55
n02948072_376.JPEG	21	0	38	50
n02948072_380.JPEG	13	13	18	25
n02948072_311.JPEG	0	9	20	63
n02948072_318.JPEG	26	33	30	55
n02948072_60.JPEG	10	36	36	63
n02948072_467.JPEG	2	2	61	62
n02948072_296.JPEG	15	24	49	63
n02948072_241.JPEG	35	33	51	62
n02948072_378.JPEG	5	44	42	63
n02948072_12.JPEG	16	13	42	44
n02948072_309.JPEG	30	44	35	58
n02948072_212.JPEG	0	33	1	62
n02948072_36.JPEG	12	14	26	63
n02948072_232.JPEG	37	34	45	60
n02948072_221.JPEG	21	17	47	58
n02948072_244.JPEG	5	25	41	63
n02948072_314.JPEG	12	18	48	46
n02948072_208.JPEG	0	4	10	63
n02948072_78.JPEG	6	17	37	39
n02948072_130.JPEG	30	0	33	1
n02948072_480.JPEG	35	0	40	13
n02948072_71.JPEG	4	0	55	63
n02948072_109.JPEG	0	22	12	44
n02948072_176.JPEG	28	28	39	63
n02948072_152.JPEG	15	26	51	55
n02948072_228.JPEG	32	34	41	51
n02948072_116.JPEG	0	3	26	58
n02948072_118.JPEG	7	13	22	53
n02948072_482.JPEG	15	4	40	48
n02948072_412.JPEG	6	11	61	55
n02948072_276.JPEG	30	4	54	58
n02948072_230.JPEG	57	21	63	63
n02948072_334.JPEG	24	0	34	63
n02948072_23.JPEG	17	18	49	54
n02948072_356.JPEG	19	0	44	63
n02948072_128.JPEG	25	18	59	41
n02948072_472.JPEG	31	0	45	63
n02948072_39.JPEG	25	17	42	41
n02948072_489.JPEG	19	2	48	63
n02948072_377.JPEG	29	30	46	42
n02948072_404.JPEG	0	1	63	63
n02948072_104.JPEG	24	15	50	60
n02948072_250.JPEG	34	0	49	40
n02948072_355.JPEG	13	3	53	61
n02948072_240.JPEG	38	11	47	40
n02948072_171.JPEG	21	35	25	46
n02948072_0.JPEG	27	2	37	61
n02948072_416.JPEG	11	28	34	55
n02948072_493.JPEG	0	37	23	63
n02948072_460.JPEG	13	13	48	35
n02948072_399.JPEG	7	24	36	63
n02948072_362.JPEG	34	2	59	25
n02948072_459.JPEG	34	25	63	63
n02948072_119.JPEG	31	46	32	49
n02948072_233.JPEG	40	24	63	45
n02948072_456.JPEG	19	29	22	37
n02948072_133.JPEG	41	5	45	39
n02948072_428.JPEG	11	41	15	51
n02948072_200.JPEG	12	13	57	55
n02948072_204.JPEG	31	33	34	58
n02948072_463.JPEG	27	20	35	51
n02948072_346.JPEG	24	11	32	56
n02948072_313.JPEG	5	3	61	63
n02948072_15.JPEG	12	39	26	53
n02948072_188.JPEG	35	28	43	60
n02948072_247.JPEG	45	32	63	51
n02948072_29.JPEG	0	1	32	33
n02948072_269.JPEG	29	30	39	47
n02948072_40.JPEG	24	10	43	51
n02948072_17.JPEG	26	3	32	37
n02948072_413.JPEG	24	34	29	48
n02948072_483.JPEG	32	0	38	28
n02948072_401.JPEG	11	3	33	54
n02948072_132.JPEG	53	35	63	52
n02948072_68.JPEG	22	45	26	55
n02948072_268.JPEG	0	7	58	63
n02948072_433.JPEG	52	34	54	43
n02948072_84.JPEG	40	50	44	58
n02948072_340.JPEG	33	47	38	63
n02948072_475.JPEG	32	1	63	37
n02948072_444.JPEG	30	24	32	32
n02948072_261.JPEG	16	9	50	36
n02948072_165.JPEG	23	0	44	53
n02948072_139.JPEG	41	12	58	60
n02948072_410.JPEG	6	25	44	53
n02948072_26.JPEG	10	4	28	47
n02948072_298.JPEG	19	10	50	51
n02948072_239.JPEG	1	0	63	63
n02948072_81.JPEG	4	45	20	63
n02948072_485.JPEG	25	0	41	57
n02948072_382.JPEG	26	33	37	50
n02948072_113.JPEG	17	18	41	47
n02948072_137.JPEG	37	29	45	52
n02948072_189.JPEG	25	4	36	53
n02948072_464.JPEG	18	0	55	55
n02948072_216.JPEG	29	11	63	63
n02948072_110.JPEG	41	16	45	33
n02948072_324.JPEG	31	33	35	47
n02948072_488.JPEG	0	4	31	57
n02948072_251.JPEG	20	39	21	41
n02948072_52.JPEG	8	30	36	57
n02948072_151.JPEG	21	43	30	63
n02948072_481.JPEG	39	28	41	30
n02948072_297.JPEG	23	17	47	41
n02948072_65.JPEG	41	16	63	61
n02948072_249.JPEG	49	35	52	43
n02948072_429.JPEG	5	29	45	61
n02948072_344.JPEG	35	43	38	55
n02948072_121.JPEG	12	27	19	63
n02948072_35.JPEG	49	47	55	63
n02948072_367.JPEG	29	25	51	55
n02948072_19.JPEG	3	0	61	63
n02948072_424.JPEG	41	11	45	63
n02948072_205.JPEG	5	0	35	63
n02948072_462.JPEG	7	41	10	47
n02948072_417.JPEG	1	35	57	63
n02948072_411.JPEG	8	30	13	48
n02948072_423.JPEG	14	38	17	47
n02948072_51.JPEG	20	0	48	56
n02948072_16.JPEG	28	34	31	41
n02948072_124.JPEG	29	0	33	44
n02948072_407.JPEG	6	0	19	10
n02948072_294.JPEG	29	19	39	35
n02948072_302.JPEG	24	13	26	53
n02948072_63.JPEG	23	21	52	51
n02948072_390.JPEG	21	2	45	54
n02948072_496.JPEG	20	0	45	36
n02948072_329.JPEG	9	24	20	40
n02948072_442.JPEG	35	31	61	53
n02948072_389.JPEG	24	8	52	46
n02948072_436.JPEG	8	5	51	62
n02948072_388.JPEG	22	24	48	45
n02948072_86.JPEG	0	1	63	63
n02948072_235.JPEG	16	13	51	56
n02948072_492.JPEG	23	38	25	45
n02948072_55.JPEG	32	14	55	63
n02948072_490.JPEG	35	3	63	36
n02948072_359.JPEG	45	12	48	35
n02948072_333.JPEG	30	0	39	57
n02948072_341.JPEG	10	35	33	63
n02948072_465.JPEG	15	1	56	63
n02948072_231.JPEG	28	0	39	37
n02948072_395.JPEG	35	0	39	25
n02948072_169.JPEG	8	11	56	54
n02948072_58.JPEG	0	5	63	62
n02948072_82.JPEG	43	41	47	49
n02948072_76.JPEG	30	5	46	63
n02948072_238.JPEG	19	16	47	33
n02948072_94.JPEG	0	22	19	52
n02948072_160.JPEG	13	6	53	60
n02948072_170.JPEG	18	12	48	53
n02948072_381.JPEG	12	0	51	59
n02948072_400.JPEG	15	20	28	48
n02948072_358.JPEG	11	19	39	43
n02948072_263.JPEG	1	1	59	61
n02948072_281.JPEG	9	28	15	46
n02948072_70.JPEG	60	33	63	63
n02948072_402.JPEG	4	6	29	63
n02948072_192.JPEG	46	16	63	63
n02948072_494.JPEG	6	23	48	62
n02948072_455.JPEG	15	17	48	53
n02948072_290.JPEG	32	14	63	52
n02948072_352.JPEG	16	3	46	57
n02948072_303.JPEG	2	0	53	63
n02948072_198.JPEG	33	13	59	29
n02948072_6.JPEG	29	35	36	58
n02948072_386.JPEG	63	7	63	25
n02948072_156.JPEG	3	4	63	63
n02948072_418.JPEG	26	26	32	44
n02948072_301.JPEG	28	0	33	26
n02948072_453.JPEG	16	0	48	54
n02948072_319.JPEG	16	37	18	43
n02948072_93.JPEG	44	39	47	51
n02948072_101.JPEG	0	3	1	30
n02948072_141.JPEG	16	36	50	63
n02948072_57.JPEG	28	42	34	52
n02948072_278.JPEG	16	27	50	51
n02948072_474.JPEG	26	40	28	53
n02948072_446.JPEG	28	17	39	29
n02948072_30.JPEG	0	8	4	53
n02948072_111.JPEG	23	23	39	38
n02948072_310.JPEG	22	45	30	62
n02948072_270.JPEG	35	26	63	63
n02948072_172.JPEG	34	29	38	42
n02948072_254.JPEG	17	1	46	45
n02948072_162.JPEG	13	18	45	61
n02948072_193.JPEG	15	3	42	62
n02948072_437.JPEG	14	37	55	63
n02948072_154.JPEG	15	0	30	29
n02948072_80.JPEG	10	0	51	63
n02948072_307.JPEG	1	20	63	63
n02948072_168.JPEG	31	11	35	57
n02948072_305.JPEG	8	33	15	51
n02948072_96.JPEG	11	30	38	63
n02948072_134.JPEG	0	28	63	63
n02948072_368.JPEG	28	15	37	40
n02948072_182.JPEG	33	9	37	31
n02948072_343.JPEG	22	16	34	37
n02948072_265.JPEG	21	21	41	40
n02948072_443.JPEG	31	30	33	43
n02948072_211.JPEG	32	51	36	63
n02948072_64.JPEG	19	24	39	50
n02948072_426.JPEG	25	22	38	63
n02948072_369.JPEG	22	28	40	54
n02948072_487.JPEG	33	0	51	42
n02948072_393.JPEG	15	21	48	56
n02948072_18.JPEG	39	17	42	44
n02948072_384.JPEG	6	1	58	58
n02948072_47.JPEG	46	25	63	53
n02948072_336.JPEG	43	47	45	51
n02948072_335.JPEG	8	35	16	59
n02948072_438.JPEG	12	31	14	39
n02948072_435.JPEG	22	0	47	59
n02948072_451.JPEG	29	2	34	44
n02948072_143.JPEG	1	5	63	63
n02948072_2.JPEG	30	45	31	48
n02948072_161.JPEG	0	38	25	62
n02948072_279.JPEG	17	3	50	36
n02948072_173.JPEG	35	30	37	37
n02948072_473.JPEG	19	41	22	54
n02948072_328.JPEG	19	14	32	63
n02948072_409.JPEG	33	3	36	9
n02948072_125.JPEG	37	29	39	39
n02948072_396.JPEG	48	27	51	58
n02948072_181.JPEG	14	34	27	51
n02948072_107.JPEG	17	19	61	63
n02948072_177.JPEG	21	38	28	51
n02948072_56.JPEG	25	12	32	38
n02948072_209.JPEG	14	23	18	34
n02948072_379.JPEG	45	43	63	63
n02948072_450.JPEG	26	50	27	56
n02948072_387.JPEG	1	26	20	60
n02948072_366.JPEG	4	11	55	56
n02948072_277.JPEG	20	0	44	58
n02948072_126.JPEG	14	7	56	51
n02948072_295.JPEG	5	0	27	62
n02948072_253.JPEG	0	2	63	63
n02948072_364.JPEG	29	3	33	10
n02948072_1.JPEG	30	10	51	38
n02948072_22.JPEG	0	3	36	63
n02948072_427.JPEG	20	0	47	63
n02948072_49.JPEG	9	18	42	63
n02948072_408.JPEG	21	45	24	57
n02948072_95.JPEG	0	13	36	63
n02948072_146.JPEG	24	29	41	62
n02948072_159.JPEG	17	14	51	50
n02948072_33.JPEG	6	18	37	63
n02948072_271.JPEG	21	33	25	49
n02948072_498.JPEG	0	0	63	63
n02948072_316.JPEG	37	9	63	49
val_2612.JPEG	20	6	38	41
val_1189.JPEG	33	0	46	45
val_1249.JPEG	33	31	35	49
val_528.JPEG	12	1	55	31
val_9846.JPEG	12	21	53	63
val_2476.JPEG	4	33	31	61
val_204.JPEG	11	3	63	60
val_7120.JPEG	31	38	34	48
val_8147.JPEG	22	0	41	63
val_194.JPEG	7	12	42	57
val_7357.JPEG	49	15	55	52
val_662.JPEG	0	22	63	63
val_9985.JPEG	24	8	40	43
val_4835.JPEG	27	45	43	63
val_3541.JPEG	27	6	37	19
val_9335.JPEG	18	19	40	41
val_9079.JPEG	45	23	63	52
val_9469.JPEG	6	53	9	63
val_6821.JPEG	34	36	35	41
val_9171.JPEG	24	4	39	50
val_6049.JPEG	0	27	0	43
val_7360.JPEG	8	36	59	63
val_7207.JPEG	33	19	46	34
val_7646.JPEG	25	42	34	59
val_3430.JPEG	23	39	25	46
val_8364.JPEG	18	15	42	29
val_6282.JPEG	28	27	33	39
val_615.JPEG	27	35	32	52
val_9790.JPEG	33	5	63	57
val_6427.JPEG	24	36	26	43
val_5295.JPEG	1	17	6	38
val_8042.JPEG	18	0	32	41
val_5566.JPEG	11	37	18	62
val_3080.JPEG	27	0	34	44
val_5923.JPEG	0	11	20	33
