n07583066_304.JPEG	0	1	63	63
n07583066_37.JPEG	17	19	47	46
n07583066_429.JPEG	31	39	51	52
n07583066_321.JPEG	21	20	45	28
n07583066_232.JPEG	0	7	36	49
n07583066_18.JPEG	1	8	63	60
n07583066_296.JPEG	0	1	63	63
n07583066_48.JPEG	0	14	63	54
n07583066_8.JPEG	4	10	63	63
n07583066_94.JPEG	26	0	60	63
n07583066_160.JPEG	0	24	63	52
n07583066_166.JPEG	1	18	63	63
n07583066_89.JPEG	17	23	37	41
n07583066_371.JPEG	0	0	63	63
n07583066_120.JPEG	0	0	31	22
n07583066_128.JPEG	3	11	63	63
n07583066_46.JPEG	48	27	63	63
n07583066_110.JPEG	0	1	63	63
n07583066_158.JPEG	0	15	61	50
n07583066_435.JPEG	0	0	63	63
n07583066_75.JPEG	3	0	63	59
n07583066_365.JPEG	0	11	47	63
n07583066_72.JPEG	5	5	63	62
n07583066_306.JPEG	25	13	59	48
n07583066_233.JPEG	13	20	42	47
n07583066_494.JPEG	28	0	63	25
n07583066_499.JPEG	1	9	63	63
n07583066_415.JPEG	5	0	57	29
n07583066_249.JPEG	14	18	49	51
n07583066_324.JPEG	36	35	62	55
n07583066_394.JPEG	4	19	28	34
n07583066_400.JPEG	25	21	39	33
n07583066_351.JPEG	7	50	31	63
n07583066_131.JPEG	32	15	57	41
n07583066_216.JPEG	11	2	58	28
n07583066_405.JPEG	29	21	63	63
n07583066_197.JPEG	10	11	58	39
n07583066_196.JPEG	0	10	57	57
n07583066_367.JPEG	0	33	30	55
n07583066_237.JPEG	11	11	63	55
n07583066_413.JPEG	7	6	60	51
n07583066_24.JPEG	7	2	56	44
n07583066_130.JPEG	33	9	63	36
n07583066_386.JPEG	7	20	54	35
n07583066_14.JPEG	11	54	46	63
n07583066_471.JPEG	0	9	63	62
n07583066_323.JPEG	0	0	63	63
n07583066_303.JPEG	16	20	63	56
n07583066_317.JPEG	0	15	63	53
n07583066_475.JPEG	5	23	63	51
n07583066_104.JPEG	0	0	63	56
n07583066_497.JPEG	35	27	63	63
n07583066_379.JPEG	23	57	49	63
n07583066_199.JPEG	39	24	63	58
n07583066_361.JPEG	0	0	63	63
n07583066_339.JPEG	0	1	63	63
n07583066_363.JPEG	57	25	63	51
n07583066_262.JPEG	15	14	52	39
n07583066_144.JPEG	7	26	57	63
n07583066_431.JPEG	3	3	63	40
n07583066_375.JPEG	37	10	63	41
n07583066_147.JPEG	11	19	63	42
n07583066_68.JPEG	35	9	50	18
n07583066_227.JPEG	26	30	63	63
n07583066_463.JPEG	0	1	37	41
n07583066_419.JPEG	4	0	63	59
n07583066_417.JPEG	8	33	55	63
n07583066_496.JPEG	0	13	61	47
n07583066_260.JPEG	10	22	22	34
n07583066_217.JPEG	0	2	63	63
n07583066_66.JPEG	7	4	63	61
n07583066_152.JPEG	0	9	63	60
n07583066_280.JPEG	1	15	63	63
n07583066_359.JPEG	23	29	42	45
n07583066_60.JPEG	20	24	40	44
n07583066_453.JPEG	0	6	63	63
n07583066_372.JPEG	7	6	63	63
n07583066_309.JPEG	0	1	63	57
n07583066_42.JPEG	4	22	58	49
n07583066_439.JPEG	32	17	63	51
n07583066_115.JPEG	0	18	63	56
n07583066_265.JPEG	0	15	17	37
n07583066_330.JPEG	23	25	62	44
n07583066_59.JPEG	13	28	60	52
n07583066_153.JPEG	22	15	41	29
n07583066_159.JPEG	38	1	63	34
n07583066_12.JPEG	0	10	63	45
n07583066_355.JPEG	0	1	43	53
n07583066_387.JPEG	0	0	63	63
n07583066_459.JPEG	33	13	63	44
n07583066_449.JPEG	34	29	53	51
n07583066_291.JPEG	0	13	63	63
n07583066_294.JPEG	18	19	54	53
n07583066_374.JPEG	0	4	57	60
n07583066_154.JPEG	7	7	50	39
n07583066_311.JPEG	0	4	63	55
n07583066_420.JPEG	15	14	47	42
n07583066_2.JPEG	0	9	60	42
n07583066_277.JPEG	0	6	63	63
n07583066_140.JPEG	9	13	49	51
n07583066_476.JPEG	0	1	63	61
n07583066_146.JPEG	20	46	62	63
n07583066_460.JPEG	0	10	63	62
n07583066_331.JPEG	1	11	63	59
n07583066_349.JPEG	13	15	49	54
n07583066_281.JPEG	0	12	58	63
n07583066_238.JPEG	34	1	63	63
n07583066_239.JPEG	0	0	63	46
n07583066_337.JPEG	22	21	44	37
n07583066_421.JPEG	25	25	44	37
n07583066_209.JPEG	5	28	45	59
n07583066_248.JPEG	1	0	61	58
n07583066_328.JPEG	0	15	63	53
n07583066_125.JPEG	0	0	63	63
n07583066_171.JPEG	5	12	57	49
n07583066_432.JPEG	24	28	63	63
n07583066_287.JPEG	0	11	29	52
n07583066_411.JPEG	0	2	63	63
n07583066_465.JPEG	9	9	55	57
n07583066_204.JPEG	2	7	63	59
n07583066_326.JPEG	27	9	63	39
n07583066_444.JPEG	1	24	63	63
n07583066_342.JPEG	11	14	49	37
n07583066_493.JPEG	7	17	58	58
n07583066_63.JPEG	25	22	63	35
n07583066_65.JPEG	0	6	63	48
n07583066_366.JPEG	0	8	63	63
n07583066_226.JPEG	35	8	62	30
n07583066_376.JPEG	32	22	59	61
n07583066_10.JPEG	18	0	61	58
n07583066_211.JPEG	17	39	26	43
n07583066_492.JPEG	0	0	57	63
n07583066_52.JPEG	30	25	63	61
n07583066_271.JPEG	20	36	49	63
n07583066_258.JPEG	0	6	63	50
n07583066_464.JPEG	0	16	63	63
n07583066_202.JPEG	0	1	63	63
n07583066_16.JPEG	5	15	54	35
n07583066_167.JPEG	5	23	33	37
n07583066_495.JPEG	31	5	63	36
n07583066_122.JPEG	16	4	63	42
n07583066_138.JPEG	0	21	63	49
n07583066_165.JPEG	17	13	63	63
n07583066_352.JPEG	0	6	63	44
n07583066_274.JPEG	18	22	51	56
n07583066_81.JPEG	0	18	34	54
n07583066_295.JPEG	2	15	57	56
n07583066_40.JPEG	10	47	63	63
n07583066_484.JPEG	0	6	63	63
n07583066_117.JPEG	0	30	25	63
n07583066_397.JPEG	6	5	59	56
n07583066_358.JPEG	0	0	63	63
n07583066_32.JPEG	2	20	63	50
n07583066_9.JPEG	15	14	57	43
n07583066_55.JPEG	1	9	40	55
n07583066_489.JPEG	0	7	29	37
n07583066_142.JPEG	9	30	39	54
n07583066_84.JPEG	6	6	51	36
n07583066_92.JPEG	7	21	63	47
n07583066_404.JPEG	4	19	57	56
n07583066_33.JPEG	3	14	63	54
n07583066_127.JPEG	7	11	62	56
n07583066_54.JPEG	7	14	28	28
n07583066_467.JPEG	0	27	48	45
n07583066_99.JPEG	37	21	63	51
n07583066_151.JPEG	4	0	51	63
n07583066_255.JPEG	0	12	63	58
n07583066_214.JPEG	7	15	63	63
n07583066_279.JPEG	0	5	63	63
n07583066_194.JPEG	10	20	61	61
n07583066_252.JPEG	30	33	63	59
n07583066_425.JPEG	7	4	50	36
n07583066_350.JPEG	4	19	32	48
n07583066_347.JPEG	6	16	52	48
n07583066_340.JPEG	0	0	63	63
n07583066_256.JPEG	49	21	63	38
n07583066_195.JPEG	0	1	63	63
n07583066_325.JPEG	8	56	25	63
n07583066_98.JPEG	0	0	63	63
n07583066_223.JPEG	15	25	45	49
n07583066_206.JPEG	0	9	63	63
n07583066_187.JPEG	47	30	63	59
n07583066_150.JPEG	45	13	63	30
n07583066_485.JPEG	0	1	63	41
n07583066_21.JPEG	37	13	63	33
n07583066_79.JPEG	14	6	55	32
n07583066_382.JPEG	0	22	63	63
n07583066_182.JPEG	27	8	60	27
n07583066_302.JPEG	37	30	61	56
n07583066_391.JPEG	0	3	63	63
n07583066_344.JPEG	36	30	63	50
n07583066_77.JPEG	10	12	36	37
n07583066_97.JPEG	7	2	63	63
n07583066_93.JPEG	2	36	33	60
n07583066_390.JPEG	0	22	27	62
n07583066_180.JPEG	15	24	63	61
n07583066_13.JPEG	30	22	48	33
n07583066_1.JPEG	23	23	63	42
n07583066_346.JPEG	7	23	56	44
n07583066_145.JPEG	0	9	63	63
n07583066_369.JPEG	16	10	63	44
n07583066_207.JPEG	9	24	24	46
n07583066_27.JPEG	1	28	48	63
n07583066_388.JPEG	11	9	50	42
n07583066_108.JPEG	0	19	63	63
n07583066_478.JPEG	10	5	55	41
n07583066_105.JPEG	0	1	63	63
n07583066_319.JPEG	19	22	63	52
n07583066_385.JPEG	0	11	39	39
n07583066_407.JPEG	8	1	62	29
n07583066_173.JPEG	0	3	63	59
n07583066_61.JPEG	3	35	54	63
n07583066_236.JPEG	12	5	55	29
n07583066_461.JPEG	11	34	63	58
n07583066_219.JPEG	5	16	56	63
n07583066_370.JPEG	9	13	47	37
n07583066_69.JPEG	1	0	63	63
n07583066_301.JPEG	4	19	63	62
n07583066_487.JPEG	27	32	62	59
n07583066_50.JPEG	2	0	50	39
n07583066_447.JPEG	16	27	51	60
n07583066_436.JPEG	12	14	47	51
n07583066_45.JPEG	0	10	53	29
n07583066_491.JPEG	13	2	58	27
n07583066_481.JPEG	20	11	63	56
n07583066_4.JPEG	0	8	63	63
n07583066_143.JPEG	4	16	53	46
n07583066_38.JPEG	1	5	56	53
n07583066_462.JPEG	0	6	63	48
n07583066_212.JPEG	11	21	51	55
n07583066_26.JPEG	0	4	59	57
n07583066_49.JPEG	0	4	56	56
n07583066_156.JPEG	36	24	63	49
n07583066_482.JPEG	15	14	50	53
n07583066_264.JPEG	0	2	63	63
n07583066_70.JPEG	12	6	59	59
n07583066_205.JPEG	0	18	63	48
n07583066_95.JPEG	43	31	63	50
n07583066_334.JPEG	0	13	63	45
n07583066_28.JPEG	10	43	36	59
n07583066_403.JPEG	4	2	63	54
n07583066_141.JPEG	0	0	63	53
n07583066_299.JPEG	1	9	63	63
n07583066_474.JPEG	11	25	47	38
n07583066_15.JPEG	0	17	63	42
n07583066_314.JPEG	28	17	47	32
n07583066_345.JPEG	0	14	63	51
n07583066_293.JPEG	36	4	57	42
n07583066_424.JPEG	2	5	63	56
n07583066_6.JPEG	0	16	63	52
n07583066_297.JPEG	9	6	63	63
n07583066_322.JPEG	0	1	20	14
n07583066_133.JPEG	0	19	20	53
n07583066_184.JPEG	6	25	33	51
n07583066_469.JPEG	39	35	45	42
n07583066_368.JPEG	8	5	62	41
n07583066_455.JPEG	0	9	63	62
n07583066_275.JPEG	0	1	33	19
n07583066_118.JPEG	0	12	58	61
n07583066_457.JPEG	0	4	24	41
n07583066_215.JPEG	0	8	62	54
n07583066_17.JPEG	17	22	58	54
n07583066_103.JPEG	8	13	58	57
n07583066_185.JPEG	0	0	63	63
n07583066_200.JPEG	42	30	61	44
n07583066_269.JPEG	0	5	63	47
n07583066_247.JPEG	27	2	52	18
n07583066_168.JPEG	16	37	35	50
n07583066_126.JPEG	4	10	58	57
n07583066_53.JPEG	16	5	63	58
n07583066_336.JPEG	0	6	63	63
n07583066_454.JPEG	0	11	52	62
n07583066_479.JPEG	0	7	23	39
n07583066_179.JPEG	0	1	63	63
n07583066_208.JPEG	23	16	44	34
n07583066_67.JPEG	0	3	63	63
n07583066_310.JPEG	0	5	63	51
n07583066_263.JPEG	2	42	36	63
n07583066_129.JPEG	13	7	63	58
n07583066_164.JPEG	10	3	55	44
n07583066_86.JPEG	7	52	21	59
n07583066_468.JPEG	38	43	45	55
n07583066_338.JPEG	0	1	56	63
n07583066_423.JPEG	14	38	63	63
n07583066_426.JPEG	22	0	63	28
n07583066_175.JPEG	9	13	57	51
n07583066_224.JPEG	1	0	48	44
n07583066_399.JPEG	9	9	62	55
n07583066_41.JPEG	42	35	57	45
n07583066_136.JPEG	0	9	63	50
n07583066_254.JPEG	14	26	56	51
n07583066_244.JPEG	9	10	54	54
n07583066_443.JPEG	7	24	58	40
n07583066_445.JPEG	11	17	51	47
n07583066_135.JPEG	0	0	63	63
n07583066_213.JPEG	14	30	37	50
n07583066_242.JPEG	9	12	53	47
n07583066_490.JPEG	5	35	56	63
n07583066_170.JPEG	0	11	63	63
n07583066_76.JPEG	20	27	63	60
n07583066_230.JPEG	0	0	33	30
n07583066_220.JPEG	4	0	62	63
n07583066_488.JPEG	3	10	62	58
n07583066_446.JPEG	9	36	48	59
n07583066_177.JPEG	20	17	63	63
n07583066_245.JPEG	39	18	63	46
n07583066_109.JPEG	10	10	57	56
n07583066_466.JPEG	38	25	63	48
n07583066_410.JPEG	10	10	60	47
n07583066_402.JPEG	4	11	63	46
n07583066_203.JPEG	0	0	63	63
n07583066_362.JPEG	7	16	21	34
n07583066_123.JPEG	0	4	29	56
n07583066_85.JPEG	44	7	63	28
n07583066_137.JPEG	2	13	55	46
n07583066_73.JPEG	21	13	44	31
n07583066_23.JPEG	0	23	63	63
n07583066_193.JPEG	3	8	63	58
n07583066_106.JPEG	15	13	62	56
n07583066_161.JPEG	0	0	46	27
n07583066_259.JPEG	22	5	41	42
n07583066_190.JPEG	0	0	60	63
n07583066_119.JPEG	13	40	50	63
n07583066_364.JPEG	22	5	62	43
n07583066_218.JPEG	44	23	57	37
n07583066_266.JPEG	1	0	63	56
n07583066_253.JPEG	23	15	58	45
n07583066_392.JPEG	1	37	53	63
n07583066_169.JPEG	5	5	59	59
n07583066_477.JPEG	19	22	51	44
n07583066_307.JPEG	2	17	63	52
n07583066_80.JPEG	0	5	63	63
n07583066_383.JPEG	34	1	55	18
n07583066_101.JPEG	10	9	59	48
n07583066_112.JPEG	0	4	63	63
n07583066_320.JPEG	0	9	63	63
n07583066_51.JPEG	0	9	46	55
n07583066_452.JPEG	0	25	24	60
n07583066_0.JPEG	11	19	56	46
n07583066_189.JPEG	24	24	48	44
n07583066_178.JPEG	28	2	63	50
n07583066_134.JPEG	13	4	63	63
n07583066_36.JPEG	0	34	20	50
n07583066_64.JPEG	3	13	47	49
n07583066_39.JPEG	16	19	50	33
n07583066_191.JPEG	0	18	50	43
n07583066_272.JPEG	0	12	63	63
n07583066_116.JPEG	4	12	60	55
n07583066_384.JPEG	1	11	54	52
n07583066_333.JPEG	0	10	28	54
val_3875.JPEG	0	26	33	63
val_7706.JPEG	0	0	63	63
val_4995.JPEG	3	18	54	53
val_2738.JPEG	14	21	53	42
val_5185.JPEG	18	38	58	63
val_7226.JPEG	0	11	63	63
val_7184.JPEG	8	17	40	49
val_9282.JPEG	9	1	46	31
val_2568.JPEG	0	14	19	39
val_3180.JPEG	7	17	37	36
val_4510.JPEG	33	32	54	63
val_9209.JPEG	6	16	27	36
val_1439.JPEG	39	6	63	60
val_9375.JPEG	7	28	58	40
val_2280.JPEG	0	6	63	62
val_9149.JPEG	1	4	63	63
val_9930.JPEG	3	36	31	55
val_9805.JPEG	0	27	26	45
val_6688.JPEG	2	1	63	63
val_558.JPEG	17	37	54	59
val_4631.JPEG	0	4	63	63
val_9042.JPEG	8	8	44	44
val_4252.JPEG	47	18	63	39
val_3892.JPEG	0	4	63	63
val_6626.JPEG	13	0	33	12
val_1374.JPEG	0	1	63	62
val_2838.JPEG	0	14	22	49
val_5473.JPEG	0	12	13	60
val_3218.JPEG	35	14	63	53
val_7429.JPEG	5	4	57	55
val_6069.JPEG	11	11	60	50
val_8810.JPEG	0	0	63	63
val_5630.JPEG	3	10	63	63
val_1575.JPEG	13	32	31	52
val_3299.JPEG	4	15	63	63
