n03388043_453.JPEG	1	0	63	63
n03388043_179.JPEG	0	0	63	63
n03388043_118.JPEG	0	0	63	63
n03388043_309.JPEG	19	30	63	63
n03388043_209.JPEG	11	2	56	50
n03388043_464.JPEG	0	0	63	63
n03388043_12.JPEG	0	6	63	44
n03388043_158.JPEG	1	53	63	63
n03388043_98.JPEG	22	0	46	63
n03388043_67.JPEG	11	15	19	49
n03388043_226.JPEG	0	0	63	63
n03388043_21.JPEG	0	3	63	63
n03388043_213.JPEG	0	33	63	63
n03388043_366.JPEG	26	28	33	37
n03388043_274.JPEG	41	18	63	36
n03388043_450.JPEG	48	0	63	57
n03388043_225.JPEG	0	9	49	63
n03388043_57.JPEG	0	6	63	63
n03388043_480.JPEG	0	6	63	63
n03388043_91.JPEG	0	0	63	25
n03388043_246.JPEG	53	24	63	50
n03388043_482.JPEG	0	11	63	59
n03388043_468.JPEG	0	55	0	59
n03388043_103.JPEG	0	0	63	63
n03388043_430.JPEG	1	9	63	57
n03388043_499.JPEG	0	1	61	63
n03388043_249.JPEG	13	47	63	63
n03388043_494.JPEG	0	8	63	59
n03388043_490.JPEG	0	8	63	62
n03388043_383.JPEG	16	7	49	61
n03388043_495.JPEG	0	5	63	63
n03388043_39.JPEG	0	0	63	63
n03388043_463.JPEG	21	21	63	63
n03388043_329.JPEG	13	0	51	63
n03388043_299.JPEG	0	25	63	63
n03388043_170.JPEG	14	31	55	60
n03388043_88.JPEG	24	4	33	45
n03388043_253.JPEG	0	4	63	63
n03388043_459.JPEG	0	9	63	44
n03388043_423.JPEG	24	17	48	54
n03388043_319.JPEG	0	0	63	63
n03388043_444.JPEG	1	17	42	55
n03388043_107.JPEG	60	32	63	45
n03388043_330.JPEG	0	3	42	45
n03388043_279.JPEG	5	9	57	46
n03388043_348.JPEG	0	6	35	55
n03388043_451.JPEG	0	0	63	63
n03388043_413.JPEG	0	12	63	53
n03388043_241.JPEG	29	31	63	49
n03388043_370.JPEG	6	0	59	63
n03388043_243.JPEG	0	1	63	63
n03388043_322.JPEG	29	2	51	37
n03388043_32.JPEG	23	19	47	53
n03388043_442.JPEG	0	15	63	63
n03388043_34.JPEG	0	1	63	63
n03388043_163.JPEG	11	0	52	63
n03388043_40.JPEG	0	15	63	60
n03388043_365.JPEG	19	15	46	63
n03388043_455.JPEG	21	24	46	41
n03388043_354.JPEG	0	2	63	63
n03388043_382.JPEG	5	0	59	63
n03388043_262.JPEG	8	32	9	46
n03388043_326.JPEG	9	7	63	63
n03388043_369.JPEG	27	17	58	50
n03388043_187.JPEG	1	4	63	63
n03388043_484.JPEG	0	7	62	47
n03388043_315.JPEG	32	19	43	37
n03388043_89.JPEG	0	0	59	60
n03388043_496.JPEG	0	0	63	56
n03388043_458.JPEG	5	0	60	57
n03388043_343.JPEG	0	4	63	63
n03388043_137.JPEG	0	0	63	63
n03388043_409.JPEG	9	0	55	55
n03388043_44.JPEG	4	25	12	47
n03388043_125.JPEG	19	5	43	57
n03388043_214.JPEG	2	23	41	50
n03388043_412.JPEG	0	10	63	63
n03388043_327.JPEG	0	4	47	59
n03388043_306.JPEG	10	0	55	63
n03388043_421.JPEG	21	21	63	63
n03388043_433.JPEG	0	0	63	63
n03388043_203.JPEG	0	20	63	54
n03388043_293.JPEG	2	0	61	63
n03388043_272.JPEG	2	0	63	45
n03388043_288.JPEG	0	2	63	62
n03388043_145.JPEG	24	28	40	62
n03388043_70.JPEG	24	8	43	40
n03388043_477.JPEG	25	0	39	58
n03388043_109.JPEG	27	1	63	42
n03388043_434.JPEG	26	0	42	63
n03388043_180.JPEG	0	10	63	63
n03388043_471.JPEG	6	0	59	63
n03388043_164.JPEG	14	0	52	63
n03388043_461.JPEG	23	22	45	43
n03388043_255.JPEG	1	0	63	63
n03388043_432.JPEG	0	1	63	63
n03388043_114.JPEG	35	22	53	50
n03388043_374.JPEG	8	7	58	48
n03388043_178.JPEG	0	0	52	56
n03388043_128.JPEG	11	23	39	51
n03388043_445.JPEG	0	8	63	59
n03388043_377.JPEG	13	7	50	57
n03388043_56.JPEG	3	18	60	49
n03388043_292.JPEG	8	0	59	63
n03388043_222.JPEG	0	61	63	63
n03388043_321.JPEG	0	20	63	63
n03388043_303.JPEG	0	0	63	63
n03388043_364.JPEG	0	1	63	63
n03388043_497.JPEG	0	7	63	62
n03388043_17.JPEG	0	9	63	39
n03388043_29.JPEG	16	40	17	60
n03388043_493.JPEG	7	0	63	63
n03388043_320.JPEG	31	17	39	47
n03388043_422.JPEG	0	15	63	62
n03388043_138.JPEG	23	23	46	51
n03388043_375.JPEG	0	2	63	55
n03388043_16.JPEG	0	12	16	62
n03388043_454.JPEG	1	0	63	63
n03388043_341.JPEG	3	39	34	56
n03388043_401.JPEG	21	26	58	60
n03388043_305.JPEG	18	0	63	63
n03388043_263.JPEG	7	3	62	63
n03388043_82.JPEG	16	4	63	63
n03388043_216.JPEG	0	0	63	63
n03388043_121.JPEG	10	13	58	60
n03388043_415.JPEG	1	0	63	28
n03388043_350.JPEG	0	15	63	54
n03388043_234.JPEG	12	24	49	63
n03388043_256.JPEG	2	25	63	58
n03388043_312.JPEG	0	26	63	63
n03388043_4.JPEG	0	17	63	51
n03388043_66.JPEG	36	38	52	55
n03388043_215.JPEG	2	9	62	63
n03388043_254.JPEG	27	0	43	55
n03388043_15.JPEG	11	29	37	51
n03388043_311.JPEG	36	4	63	63
n03388043_332.JPEG	26	0	44	55
n03388043_466.JPEG	0	5	61	63
n03388043_247.JPEG	23	5	41	52
n03388043_441.JPEG	0	1	63	43
n03388043_467.JPEG	23	45	49	54
n03388043_257.JPEG	0	6	63	60
n03388043_80.JPEG	0	46	25	61
n03388043_152.JPEG	0	0	63	63
n03388043_134.JPEG	9	0	56	63
n03388043_176.JPEG	24	10	45	51
n03388043_449.JPEG	0	0	63	61
n03388043_182.JPEG	0	19	63	55
n03388043_155.JPEG	0	2	63	63
n03388043_250.JPEG	0	28	63	63
n03388043_65.JPEG	9	7	45	63
n03388043_64.JPEG	2	13	63	63
n03388043_206.JPEG	0	17	63	63
n03388043_83.JPEG	0	1	63	63
n03388043_177.JPEG	0	3	63	63
n03388043_76.JPEG	0	1	63	60
n03388043_290.JPEG	0	42	4	55
n03388043_38.JPEG	10	3	49	49
n03388043_228.JPEG	1	17	63	51
n03388043_7.JPEG	0	0	63	63
n03388043_380.JPEG	0	4	38	58
n03388043_30.JPEG	40	23	63	53
n03388043_102.JPEG	0	7	62	63
n03388043_160.JPEG	0	0	63	63
n03388043_435.JPEG	4	0	41	63
n03388043_74.JPEG	0	0	63	37
n03388043_75.JPEG	0	0	63	63
n03388043_142.JPEG	0	0	63	62
n03388043_286.JPEG	45	39	56	53
n03388043_123.JPEG	34	25	55	57
n03388043_355.JPEG	16	18	62	49
n03388043_10.JPEG	0	0	63	63
n03388043_136.JPEG	0	0	63	63
n03388043_127.JPEG	16	18	63	57
n03388043_112.JPEG	0	12	63	62
n03388043_289.JPEG	3	13	61	63
n03388043_27.JPEG	63	26	63	50
n03388043_183.JPEG	7	1	63	63
n03388043_271.JPEG	8	16	63	63
n03388043_193.JPEG	6	7	62	63
n03388043_133.JPEG	0	1	63	63
n03388043_389.JPEG	23	48	29	55
n03388043_197.JPEG	0	1	63	63
n03388043_239.JPEG	13	2	63	63
n03388043_273.JPEG	34	0	62	63
n03388043_339.JPEG	0	1	63	63
n03388043_307.JPEG	63	3	63	25
n03388043_456.JPEG	6	0	63	63
n03388043_481.JPEG	1	0	63	63
n03388043_106.JPEG	0	0	63	63
n03388043_416.JPEG	20	7	32	53
n03388043_154.JPEG	0	3	63	63
n03388043_68.JPEG	14	11	63	59
n03388043_338.JPEG	30	1	63	63
n03388043_162.JPEG	0	23	48	62
n03388043_248.JPEG	1	0	63	38
n03388043_140.JPEG	0	15	63	46
n03388043_447.JPEG	2	56	63	63
n03388043_318.JPEG	0	15	63	63
n03388043_99.JPEG	0	0	63	63
n03388043_85.JPEG	0	2	41	63
n03388043_232.JPEG	5	0	57	63
n03388043_159.JPEG	0	3	63	63
n03388043_394.JPEG	9	16	36	49
n03388043_331.JPEG	0	4	63	56
n03388043_100.JPEG	7	2	53	49
n03388043_296.JPEG	0	12	63	63
n03388043_231.JPEG	0	1	63	48
n03388043_233.JPEG	17	12	56	63
n03388043_238.JPEG	5	17	62	62
n03388043_424.JPEG	0	38	8	54
n03388043_42.JPEG	0	0	63	42
n03388043_41.JPEG	17	0	63	63
n03388043_491.JPEG	23	0	41	52
n03388043_54.JPEG	19	0	35	47
n03388043_221.JPEG	0	19	60	48
n03388043_141.JPEG	0	28	63	54
n03388043_385.JPEG	0	35	63	50
n03388043_414.JPEG	0	6	63	56
n03388043_420.JPEG	4	11	45	63
n03388043_452.JPEG	42	1	63	46
n03388043_388.JPEG	0	12	63	50
n03388043_308.JPEG	1	2	63	63
n03388043_115.JPEG	13	20	46	62
n03388043_46.JPEG	0	35	63	56
n03388043_227.JPEG	0	1	57	48
n03388043_24.JPEG	0	15	63	63
n03388043_439.JPEG	20	0	46	50
n03388043_428.JPEG	0	15	63	60
n03388043_358.JPEG	0	1	63	63
n03388043_282.JPEG	0	2	63	63
n03388043_153.JPEG	22	0	63	60
n03388043_132.JPEG	0	11	54	59
n03388043_113.JPEG	0	0	63	63
n03388043_345.JPEG	13	15	29	43
n03388043_49.JPEG	0	0	63	63
n03388043_268.JPEG	1	1	17	59
n03388043_236.JPEG	0	0	63	63
n03388043_281.JPEG	15	17	46	35
n03388043_265.JPEG	0	2	53	47
n03388043_165.JPEG	0	19	63	46
n03388043_373.JPEG	0	23	53	63
n03388043_224.JPEG	16	32	46	48
n03388043_169.JPEG	4	13	31	32
n03388043_317.JPEG	5	5	63	63
n03388043_235.JPEG	26	0	63	63
n03388043_25.JPEG	13	8	37	29
n03388043_96.JPEG	12	21	55	39
n03388043_212.JPEG	15	41	49	63
n03388043_144.JPEG	0	1	31	63
n03388043_61.JPEG	0	0	63	38
n03388043_181.JPEG	16	15	46	46
n03388043_55.JPEG	10	0	51	63
n03388043_429.JPEG	0	1	63	56
n03388043_462.JPEG	10	0	58	63
n03388043_190.JPEG	0	0	59	63
n03388043_371.JPEG	5	0	60	63
n03388043_302.JPEG	0	7	49	47
n03388043_37.JPEG	0	9	63	48
n03388043_473.JPEG	25	31	49	63
n03388043_411.JPEG	22	14	54	49
n03388043_294.JPEG	11	13	48	43
n03388043_324.JPEG	23	2	40	40
n03388043_110.JPEG	0	13	63	63
n03388043_393.JPEG	0	0	63	63
n03388043_244.JPEG	26	2	63	62
n03388043_291.JPEG	35	0	38	34
n03388043_242.JPEG	16	0	45	55
n03388043_335.JPEG	9	0	50	63
n03388043_13.JPEG	5	15	17	41
n03388043_201.JPEG	0	0	63	63
n03388043_220.JPEG	27	0	41	31
n03388043_404.JPEG	0	1	46	48
n03388043_427.JPEG	0	3	63	63
n03388043_63.JPEG	29	7	48	51
n03388043_313.JPEG	0	0	63	63
n03388043_489.JPEG	0	0	50	63
n03388043_431.JPEG	0	2	63	56
n03388043_396.JPEG	1	0	63	63
n03388043_60.JPEG	1	1	63	58
n03388043_202.JPEG	0	25	63	55
n03388043_175.JPEG	0	16	63	63
n03388043_186.JPEG	30	22	34	35
n03388043_284.JPEG	14	21	63	63
n03388043_50.JPEG	0	0	63	63
n03388043_185.JPEG	17	0	55	63
n03388043_84.JPEG	17	16	63	63
n03388043_205.JPEG	28	15	63	31
n03388043_472.JPEG	0	0	63	58
n03388043_129.JPEG	14	5	63	59
n03388043_261.JPEG	0	0	63	63
n03388043_362.JPEG	5	28	63	62
n03388043_470.JPEG	1	0	63	63
n03388043_446.JPEG	25	11	35	36
n03388043_436.JPEG	1	2	63	63
n03388043_346.JPEG	22	14	52	41
n03388043_167.JPEG	18	0	50	63
n03388043_267.JPEG	1	0	54	63
n03388043_283.JPEG	0	2	63	53
n03388043_47.JPEG	0	4	63	63
n03388043_387.JPEG	0	7	63	63
n03388043_251.JPEG	30	40	33	60
n03388043_26.JPEG	0	1	63	63
n03388043_488.JPEG	0	0	63	63
n03388043_337.JPEG	0	1	63	63
n03388043_295.JPEG	20	30	42	62
n03388043_304.JPEG	1	0	63	63
n03388043_36.JPEG	36	15	63	42
n03388043_130.JPEG	20	1	40	35
n03388043_51.JPEG	23	20	48	43
n03388043_384.JPEG	0	33	63	63
n03388043_333.JPEG	21	7	49	45
n03388043_425.JPEG	0	0	26	19
n03388043_105.JPEG	3	26	61	61
n03388043_230.JPEG	0	32	63	53
n03388043_485.JPEG	30	1	39	6
n03388043_392.JPEG	25	15	34	38
n03388043_22.JPEG	19	9	41	50
n03388043_2.JPEG	1	0	63	63
n03388043_59.JPEG	0	0	63	63
n03388043_1.JPEG	3	4	63	63
n03388043_73.JPEG	0	11	63	63
n03388043_301.JPEG	0	30	63	63
n03388043_86.JPEG	0	30	47	63
n03388043_363.JPEG	9	0	59	41
n03388043_172.JPEG	0	8	63	63
n03388043_43.JPEG	0	4	63	63
n03388043_426.JPEG	4	21	51	45
n03388043_240.JPEG	1	0	63	63
n03388043_124.JPEG	22	20	36	44
n03388043_218.JPEG	0	12	63	63
n03388043_211.JPEG	0	0	63	63
n03388043_310.JPEG	4	0	63	63
n03388043_260.JPEG	0	0	63	63
n03388043_77.JPEG	23	21	47	50
n03388043_378.JPEG	0	21	63	63
n03388043_150.JPEG	0	0	63	63
n03388043_443.JPEG	17	10	46	52
n03388043_275.JPEG	6	0	62	63
n03388043_498.JPEG	33	1	63	60
n03388043_469.JPEG	4	24	35	63
n03388043_264.JPEG	12	28	30	63
n03388043_245.JPEG	6	16	56	52
n03388043_198.JPEG	0	13	63	55
n03388043_448.JPEG	0	20	63	63
n03388043_325.JPEG	2	1	56	43
n03388043_156.JPEG	22	0	44	63
n03388043_280.JPEG	13	17	18	62
n03388043_465.JPEG	0	35	42	59
n03388043_79.JPEG	0	1	63	63
val_9871.JPEG	0	4	63	63
val_9513.JPEG	3	1	63	63
val_1162.JPEG	0	5	63	63
val_6965.JPEG	14	14	60	63
val_8033.JPEG	0	25	63	63
val_5090.JPEG	0	13	63	63
val_8013.JPEG	6	0	62	63
val_9089.JPEG	7	0	53	63
val_3047.JPEG	7	0	57	54
val_7186.JPEG	28	8	37	15
val_786.JPEG	0	3	63	63
val_5724.JPEG	7	19	60	56
val_7342.JPEG	50	20	53	50
val_2185.JPEG	13	1	53	55
val_3242.JPEG	25	0	28	63
val_4633.JPEG	0	0	63	63
val_5904.JPEG	0	5	54	63
val_4777.JPEG	6	0	59	46
val_2730.JPEG	12	23	22	63
val_2962.JPEG	2	0	63	63
val_8162.JPEG	0	0	63	49
val_9623.JPEG	2	27	50	53
val_8164.JPEG	0	25	63	63
val_2794.JPEG	0	9	24	62
val_6316.JPEG	41	3	54	51
val_6200.JPEG	0	14	63	62
val_9539.JPEG	6	0	63	62
val_1604.JPEG	0	7	63	63
val_2258.JPEG	9	4	63	63
val_2246.JPEG	7	32	48	63
val_7493.JPEG	5	0	58	63
val_1157.JPEG	0	4	63	63
val_1099.JPEG	1	4	53	52
val_1198.JPEG	0	35	63	61
val_8513.JPEG	11	23	55	49
