n01774384_114.JPEG	29	1	60	63
n01774384_283.JPEG	16	20	51	47
n01774384_358.JPEG	17	22	55	46
n01774384_316.JPEG	4	0	56	63
n01774384_28.JPEG	14	15	59	49
n01774384_422.JPEG	16	15	43	56
n01774384_196.JPEG	10	19	63	61
n01774384_178.JPEG	18	22	43	43
n01774384_340.JPEG	0	15	63	61
n01774384_167.JPEG	12	16	59	47
n01774384_307.JPEG	19	20	58	48
n01774384_189.JPEG	6	4	47	61
n01774384_447.JPEG	10	11	63	52
n01774384_497.JPEG	0	15	63	49
n01774384_420.JPEG	0	1	63	63
n01774384_22.JPEG	3	0	63	63
n01774384_106.JPEG	25	15	54	34
n01774384_262.JPEG	22	25	44	40
n01774384_46.JPEG	9	19	63	49
n01774384_111.JPEG	19	23	48	47
n01774384_407.JPEG	1	11	61	46
n01774384_434.JPEG	0	17	41	51
n01774384_379.JPEG	20	0	48	50
n01774384_68.JPEG	7	0	63	63
n01774384_80.JPEG	16	1	55	53
n01774384_101.JPEG	0	4	60	60
n01774384_70.JPEG	42	23	58	49
n01774384_64.JPEG	15	15	60	59
n01774384_192.JPEG	8	7	38	51
n01774384_4.JPEG	0	5	44	58
n01774384_57.JPEG	0	1	48	41
n01774384_297.JPEG	0	0	63	63
n01774384_235.JPEG	7	1	63	63
n01774384_478.JPEG	12	0	56	63
n01774384_149.JPEG	4	6	63	63
n01774384_258.JPEG	0	2	63	63
n01774384_200.JPEG	20	18	52	52
n01774384_256.JPEG	23	5	43	56
n01774384_451.JPEG	16	10	48	48
n01774384_88.JPEG	8	20	39	60
n01774384_24.JPEG	21	11	41	42
n01774384_260.JPEG	2	22	56	51
n01774384_132.JPEG	20	26	38	40
n01774384_72.JPEG	0	1	63	63
n01774384_90.JPEG	35	28	44	45
n01774384_461.JPEG	19	16	49	40
n01774384_234.JPEG	13	3	55	50
n01774384_427.JPEG	15	31	39	49
n01774384_348.JPEG	0	8	62	60
n01774384_476.JPEG	1	0	54	63
n01774384_492.JPEG	18	22	44	42
n01774384_431.JPEG	0	5	60	47
n01774384_140.JPEG	21	17	39	35
n01774384_333.JPEG	0	20	63	61
n01774384_483.JPEG	19	10	63	45
n01774384_54.JPEG	4	0	59	63
n01774384_401.JPEG	29	20	41	42
n01774384_222.JPEG	7	9	55	56
n01774384_498.JPEG	21	22	40	43
n01774384_425.JPEG	0	1	63	61
n01774384_87.JPEG	4	6	59	63
n01774384_479.JPEG	0	8	63	50
n01774384_1.JPEG	7	18	63	55
n01774384_47.JPEG	23	3	48	38
n01774384_296.JPEG	25	0	39	20
n01774384_127.JPEG	0	15	63	56
n01774384_53.JPEG	4	5	61	52
n01774384_300.JPEG	0	12	59	53
n01774384_449.JPEG	26	10	59	50
n01774384_29.JPEG	13	20	57	61
n01774384_368.JPEG	6	0	63	53
n01774384_66.JPEG	4	6	41	58
n01774384_147.JPEG	0	14	63	52
n01774384_162.JPEG	0	1	63	63
n01774384_253.JPEG	10	1	58	62
n01774384_51.JPEG	16	11	40	37
n01774384_107.JPEG	13	1	57	59
n01774384_85.JPEG	23	41	40	51
n01774384_458.JPEG	3	1	58	58
n01774384_45.JPEG	11	0	62	62
n01774384_446.JPEG	0	15	56	63
n01774384_345.JPEG	7	11	60	48
n01774384_244.JPEG	4	0	61	63
n01774384_56.JPEG	6	24	41	40
n01774384_236.JPEG	0	6	63	55
n01774384_303.JPEG	7	21	53	41
n01774384_30.JPEG	24	16	46	38
n01774384_105.JPEG	10	11	48	59
n01774384_133.JPEG	4	11	59	63
n01774384_291.JPEG	1	5	63	55
n01774384_432.JPEG	14	17	59	59
n01774384_305.JPEG	22	3	59	42
n01774384_465.JPEG	0	12	63	57
n01774384_493.JPEG	32	4	63	39
n01774384_309.JPEG	16	16	56	56
n01774384_278.JPEG	12	8	63	63
n01774384_15.JPEG	14	36	35	58
n01774384_428.JPEG	17	1	54	63
n01774384_472.JPEG	15	19	46	51
n01774384_293.JPEG	21	17	60	57
n01774384_320.JPEG	0	1	63	63
n01774384_433.JPEG	3	25	43	46
n01774384_490.JPEG	6	8	60	58
n01774384_100.JPEG	21	0	47	62
n01774384_269.JPEG	28	29	40	43
n01774384_61.JPEG	7	6	52	60
n01774384_370.JPEG	11	30	39	45
n01774384_43.JPEG	23	23	49	39
n01774384_91.JPEG	6	6	63	59
n01774384_313.JPEG	23	7	63	38
n01774384_241.JPEG	20	20	52	48
n01774384_99.JPEG	18	1	63	45
n01774384_363.JPEG	0	4	63	58
n01774384_382.JPEG	0	13	63	53
n01774384_264.JPEG	19	0	50	54
n01774384_429.JPEG	21	30	47	53
n01774384_418.JPEG	7	25	37	51
n01774384_188.JPEG	9	9	63	62
n01774384_416.JPEG	9	22	38	42
n01774384_34.JPEG	16	10	48	63
n01774384_25.JPEG	1	0	50	63
n01774384_35.JPEG	1	0	63	57
n01774384_272.JPEG	0	0	61	48
n01774384_19.JPEG	17	10	57	49
n01774384_104.JPEG	28	27	39	38
n01774384_141.JPEG	5	16	23	33
n01774384_277.JPEG	10	21	48	45
n01774384_351.JPEG	0	0	63	63
n01774384_95.JPEG	21	26	43	40
n01774384_198.JPEG	0	7	63	57
n01774384_10.JPEG	5	5	58	61
n01774384_273.JPEG	4	12	58	43
n01774384_457.JPEG	20	24	40	39
n01774384_224.JPEG	0	21	60	56
n01774384_440.JPEG	20	12	41	53
n01774384_169.JPEG	23	26	54	44
n01774384_102.JPEG	7	9	63	63
n01774384_398.JPEG	14	0	47	58
n01774384_371.JPEG	9	20	57	52
n01774384_328.JPEG	0	0	63	63
n01774384_155.JPEG	0	4	63	58
n01774384_362.JPEG	37	15	63	63
n01774384_166.JPEG	20	18	58	38
n01774384_445.JPEG	0	1	63	63
n01774384_215.JPEG	38	17	63	36
n01774384_396.JPEG	38	14	59	39
n01774384_390.JPEG	32	28	48	41
n01774384_475.JPEG	19	21	42	55
n01774384_294.JPEG	0	0	63	63
n01774384_384.JPEG	15	13	63	59
n01774384_177.JPEG	4	20	59	49
n01774384_342.JPEG	1	11	63	58
n01774384_221.JPEG	15	1	52	63
n01774384_209.JPEG	0	11	63	63
n01774384_378.JPEG	7	12	57	56
n01774384_430.JPEG	14	18	42	47
n01774384_276.JPEG	17	0	54	63
n01774384_40.JPEG	14	20	58	42
n01774384_372.JPEG	5	0	40	63
n01774384_400.JPEG	26	27	43	51
n01774384_409.JPEG	22	22	48	39
n01774384_2.JPEG	0	15	63	54
n01774384_159.JPEG	15	1	49	48
n01774384_143.JPEG	0	1	63	63
n01774384_248.JPEG	23	6	43	40
n01774384_218.JPEG	15	0	57	57
n01774384_411.JPEG	7	20	56	45
n01774384_165.JPEG	23	28	46	48
n01774384_330.JPEG	12	6	60	54
n01774384_59.JPEG	13	8	56	57
n01774384_494.JPEG	19	14	41	40
n01774384_6.JPEG	0	11	57	62
n01774384_267.JPEG	11	0	49	63
n01774384_289.JPEG	0	1	63	63
n01774384_393.JPEG	16	16	56	37
n01774384_381.JPEG	7	3	49	52
n01774384_180.JPEG	13	23	42	41
n01774384_232.JPEG	24	5	41	40
n01774384_171.JPEG	33	11	59	56
n01774384_454.JPEG	24	33	37	43
n01774384_190.JPEG	0	6	63	56
n01774384_284.JPEG	6	14	63	56
n01774384_482.JPEG	18	12	44	55
n01774384_376.JPEG	27	6	45	32
n01774384_65.JPEG	19	4	50	58
n01774384_39.JPEG	14	17	55	42
n01774384_314.JPEG	7	15	63	55
n01774384_226.JPEG	20	4	44	43
n01774384_460.JPEG	35	10	57	54
n01774384_245.JPEG	10	8	60	58
n01774384_321.JPEG	20	16	51	39
n01774384_138.JPEG	6	9	33	50
n01774384_286.JPEG	14	0	53	63
n01774384_444.JPEG	29	11	63	62
n01774384_336.JPEG	20	26	46	37
n01774384_249.JPEG	25	28	40	37
n01774384_115.JPEG	36	15	61	59
n01774384_214.JPEG	0	1	62	63
n01774384_254.JPEG	0	0	63	62
n01774384_338.JPEG	9	10	34	52
n01774384_335.JPEG	18	8	54	54
n01774384_469.JPEG	0	6	63	58
n01774384_315.JPEG	32	18	57	51
n01774384_464.JPEG	1	5	57	54
n01774384_239.JPEG	12	13	47	46
n01774384_227.JPEG	15	6	49	51
n01774384_243.JPEG	17	19	59	38
n01774384_359.JPEG	0	12	55	62
n01774384_157.JPEG	28	17	60	53
n01774384_318.JPEG	16	0	58	63
n01774384_83.JPEG	26	0	44	32
n01774384_298.JPEG	10	0	60	63
n01774384_480.JPEG	0	25	63	52
n01774384_211.JPEG	13	10	63	52
n01774384_413.JPEG	27	6	49	42
n01774384_450.JPEG	23	21	35	41
n01774384_426.JPEG	8	31	44	53
n01774384_437.JPEG	2	7	50	61
n01774384_112.JPEG	13	22	60	59
n01774384_391.JPEG	7	0	55	63
n01774384_496.JPEG	0	18	63	57
n01774384_170.JPEG	19	22	42	53
n01774384_397.JPEG	0	4	63	62
n01774384_268.JPEG	9	0	58	60
n01774384_92.JPEG	13	8	53	58
n01774384_329.JPEG	0	1	63	61
n01774384_408.JPEG	24	25	39	40
n01774384_392.JPEG	20	27	47	44
n01774384_339.JPEG	0	0	63	63
n01774384_93.JPEG	4	0	62	63
n01774384_148.JPEG	33	22	47	47
n01774384_128.JPEG	6	0	62	63
n01774384_251.JPEG	19	17	50	53
n01774384_499.JPEG	0	7	63	58
n01774384_402.JPEG	25	7	56	47
n01774384_77.JPEG	18	16	54	44
n01774384_121.JPEG	11	22	57	54
n01774384_123.JPEG	5	2	52	53
n01774384_327.JPEG	0	12	61	61
n01774384_247.JPEG	0	20	56	47
n01774384_438.JPEG	0	3	43	51
n01774384_181.JPEG	16	11	52	40
n01774384_220.JPEG	2	0	58	63
n01774384_98.JPEG	25	1	36	29
n01774384_62.JPEG	3	0	53	63
n01774384_94.JPEG	23	20	55	46
n01774384_233.JPEG	2	27	46	44
n01774384_275.JPEG	25	29	46	51
n01774384_387.JPEG	0	31	63	55
n01774384_129.JPEG	23	14	63	60
n01774384_38.JPEG	8	3	55	60
n01774384_304.JPEG	5	2	52	63
n01774384_21.JPEG	2	7	63	60
n01774384_271.JPEG	0	17	58	50
n01774384_326.JPEG	0	19	49	53
n01774384_352.JPEG	0	0	60	63
n01774384_439.JPEG	0	7	63	57
n01774384_50.JPEG	5	0	60	63
n01774384_466.JPEG	2	0	46	63
n01774384_350.JPEG	1	16	30	52
n01774384_280.JPEG	8	17	61	46
n01774384_33.JPEG	25	1	52	63
n01774384_361.JPEG	4	9	44	47
n01774384_295.JPEG	17	12	41	61
n01774384_441.JPEG	16	0	53	63
n01774384_246.JPEG	18	33	36	61
n01774384_423.JPEG	17	17	47	50
n01774384_279.JPEG	28	13	51	34
n01774384_206.JPEG	0	6	63	58
n01774384_347.JPEG	8	3	57	62
n01774384_219.JPEG	2	20	63	63
n01774384_58.JPEG	0	2	63	63
n01774384_485.JPEG	15	19	42	55
n01774384_470.JPEG	8	2	61	63
n01774384_308.JPEG	23	22	63	56
n01774384_199.JPEG	15	4	48	62
n01774384_375.JPEG	0	10	63	58
n01774384_172.JPEG	0	3	63	63
n01774384_142.JPEG	17	0	63	63
n01774384_404.JPEG	0	15	63	58
n01774384_197.JPEG	17	9	46	48
n01774384_42.JPEG	0	0	63	63
n01774384_32.JPEG	0	3	63	63
n01774384_9.JPEG	22	19	46	34
n01774384_310.JPEG	24	23	44	51
n01774384_292.JPEG	17	4	49	48
n01774384_14.JPEG	20	0	46	63
n01774384_108.JPEG	25	30	50	63
n01774384_481.JPEG	12	2	63	63
n01774384_365.JPEG	6	13	52	44
n01774384_41.JPEG	0	3	63	59
n01774384_403.JPEG	7	14	63	38
n01774384_259.JPEG	27	19	38	43
n01774384_44.JPEG	16	0	51	55
n01774384_380.JPEG	30	17	37	37
n01774384_311.JPEG	5	17	49	45
n01774384_455.JPEG	9	6	62	45
n01774384_20.JPEG	22	8	46	29
n01774384_158.JPEG	13	1	48	55
n01774384_436.JPEG	0	10	63	58
n01774384_185.JPEG	16	10	51	55
n01774384_452.JPEG	0	19	20	42
n01774384_487.JPEG	0	1	63	63
n01774384_168.JPEG	25	16	39	36
n01774384_389.JPEG	12	0	61	57
n01774384_194.JPEG	13	13	63	42
n01774384_13.JPEG	15	17	36	63
n01774384_137.JPEG	0	2	63	62
n01774384_151.JPEG	8	18	48	45
n01774384_255.JPEG	0	8	63	61
n01774384_331.JPEG	16	13	54	58
n01774384_201.JPEG	0	1	63	63
n01774384_96.JPEG	16	7	45	26
n01774384_388.JPEG	17	20	38	40
n01774384_67.JPEG	0	10	63	62
n01774384_488.JPEG	15	11	39	57
n01774384_26.JPEG	4	34	34	56
n01774384_395.JPEG	2	6	61	62
n01774384_265.JPEG	24	14	43	46
n01774384_270.JPEG	8	18	53	49
n01774384_341.JPEG	18	9	41	51
n01774384_117.JPEG	15	15	35	57
n01774384_353.JPEG	1	34	29	63
n01774384_474.JPEG	17	0	63	61
n01774384_421.JPEG	12	0	45	53
n01774384_82.JPEG	21	13	45	42
n01774384_7.JPEG	23	12	63	60
n01774384_126.JPEG	3	4	56	47
n01774384_274.JPEG	6	9	42	45
n01774384_356.JPEG	6	12	60	56
n01774384_134.JPEG	14	5	52	59
n01774384_364.JPEG	8	32	33	57
n01774384_153.JPEG	8	14	49	53
n01774384_84.JPEG	15	6	52	62
n01774384_69.JPEG	18	5	62	57
n01774384_8.JPEG	18	16	47	60
n01774384_116.JPEG	0	15	63	46
n01774384_37.JPEG	15	0	61	63
n01774384_78.JPEG	0	10	63	55
n01774384_23.JPEG	8	14	50	60
n01774384_110.JPEG	20	24	57	52
n01774384_442.JPEG	32	28	48	41
n01774384_161.JPEG	24	7	46	42
n01774384_484.JPEG	0	4	56	62
n01774384_81.JPEG	14	37	45	53
n01774384_287.JPEG	0	11	63	56
n01774384_11.JPEG	16	0	46	63
n01774384_210.JPEG	10	0	51	63
n01774384_48.JPEG	23	26	56	53
n01774384_230.JPEG	21	14	56	40
val_717.JPEG	4	6	63	57
val_9231.JPEG	16	0	61	58
val_3768.JPEG	23	14	63	55
val_192.JPEG	4	16	53	43
val_1832.JPEG	0	12	52	57
val_6568.JPEG	0	3	63	61
val_4814.JPEG	0	7	53	53
val_1800.JPEG	6	16	61	52
val_6189.JPEG	0	0	49	63
val_1383.JPEG	13	12	41	41
val_8487.JPEG	19	21	49	43
val_8922.JPEG	0	11	63	58
val_1684.JPEG	6	8	63	58
val_2734.JPEG	13	25	53	45
val_6590.JPEG	3	6	63	57
val_4476.JPEG	7	17	47	47
val_6379.JPEG	21	25	40	54
val_5139.JPEG	27	30	52	49
val_1632.JPEG	10	0	60	63
val_8934.JPEG	2	7	49	49
val_9921.JPEG	22	20	48	47
val_8805.JPEG	1	25	60	61
val_1124.JPEG	21	17	51	53
val_4537.JPEG	11	2	46	58
val_4089.JPEG	0	5	56	63
val_2674.JPEG	18	22	44	38
val_7541.JPEG	8	8	48	49
val_9146.JPEG	0	0	63	63
val_6339.JPEG	0	7	63	58
val_3867.JPEG	23	14	51	39
val_2469.JPEG	19	8	51	42
val_8241.JPEG	0	1	57	56
val_6441.JPEG	15	20	41	48
val_4935.JPEG	0	7	63	57
val_9576.JPEG	2	6	63	61
