n02226429_147.JPEG	16	1	63	63
n02226429_376.JPEG	0	1	63	52
n02226429_29.JPEG	10	0	47	57
n02226429_17.JPEG	13	0	63	63
n02226429_93.JPEG	28	14	58	44
n02226429_485.JPEG	7	5	63	59
n02226429_198.JPEG	18	0	53	63
n02226429_278.JPEG	0	8	58	44
n02226429_442.JPEG	0	1	63	63
n02226429_8.JPEG	0	0	63	63
n02226429_297.JPEG	4	1	63	58
n02226429_449.JPEG	0	7	63	56
n02226429_484.JPEG	5	0	56	52
n02226429_188.JPEG	6	8	61	48
n02226429_237.JPEG	0	0	63	46
n02226429_35.JPEG	25	2	63	51
n02226429_41.JPEG	14	10	49	63
n02226429_234.JPEG	4	9	60	54
n02226429_190.JPEG	0	9	44	60
n02226429_143.JPEG	5	0	47	63
n02226429_481.JPEG	14	18	50	36
n02226429_261.JPEG	9	16	35	37
n02226429_156.JPEG	11	0	54	63
n02226429_3.JPEG	0	14	57	60
n02226429_461.JPEG	5	13	54	48
n02226429_457.JPEG	4	10	37	55
n02226429_366.JPEG	0	7	63	58
n02226429_132.JPEG	0	1	53	63
n02226429_298.JPEG	5	0	53	63
n02226429_268.JPEG	0	4	63	56
n02226429_323.JPEG	24	20	53	44
n02226429_43.JPEG	0	9	63	56
n02226429_419.JPEG	11	11	63	49
n02226429_31.JPEG	12	0	50	63
n02226429_477.JPEG	1	4	56	60
n02226429_270.JPEG	6	14	63	45
n02226429_396.JPEG	8	2	63	60
n02226429_62.JPEG	0	2	53	63
n02226429_272.JPEG	1	0	63	63
n02226429_322.JPEG	7	18	63	55
n02226429_96.JPEG	0	0	59	63
n02226429_409.JPEG	4	1	50	63
n02226429_152.JPEG	0	16	63	51
n02226429_91.JPEG	0	6	63	61
n02226429_211.JPEG	2	2	63	63
n02226429_417.JPEG	22	6	48	55
n02226429_123.JPEG	0	1	63	63
n02226429_79.JPEG	30	20	63	49
n02226429_116.JPEG	0	1	63	60
n02226429_89.JPEG	0	3	63	62
n02226429_97.JPEG	1	3	63	63
n02226429_104.JPEG	19	4	50	61
n02226429_439.JPEG	1	0	63	63
n02226429_82.JPEG	0	3	63	59
n02226429_389.JPEG	0	12	63	61
n02226429_379.JPEG	5	7	42	48
n02226429_367.JPEG	14	6	35	50
n02226429_267.JPEG	12	2	58	63
n02226429_247.JPEG	16	26	46	42
n02226429_296.JPEG	31	2	63	63
n02226429_179.JPEG	17	1	41	63
n02226429_95.JPEG	23	22	43	47
n02226429_274.JPEG	9	27	56	53
n02226429_281.JPEG	11	3	42	52
n02226429_130.JPEG	2	8	63	51
n02226429_459.JPEG	1	5	63	56
n02226429_351.JPEG	10	12	63	59
n02226429_448.JPEG	0	0	63	60
n02226429_74.JPEG	30	0	63	52
n02226429_487.JPEG	9	12	47	43
n02226429_255.JPEG	18	16	63	53
n02226429_24.JPEG	2	0	54	63
n02226429_240.JPEG	21	17	44	46
n02226429_320.JPEG	5	15	60	48
n02226429_446.JPEG	22	4	48	62
n02226429_331.JPEG	9	27	49	48
n02226429_129.JPEG	14	9	63	43
n02226429_106.JPEG	0	1	63	63
n02226429_404.JPEG	0	4	63	55
n02226429_191.JPEG	0	10	55	63
n02226429_47.JPEG	9	1	54	63
n02226429_380.JPEG	11	11	55	50
n02226429_303.JPEG	13	5	63	53
n02226429_300.JPEG	12	8	57	62
n02226429_434.JPEG	8	2	55	63
n02226429_163.JPEG	0	5	42	62
n02226429_315.JPEG	1	0	63	61
n02226429_142.JPEG	49	3	63	53
n02226429_230.JPEG	2	19	55	53
n02226429_88.JPEG	0	11	63	60
n02226429_460.JPEG	38	16	63	51
n02226429_146.JPEG	9	0	61	62
n02226429_214.JPEG	2	2	61	50
n02226429_32.JPEG	15	13	48	50
n02226429_468.JPEG	28	2	45	63
n02226429_356.JPEG	0	9	63	45
n02226429_131.JPEG	15	0	55	54
n02226429_447.JPEG	9	19	62	53
n02226429_424.JPEG	0	3	63	44
n02226429_107.JPEG	0	9	51	60
n02226429_403.JPEG	0	4	63	53
n02226429_313.JPEG	3	0	61	63
n02226429_207.JPEG	12	18	63	46
n02226429_228.JPEG	0	13	39	40
n02226429_87.JPEG	9	12	53	63
n02226429_251.JPEG	0	0	63	63
n02226429_416.JPEG	0	19	63	49
n02226429_264.JPEG	0	0	63	63
n02226429_269.JPEG	0	0	63	63
n02226429_195.JPEG	12	20	39	54
n02226429_56.JPEG	12	1	36	63
n02226429_370.JPEG	2	9	58	41
n02226429_473.JPEG	0	2	61	59
n02226429_13.JPEG	7	19	63	52
n02226429_437.JPEG	0	14	63	56
n02226429_160.JPEG	20	25	39	36
n02226429_285.JPEG	12	17	59	40
n02226429_118.JPEG	0	4	56	43
n02226429_294.JPEG	0	3	58	62
n02226429_141.JPEG	7	3	63	57
n02226429_422.JPEG	25	0	52	49
n02226429_119.JPEG	0	9	63	51
n02226429_229.JPEG	0	0	50	56
n02226429_428.JPEG	0	3	62	61
n02226429_361.JPEG	11	3	53	49
n02226429_177.JPEG	0	3	5	33
n02226429_23.JPEG	0	11	58	51
n02226429_16.JPEG	0	0	63	63
n02226429_235.JPEG	10	11	55	52
n02226429_382.JPEG	0	0	63	63
n02226429_15.JPEG	0	7	50	50
n02226429_65.JPEG	13	16	40	47
n02226429_0.JPEG	5	9	63	63
n02226429_334.JPEG	19	0	57	63
n02226429_138.JPEG	6	0	61	63
n02226429_385.JPEG	12	0	63	63
n02226429_98.JPEG	0	0	61	63
n02226429_86.JPEG	23	0	63	63
n02226429_153.JPEG	0	0	63	63
n02226429_427.JPEG	9	20	60	60
n02226429_171.JPEG	11	0	43	47
n02226429_26.JPEG	0	3	60	57
n02226429_232.JPEG	24	22	38	55
n02226429_77.JPEG	18	25	63	46
n02226429_284.JPEG	14	9	61	57
n02226429_122.JPEG	10	26	37	49
n02226429_80.JPEG	17	1	47	51
n02226429_181.JPEG	0	7	55	63
n02226429_209.JPEG	14	35	53	63
n02226429_239.JPEG	7	7	49	52
n02226429_304.JPEG	0	5	57	50
n02226429_386.JPEG	0	6	59	63
n02226429_137.JPEG	0	1	63	63
n02226429_1.JPEG	0	8	63	55
n02226429_288.JPEG	13	12	52	61
n02226429_218.JPEG	29	2	63	62
n02226429_301.JPEG	0	1	63	60
n02226429_233.JPEG	18	0	49	63
n02226429_223.JPEG	6	7	58	63
n02226429_37.JPEG	8	11	52	46
n02226429_339.JPEG	0	4	63	63
n02226429_441.JPEG	0	0	63	53
n02226429_453.JPEG	11	9	63	49
n02226429_194.JPEG	1	0	63	63
n02226429_186.JPEG	7	5	61	62
n02226429_121.JPEG	0	12	63	51
n02226429_36.JPEG	7	8	38	54
n02226429_174.JPEG	13	15	49	43
n02226429_63.JPEG	14	37	45	59
n02226429_52.JPEG	0	12	63	60
n02226429_55.JPEG	2	0	56	63
n02226429_202.JPEG	4	1	63	55
n02226429_161.JPEG	29	20	48	47
n02226429_182.JPEG	0	10	58	51
n02226429_173.JPEG	10	14	57	48
n02226429_149.JPEG	4	20	63	52
n02226429_204.JPEG	1	16	57	54
n02226429_145.JPEG	2	5	63	63
n02226429_348.JPEG	18	0	44	63
n02226429_388.JPEG	0	1	55	59
n02226429_57.JPEG	7	5	59	51
n02226429_426.JPEG	17	7	51	63
n02226429_430.JPEG	10	29	41	50
n02226429_333.JPEG	26	14	42	50
n02226429_30.JPEG	5	18	63	56
n02226429_124.JPEG	13	13	52	50
n02226429_398.JPEG	2	0	63	63
n02226429_486.JPEG	0	3	54	58
n02226429_358.JPEG	0	4	53	63
n02226429_48.JPEG	4	5	50	63
n02226429_275.JPEG	0	9	63	53
n02226429_465.JPEG	0	7	61	52
n02226429_479.JPEG	5	0	61	63
n02226429_206.JPEG	4	12	63	45
n02226429_244.JPEG	6	24	54	56
n02226429_175.JPEG	0	3	63	63
n02226429_290.JPEG	37	4	56	49
n02226429_466.JPEG	0	0	63	63
n02226429_90.JPEG	14	10	62	58
n02226429_217.JPEG	0	2	63	63
n02226429_38.JPEG	0	10	63	55
n02226429_71.JPEG	2	9	63	53
n02226429_318.JPEG	28	14	61	63
n02226429_483.JPEG	5	10	58	58
n02226429_325.JPEG	7	6	62	41
n02226429_471.JPEG	9	13	54	52
n02226429_205.JPEG	0	0	63	56
n02226429_400.JPEG	0	13	59	56
n02226429_113.JPEG	0	10	59	38
n02226429_168.JPEG	10	10	51	49
n02226429_231.JPEG	2	0	63	59
n02226429_110.JPEG	0	11	63	50
n02226429_144.JPEG	0	2	63	60
n02226429_221.JPEG	0	8	60	63
n02226429_2.JPEG	3	2	63	57
n02226429_480.JPEG	13	20	63	50
n02226429_406.JPEG	11	16	40	41
n02226429_289.JPEG	9	11	63	55
n02226429_136.JPEG	17	1	52	46
n02226429_397.JPEG	3	0	63	60
n02226429_50.JPEG	15	25	63	60
n02226429_326.JPEG	9	9	34	60
n02226429_308.JPEG	15	14	53	46
n02226429_53.JPEG	0	13	63	46
n02226429_421.JPEG	4	10	58	44
n02226429_19.JPEG	0	16	63	56
n02226429_381.JPEG	29	2	54	25
n02226429_292.JPEG	4	9	55	60
n02226429_394.JPEG	0	10	53	58
n02226429_310.JPEG	0	16	63	45
n02226429_180.JPEG	12	16	50	39
n02226429_349.JPEG	0	0	63	44
n02226429_256.JPEG	6	2	54	63
n02226429_436.JPEG	0	8	63	59
n02226429_443.JPEG	0	0	63	61
n02226429_20.JPEG	19	28	56	54
n02226429_258.JPEG	6	0	60	63
n02226429_134.JPEG	0	3	63	51
n02226429_46.JPEG	28	19	44	39
n02226429_395.JPEG	0	2	63	63
n02226429_354.JPEG	0	1	62	63
n02226429_99.JPEG	5	3	53	42
n02226429_170.JPEG	7	25	61	51
n02226429_344.JPEG	1	18	57	48
n02226429_279.JPEG	9	11	63	63
n02226429_248.JPEG	0	11	63	55
n02226429_4.JPEG	0	18	63	52
n02226429_295.JPEG	16	21	37	43
n02226429_293.JPEG	11	5	63	61
n02226429_412.JPEG	42	4	63	63
n02226429_482.JPEG	0	0	63	63
n02226429_12.JPEG	0	10	63	61
n02226429_306.JPEG	0	14	40	47
n02226429_469.JPEG	0	9	63	60
n02226429_387.JPEG	32	5	62	58
n02226429_252.JPEG	7	12	56	50
n02226429_128.JPEG	0	25	63	51
n02226429_291.JPEG	3	16	63	44
n02226429_383.JPEG	7	0	59	63
n02226429_359.JPEG	0	14	60	47
n02226429_164.JPEG	2	0	63	54
n02226429_94.JPEG	0	10	63	55
n02226429_391.JPEG	17	0	45	58
n02226429_377.JPEG	1	5	48	62
n02226429_76.JPEG	1	27	63	49
n02226429_135.JPEG	4	0	59	63
n02226429_316.JPEG	0	5	63	63
n02226429_6.JPEG	0	0	62	56
n02226429_227.JPEG	0	0	63	54
n02226429_9.JPEG	11	11	63	52
n02226429_302.JPEG	15	0	54	61
n02226429_407.JPEG	13	16	57	39
n02226429_42.JPEG	4	5	53	40
n02226429_338.JPEG	5	4	58	58
n02226429_139.JPEG	0	0	63	63
n02226429_373.JPEG	0	0	63	63
n02226429_413.JPEG	3	7	42	47
n02226429_58.JPEG	6	0	59	59
n02226429_105.JPEG	0	0	63	52
n02226429_431.JPEG	21	0	59	63
n02226429_84.JPEG	11	0	60	63
n02226429_262.JPEG	0	21	63	52
n02226429_435.JPEG	0	1	63	63
n02226429_378.JPEG	0	5	63	47
n02226429_85.JPEG	9	1	51	61
n02226429_263.JPEG	0	7	22	49
n02226429_494.JPEG	14	20	50	40
n02226429_111.JPEG	28	23	44	54
n02226429_189.JPEG	0	9	63	55
n02226429_332.JPEG	0	18	63	63
n02226429_452.JPEG	3	14	63	51
n02226429_362.JPEG	24	6	55	36
n02226429_27.JPEG	18	5	40	44
n02226429_384.JPEG	5	1	58	46
n02226429_305.JPEG	4	10	50	63
n02226429_353.JPEG	10	5	48	56
n02226429_364.JPEG	8	5	63	55
n02226429_336.JPEG	10	17	63	42
n02226429_265.JPEG	0	11	63	63
n02226429_64.JPEG	14	22	63	54
n02226429_464.JPEG	30	7	63	41
n02226429_114.JPEG	0	3	63	58
n02226429_337.JPEG	0	0	63	63
n02226429_250.JPEG	0	0	63	63
n02226429_120.JPEG	14	37	46	57
n02226429_372.JPEG	0	11	63	60
n02226429_330.JPEG	7	13	63	48
n02226429_363.JPEG	0	1	63	62
n02226429_496.JPEG	7	9	41	50
n02226429_282.JPEG	22	0	52	59
n02226429_429.JPEG	0	9	63	53
n02226429_438.JPEG	5	8	63	63
n02226429_242.JPEG	7	3	56	47
n02226429_151.JPEG	19	4	51	52
n02226429_314.JPEG	0	0	63	63
n02226429_125.JPEG	0	12	63	59
n02226429_140.JPEG	2	3	61	57
n02226429_178.JPEG	15	22	32	37
n02226429_456.JPEG	0	11	61	51
n02226429_352.JPEG	15	0	57	32
n02226429_374.JPEG	0	12	63	53
n02226429_345.JPEG	0	0	63	62
n02226429_411.JPEG	0	4	63	58
n02226429_5.JPEG	15	15	63	63
n02226429_433.JPEG	2	26	60	55
n02226429_246.JPEG	0	5	63	52
n02226429_287.JPEG	0	14	63	50
n02226429_150.JPEG	0	0	54	63
n02226429_39.JPEG	0	6	52	59
n02226429_54.JPEG	0	0	63	63
n02226429_259.JPEG	0	16	63	55
n02226429_184.JPEG	12	4	52	28
n02226429_70.JPEG	0	5	63	63
n02226429_148.JPEG	0	1	63	63
n02226429_347.JPEG	0	1	63	48
n02226429_193.JPEG	11	13	63	63
n02226429_78.JPEG	8	22	42	39
n02226429_40.JPEG	4	19	63	55
n02226429_454.JPEG	0	1	53	63
n02226429_210.JPEG	6	14	56	43
n02226429_185.JPEG	5	7	63	60
n02226429_245.JPEG	0	0	63	55
n02226429_283.JPEG	8	7	54	45
n02226429_342.JPEG	5	7	43	43
n02226429_277.JPEG	31	15	63	53
n02226429_165.JPEG	15	0	63	63
n02226429_432.JPEG	20	0	53	63
n02226429_158.JPEG	0	17	63	51
n02226429_399.JPEG	27	6	45	41
n02226429_405.JPEG	6	2	48	46
val_3425.JPEG	8	25	32	47
val_8314.JPEG	0	1	51	63
val_5591.JPEG	18	19	44	38
val_9237.JPEG	21	14	48	59
val_6315.JPEG	0	3	40	50
val_9994.JPEG	0	0	63	63
val_7140.JPEG	37	14	52	59
val_1045.JPEG	7	9	63	57
val_8797.JPEG	0	5	61	56
val_5589.JPEG	22	13	48	53
val_7742.JPEG	23	26	63	62
val_4292.JPEG	23	7	63	42
val_6053.JPEG	11	10	55	38
val_7633.JPEG	22	6	63	63
val_6082.JPEG	0	1	63	63
val_8435.JPEG	25	11	40	48
val_7004.JPEG	11	1	63	54
val_6716.JPEG	0	4	63	58
val_1403.JPEG	5	1	54	53
val_52.JPEG	0	5	63	63
val_2240.JPEG	27	12	63	28
val_3697.JPEG	0	5	63	61
val_12.JPEG	5	12	57	53
val_3054.JPEG	0	21	63	59
val_7105.JPEG	7	9	55	40
val_1834.JPEG	17	6	63	57
val_279.JPEG	0	10	58	51
val_6552.JPEG	0	12	63	50
val_9.JPEG	0	3	63	57
val_8005.JPEG	17	5	33	41
val_9956.JPEG	0	4	63	54
val_4426.JPEG	12	3	45	62
val_8170.JPEG	11	6	63	50
val_2891.JPEG	17	31	47	49
val_3871.JPEG	0	0	63	63
