n07615774_163.JPEG	10	0	36	63
n07615774_387.JPEG	15	0	52	63
n07615774_200.JPEG	35	0	63	63
n07615774_10.JPEG	18	36	31	50
n07615774_63.JPEG	11	10	47	63
n07615774_453.JPEG	10	0	33	45
n07615774_110.JPEG	6	49	21	63
n07615774_441.JPEG	31	25	41	44
n07615774_153.JPEG	26	38	63	48
n07615774_126.JPEG	13	32	24	55
n07615774_384.JPEG	28	23	50	50
n07615774_469.JPEG	0	25	5	45
n07615774_45.JPEG	58	19	63	60
n07615774_270.JPEG	0	42	1	58
n07615774_361.JPEG	34	20	43	48
n07615774_476.JPEG	0	16	51	35
n07615774_277.JPEG	6	37	11	46
n07615774_330.JPEG	44	11	53	28
n07615774_190.JPEG	22	32	31	50
n07615774_442.JPEG	9	0	47	51
n07615774_141.JPEG	41	42	47	48
n07615774_266.JPEG	0	1	59	63
n07615774_83.JPEG	38	22	45	36
n07615774_468.JPEG	3	0	57	63
n07615774_317.JPEG	0	20	25	36
n07615774_374.JPEG	5	21	16	26
n07615774_376.JPEG	13	35	35	51
n07615774_43.JPEG	22	5	46	57
n07615774_498.JPEG	7	6	20	34
n07615774_426.JPEG	27	13	29	18
n07615774_29.JPEG	0	2	33	63
n07615774_78.JPEG	18	49	44	58
n07615774_124.JPEG	25	37	30	45
n07615774_413.JPEG	0	34	8	60
n07615774_175.JPEG	18	25	58	50
n07615774_184.JPEG	15	41	20	55
n07615774_232.JPEG	46	52	59	63
n07615774_423.JPEG	20	25	24	34
n07615774_12.JPEG	22	42	49	51
n07615774_299.JPEG	0	36	8	46
n07615774_236.JPEG	26	42	37	54
n07615774_373.JPEG	34	33	46	51
n07615774_307.JPEG	13	0	54	63
n07615774_7.JPEG	59	28	62	34
n07615774_86.JPEG	0	38	42	63
n07615774_324.JPEG	16	30	19	39
n07615774_433.JPEG	39	31	42	39
n07615774_143.JPEG	10	15	40	53
n07615774_212.JPEG	0	11	63	53
n07615774_245.JPEG	11	29	15	38
n07615774_17.JPEG	39	27	48	36
n07615774_264.JPEG	15	32	30	63
n07615774_62.JPEG	11	48	27	54
n07615774_395.JPEG	19	3	46	60
n07615774_167.JPEG	28	30	40	54
n07615774_179.JPEG	12	12	24	37
n07615774_65.JPEG	35	32	45	47
n07615774_305.JPEG	3	26	7	34
n07615774_467.JPEG	19	29	31	42
n07615774_359.JPEG	41	36	47	46
n07615774_466.JPEG	15	14	25	36
n07615774_436.JPEG	18	27	32	35
n07615774_493.JPEG	41	17	54	55
n07615774_419.JPEG	19	42	25	63
n07615774_431.JPEG	5	0	46	63
n07615774_290.JPEG	34	0	50	22
n07615774_499.JPEG	6	17	10	23
n07615774_13.JPEG	14	38	40	54
n07615774_32.JPEG	35	33	57	54
n07615774_226.JPEG	35	20	63	33
n07615774_198.JPEG	39	44	48	63
n07615774_249.JPEG	14	1	57	63
n07615774_5.JPEG	18	23	25	31
n07615774_220.JPEG	25	36	37	57
n07615774_137.JPEG	29	15	33	20
n07615774_319.JPEG	31	27	44	56
n07615774_487.JPEG	18	19	26	46
n07615774_465.JPEG	5	0	59	63
n07615774_473.JPEG	14	33	39	53
n07615774_301.JPEG	0	43	26	55
n07615774_483.JPEG	30	20	44	56
n07615774_115.JPEG	20	0	45	63
n07615774_371.JPEG	23	26	29	35
n07615774_355.JPEG	11	0	63	57
n07615774_58.JPEG	21	1	53	53
n07615774_162.JPEG	41	29	54	48
n07615774_461.JPEG	19	43	30	63
n07615774_98.JPEG	35	41	42	48
n07615774_121.JPEG	28	39	36	63
n07615774_260.JPEG	46	40	54	54
n07615774_182.JPEG	36	39	63	54
n07615774_240.JPEG	23	33	31	37
n07615774_496.JPEG	31	35	43	54
n07615774_393.JPEG	0	14	3	38
n07615774_133.JPEG	18	29	35	43
n07615774_188.JPEG	35	32	39	42
n07615774_68.JPEG	37	25	38	29
n07615774_327.JPEG	9	3	54	61
n07615774_452.JPEG	25	34	32	40
n07615774_309.JPEG	17	23	27	37
n07615774_139.JPEG	6	16	52	63
n07615774_334.JPEG	4	8	19	51
n07615774_136.JPEG	4	25	37	50
n07615774_283.JPEG	54	29	62	34
n07615774_24.JPEG	27	30	36	41
n07615774_183.JPEG	33	37	51	55
n07615774_350.JPEG	23	34	34	51
n07615774_351.JPEG	9	9	17	27
n07615774_168.JPEG	0	1	63	45
n07615774_375.JPEG	17	25	26	34
n07615774_38.JPEG	9	30	27	45
n07615774_229.JPEG	18	40	20	44
n07615774_154.JPEG	35	43	58	63
n07615774_33.JPEG	25	34	35	55
n07615774_144.JPEG	2	40	40	63
n07615774_367.JPEG	32	25	37	28
n07615774_288.JPEG	17	34	35	55
n07615774_420.JPEG	52	41	61	50
n07615774_494.JPEG	1	37	6	43
n07615774_440.JPEG	24	35	27	47
n07615774_185.JPEG	12	31	30	47
n07615774_181.JPEG	0	42	63	63
n07615774_369.JPEG	0	29	42	55
n07615774_276.JPEG	34	39	38	45
n07615774_146.JPEG	27	11	39	41
n07615774_111.JPEG	0	33	26	63
n07615774_274.JPEG	43	14	55	35
n07615774_93.JPEG	1	0	63	57
n07615774_379.JPEG	33	37	45	62
n07615774_96.JPEG	7	12	59	61
n07615774_31.JPEG	28	10	40	32
n07615774_60.JPEG	25	32	34	53
n07615774_495.JPEG	42	25	47	30
n07615774_362.JPEG	0	25	23	46
n07615774_409.JPEG	21	35	44	60
n07615774_397.JPEG	7	29	14	43
n07615774_254.JPEG	32	42	49	63
n07615774_215.JPEG	21	34	31	56
n07615774_119.JPEG	44	25	49	36
n07615774_321.JPEG	4	22	19	41
n07615774_315.JPEG	1	0	56	63
n07615774_74.JPEG	13	6	41	50
n07615774_35.JPEG	39	28	53	47
n07615774_497.JPEG	52	16	63	32
n07615774_233.JPEG	23	43	43	63
n07615774_186.JPEG	7	15	15	26
n07615774_71.JPEG	15	40	24	52
n07615774_348.JPEG	0	4	63	63
n07615774_158.JPEG	21	1	45	63
n07615774_414.JPEG	26	30	40	49
n07615774_252.JPEG	38	31	48	51
n07615774_1.JPEG	14	22	27	33
n07615774_424.JPEG	27	0	60	63
n07615774_394.JPEG	40	35	47	46
n07615774_187.JPEG	45	2	49	7
n07615774_302.JPEG	38	35	47	62
n07615774_135.JPEG	2	10	44	63
n07615774_94.JPEG	20	36	24	48
n07615774_344.JPEG	13	26	30	34
n07615774_47.JPEG	37	51	48	62
n07615774_337.JPEG	0	2	63	45
n07615774_128.JPEG	35	23	53	63
n07615774_100.JPEG	6	20	63	41
n07615774_41.JPEG	49	23	60	26
n07615774_279.JPEG	19	25	63	53
n07615774_425.JPEG	31	18	35	37
n07615774_169.JPEG	48	29	56	51
n07615774_49.JPEG	8	35	63	63
n07615774_148.JPEG	48	49	60	63
n07615774_22.JPEG	60	24	63	29
n07615774_27.JPEG	8	33	19	57
n07615774_102.JPEG	13	0	54	60
n07615774_118.JPEG	14	51	38	63
n07615774_482.JPEG	17	30	30	42
n07615774_429.JPEG	48	36	57	57
n07615774_129.JPEG	27	0	33	12
n07615774_386.JPEG	0	34	53	63
n07615774_326.JPEG	24	28	33	37
n07615774_90.JPEG	44	12	51	29
n07615774_197.JPEG	0	48	1	56
n07615774_92.JPEG	12	5	49	63
n07615774_140.JPEG	18	7	31	16
n07615774_103.JPEG	0	34	22	49
n07615774_308.JPEG	22	42	37	57
n07615774_61.JPEG	20	25	32	30
n07615774_360.JPEG	31	20	37	32
n07615774_173.JPEG	29	0	46	63
n07615774_72.JPEG	33	33	63	44
n07615774_53.JPEG	29	0	63	63
n07615774_114.JPEG	28	21	43	29
n07615774_176.JPEG	21	30	29	39
n07615774_85.JPEG	0	15	63	45
n07615774_366.JPEG	36	35	46	51
n07615774_273.JPEG	30	50	47	62
n07615774_28.JPEG	8	26	24	45
n07615774_459.JPEG	45	20	58	46
n07615774_253.JPEG	22	30	32	43
n07615774_385.JPEG	19	9	46	63
n07615774_451.JPEG	2	31	16	48
n07615774_95.JPEG	0	17	61	55
n07615774_19.JPEG	21	13	36	54
n07615774_0.JPEG	43	32	48	38
n07615774_246.JPEG	7	22	16	39
n07615774_64.JPEG	25	33	32	36
n07615774_73.JPEG	3	25	32	49
n07615774_454.JPEG	15	5	58	63
n07615774_291.JPEG	12	2	30	63
n07615774_398.JPEG	2	0	55	63
n07615774_99.JPEG	23	33	41	39
n07615774_363.JPEG	17	26	29	49
n07615774_178.JPEG	30	45	47	63
n07615774_3.JPEG	9	6	51	60
n07615774_80.JPEG	39	24	48	32
n07615774_489.JPEG	16	5	43	63
n07615774_46.JPEG	13	1	50	63
n07615774_91.JPEG	32	45	43	63
n07615774_310.JPEG	20	41	48	48
n07615774_251.JPEG	12	50	27	58
n07615774_377.JPEG	2	28	10	41
n07615774_104.JPEG	24	24	29	33
n07615774_48.JPEG	18	36	30	63
n07615774_349.JPEG	0	32	30	50
n07615774_439.JPEG	24	30	44	63
n07615774_11.JPEG	30	26	39	37
n07615774_39.JPEG	15	0	53	63
n07615774_150.JPEG	17	0	44	54
n07615774_177.JPEG	1	0	63	63
n07615774_356.JPEG	45	27	50	34
n07615774_481.JPEG	32	39	38	49
n07615774_30.JPEG	38	36	47	44
n07615774_488.JPEG	15	17	35	63
n07615774_475.JPEG	0	4	59	60
n07615774_284.JPEG	7	33	12	51
n07615774_9.JPEG	0	34	31	53
n07615774_383.JPEG	0	1	63	56
n07615774_428.JPEG	25	26	38	45
n07615774_399.JPEG	16	21	21	34
n07615774_280.JPEG	27	38	42	58
n07615774_265.JPEG	43	39	58	56
n07615774_105.JPEG	20	8	21	11
n07615774_421.JPEG	11	54	41	63
n07615774_272.JPEG	17	5	44	63
n07615774_311.JPEG	23	37	35	63
n07615774_268.JPEG	31	31	44	42
n07615774_101.JPEG	18	24	26	32
n07615774_238.JPEG	13	5	35	22
n07615774_275.JPEG	24	8	46	49
n07615774_412.JPEG	39	23	42	30
n07615774_485.JPEG	14	18	19	24
n07615774_196.JPEG	33	22	42	33
n07615774_157.JPEG	63	52	63	63
n07615774_314.JPEG	26	29	45	63
n07615774_293.JPEG	24	3	48	47
n07615774_125.JPEG	31	21	39	38
n07615774_478.JPEG	5	0	31	51
n07615774_138.JPEG	5	31	50	52
n07615774_368.JPEG	4	14	63	53
n07615774_14.JPEG	16	4	61	46
n07615774_389.JPEG	25	48	34	54
n07615774_66.JPEG	41	38	53	59
n07615774_113.JPEG	17	21	30	32
n07615774_26.JPEG	34	25	41	30
n07615774_407.JPEG	19	34	34	62
n07615774_437.JPEG	14	34	59	46
n07615774_463.JPEG	0	4	62	63
n07615774_456.JPEG	12	58	41	63
n07615774_76.JPEG	22	49	32	63
n07615774_134.JPEG	63	24	63	34
n07615774_116.JPEG	37	27	43	40
n07615774_54.JPEG	50	29	63	52
n07615774_248.JPEG	22	6	39	63
n07615774_281.JPEG	9	24	34	58
n07615774_403.JPEG	17	37	25	47
n07615774_55.JPEG	27	35	48	45
n07615774_195.JPEG	34	43	63	63
n07615774_15.JPEG	0	28	6	61
n07615774_257.JPEG	35	20	40	42
n07615774_152.JPEG	16	25	35	63
n07615774_438.JPEG	17	0	46	63
n07615774_8.JPEG	19	16	28	20
n07615774_231.JPEG	2	37	34	61
n07615774_208.JPEG	34	42	59	63
n07615774_122.JPEG	29	23	36	28
n07615774_237.JPEG	10	1	38	59
n07615774_230.JPEG	35	37	41	50
n07615774_70.JPEG	49	34	55	47
n07615774_211.JPEG	0	28	39	50
n07615774_127.JPEG	19	23	63	45
n07615774_269.JPEG	40	18	46	24
n07615774_282.JPEG	0	15	9	24
n07615774_446.JPEG	2	42	21	62
n07615774_172.JPEG	30	33	36	42
n07615774_149.JPEG	0	15	63	63
n07615774_400.JPEG	24	47	47	63
n07615774_336.JPEG	37	33	41	38
n07615774_79.JPEG	3	11	56	58
n07615774_331.JPEG	35	35	63	63
n07615774_82.JPEG	12	20	63	42
n07615774_477.JPEG	15	36	25	52
n07615774_447.JPEG	46	23	55	27
n07615774_480.JPEG	0	20	1	28
n07615774_472.JPEG	34	19	37	27
n07615774_388.JPEG	29	20	57	30
n07615774_357.JPEG	14	17	38	52
n07615774_161.JPEG	31	33	40	49
n07615774_352.JPEG	8	0	49	60
n07615774_432.JPEG	15	13	48	54
n07615774_263.JPEG	0	4	49	63
n07615774_171.JPEG	0	9	42	53
n07615774_304.JPEG	2	54	16	63
n07615774_132.JPEG	23	35	43	61
n07615774_123.JPEG	8	34	29	43
n07615774_378.JPEG	21	37	34	53
n07615774_112.JPEG	17	33	20	36
n07615774_165.JPEG	3	0	39	63
n07615774_255.JPEG	35	27	39	35
n07615774_84.JPEG	24	39	29	45
n07615774_490.JPEG	15	34	35	62
n07615774_312.JPEG	10	29	58	51
n07615774_418.JPEG	3	0	34	46
n07615774_306.JPEG	23	37	25	41
n07615774_381.JPEG	26	21	34	34
n07615774_166.JPEG	17	42	33	63
n07615774_479.JPEG	24	31	33	37
n07615774_342.JPEG	9	27	22	42
n07615774_486.JPEG	4	34	12	46
n07615774_471.JPEG	24	38	42	56
n07615774_56.JPEG	0	28	6	35
n07615774_316.JPEG	17	7	44	53
n07615774_443.JPEG	8	27	49	53
n07615774_18.JPEG	19	7	45	62
n07615774_323.JPEG	35	2	47	29
n07615774_430.JPEG	0	29	18	55
n07615774_408.JPEG	26	33	54	51
n07615774_16.JPEG	20	12	45	63
n07615774_234.JPEG	32	33	44	47
n07615774_434.JPEG	39	42	54	52
n07615774_347.JPEG	21	20	29	39
n07615774_23.JPEG	44	49	50	53
n07615774_34.JPEG	19	22	63	49
n07615774_416.JPEG	17	21	32	26
n07615774_484.JPEG	46	40	49	46
n07615774_199.JPEG	10	40	23	50
n07615774_474.JPEG	21	24	39	42
n07615774_57.JPEG	26	32	33	52
n07615774_210.JPEG	24	6	63	44
n07615774_346.JPEG	27	31	35	45
n07615774_193.JPEG	33	30	44	34
n07615774_40.JPEG	13	23	33	44
n07615774_216.JPEG	5	7	21	47
val_7718.JPEG	21	36	25	46
val_4019.JPEG	42	40	61	47
val_8517.JPEG	24	45	39	63
val_1354.JPEG	12	0	39	43
val_7135.JPEG	16	3	63	61
val_7963.JPEG	25	5	31	23
val_2474.JPEG	35	31	42	39
val_7106.JPEG	23	30	48	37
val_2269.JPEG	26	26	34	41
val_6146.JPEG	2	25	33	59
val_3306.JPEG	16	38	23	51
val_3416.JPEG	10	0	46	63
val_5275.JPEG	58	32	63	44
val_8070.JPEG	20	0	46	63
val_1870.JPEG	18	0	56	56
val_9817.JPEG	1	1	46	48
val_4413.JPEG	6	14	63	39
val_8544.JPEG	7	0	59	63
val_2914.JPEG	4	46	52	63
val_4357.JPEG	6	37	10	50
val_3129.JPEG	0	12	4	20
val_6312.JPEG	29	17	40	21
val_5522.JPEG	48	12	63	55
val_5129.JPEG	16	15	18	23
val_6139.JPEG	31	31	39	46
val_7967.JPEG	32	23	40	49
val_4910.JPEG	13	0	57	63
val_1105.JPEG	34	20	44	31
val_3656.JPEG	30	32	43	47
val_4245.JPEG	29	9	63	46
val_5410.JPEG	38	26	46	30
val_5858.JPEG	11	2	42	57
val_9415.JPEG	21	47	38	60
val_8868.JPEG	22	0	46	63
val_146.JPEG	43	8	48	11
