n03444034_74.JPEG	8	16	58	41
n03444034_127.JPEG	0	27	33	43
n03444034_115.JPEG	0	11	63	55
n03444034_99.JPEG	0	7	63	62
n03444034_116.JPEG	10	34	54	63
n03444034_77.JPEG	0	24	63	60
n03444034_402.JPEG	24	22	63	41
n03444034_439.JPEG	0	27	16	52
n03444034_126.JPEG	12	23	31	34
n03444034_149.JPEG	0	27	62	48
n03444034_96.JPEG	0	16	63	50
n03444034_420.JPEG	6	22	62	43
n03444034_374.JPEG	13	28	63	54
n03444034_152.JPEG	14	30	50	46
n03444034_330.JPEG	49	27	63	38
n03444034_90.JPEG	0	18	50	52
n03444034_174.JPEG	19	38	50	55
n03444034_438.JPEG	4	31	52	52
n03444034_448.JPEG	12	32	63	54
n03444034_84.JPEG	0	22	63	55
n03444034_98.JPEG	0	21	29	44
n03444034_12.JPEG	0	10	39	42
n03444034_245.JPEG	32	13	63	63
n03444034_474.JPEG	0	2	57	39
n03444034_158.JPEG	2	22	63	49
n03444034_482.JPEG	39	30	63	48
n03444034_418.JPEG	21	18	51	36
n03444034_206.JPEG	10	27	59	56
n03444034_37.JPEG	0	35	63	63
n03444034_299.JPEG	10	30	62	53
n03444034_188.JPEG	0	1	63	42
n03444034_381.JPEG	12	27	51	57
n03444034_185.JPEG	1	22	31	40
n03444034_61.JPEG	2	29	17	35
n03444034_447.JPEG	0	25	38	45
n03444034_134.JPEG	0	24	63	59
n03444034_197.JPEG	0	13	63	59
n03444034_393.JPEG	0	3	63	63
n03444034_14.JPEG	0	35	63	63
n03444034_266.JPEG	25	25	46	38
n03444034_186.JPEG	0	26	63	60
n03444034_142.JPEG	26	35	43	43
n03444034_456.JPEG	0	26	63	55
n03444034_436.JPEG	29	32	63	46
n03444034_53.JPEG	0	48	63	63
n03444034_128.JPEG	46	35	63	45
n03444034_267.JPEG	0	27	63	54
n03444034_226.JPEG	7	31	58	63
n03444034_212.JPEG	24	30	47	41
n03444034_270.JPEG	0	16	60	40
n03444034_419.JPEG	3	24	63	49
n03444034_401.JPEG	14	40	46	50
n03444034_373.JPEG	0	30	53	63
n03444034_178.JPEG	0	27	63	52
n03444034_119.JPEG	0	29	63	53
n03444034_234.JPEG	1	22	60	54
n03444034_394.JPEG	0	14	63	57
n03444034_47.JPEG	16	17	55	51
n03444034_82.JPEG	0	38	9	46
n03444034_32.JPEG	0	19	55	44
n03444034_135.JPEG	15	31	54	61
n03444034_479.JPEG	0	28	59	57
n03444034_63.JPEG	19	26	45	41
n03444034_91.JPEG	0	30	63	59
n03444034_293.JPEG	20	40	44	49
n03444034_168.JPEG	46	31	63	45
n03444034_336.JPEG	9	31	43	44
n03444034_103.JPEG	0	3	63	62
n03444034_257.JPEG	33	32	45	36
n03444034_193.JPEG	0	27	63	63
n03444034_347.JPEG	0	24	56	45
n03444034_184.JPEG	1	33	63	57
n03444034_329.JPEG	0	25	63	60
n03444034_157.JPEG	0	6	63	59
n03444034_161.JPEG	0	22	63	51
n03444034_405.JPEG	0	22	63	55
n03444034_50.JPEG	0	19	52	46
n03444034_249.JPEG	0	24	53	50
n03444034_259.JPEG	55	48	63	61
n03444034_224.JPEG	6	21	51	49
n03444034_132.JPEG	0	21	63	63
n03444034_481.JPEG	5	33	50	45
n03444034_79.JPEG	8	30	63	63
n03444034_182.JPEG	10	19	34	31
n03444034_485.JPEG	0	21	63	55
n03444034_346.JPEG	5	27	62	49
n03444034_289.JPEG	0	31	54	58
n03444034_199.JPEG	0	26	53	58
n03444034_89.JPEG	0	38	63	63
n03444034_69.JPEG	0	4	63	63
n03444034_236.JPEG	0	29	63	58
n03444034_130.JPEG	0	1	63	63
n03444034_13.JPEG	8	19	63	39
n03444034_175.JPEG	2	34	26	42
n03444034_262.JPEG	0	32	63	63
n03444034_484.JPEG	15	23	59	58
n03444034_483.JPEG	4	6	63	63
n03444034_171.JPEG	0	5	60	58
n03444034_451.JPEG	11	29	56	49
n03444034_73.JPEG	10	33	60	59
n03444034_44.JPEG	2	2	61	62
n03444034_385.JPEG	7	31	59	53
n03444034_189.JPEG	0	31	31	44
n03444034_43.JPEG	21	26	38	38
n03444034_241.JPEG	0	28	63	50
n03444034_372.JPEG	0	27	17	34
n03444034_248.JPEG	22	37	63	58
n03444034_120.JPEG	0	23	63	58
n03444034_331.JPEG	33	6	63	56
n03444034_304.JPEG	0	24	63	58
n03444034_454.JPEG	14	31	54	49
n03444034_258.JPEG	0	18	63	55
n03444034_17.JPEG	0	21	63	61
n03444034_80.JPEG	9	12	63	53
n03444034_162.JPEG	0	0	63	63
n03444034_165.JPEG	0	18	42	61
n03444034_254.JPEG	3	15	50	38
n03444034_462.JPEG	0	17	63	55
n03444034_180.JPEG	4	21	63	44
n03444034_181.JPEG	39	46	63	59
n03444034_442.JPEG	0	31	63	61
n03444034_356.JPEG	0	25	63	63
n03444034_307.JPEG	29	32	62	45
n03444034_107.JPEG	0	1	63	63
n03444034_348.JPEG	0	8	63	58
n03444034_85.JPEG	0	6	63	63
n03444034_376.JPEG	4	25	63	49
n03444034_269.JPEG	26	5	56	25
n03444034_75.JPEG	9	5	62	47
n03444034_361.JPEG	13	10	63	41
n03444034_153.JPEG	0	25	42	42
n03444034_320.JPEG	0	43	33	56
n03444034_371.JPEG	0	25	63	60
n03444034_59.JPEG	51	38	63	48
n03444034_229.JPEG	0	25	63	55
n03444034_380.JPEG	0	22	63	63
n03444034_441.JPEG	5	12	63	63
n03444034_291.JPEG	4	27	63	58
n03444034_52.JPEG	9	24	57	56
n03444034_173.JPEG	0	27	29	41
n03444034_399.JPEG	0	24	63	57
n03444034_365.JPEG	46	21	63	33
n03444034_495.JPEG	5	30	63	50
n03444034_370.JPEG	24	31	44	39
n03444034_101.JPEG	0	11	8	36
n03444034_110.JPEG	0	12	40	50
n03444034_377.JPEG	3	11	59	63
n03444034_196.JPEG	11	30	51	47
n03444034_342.JPEG	35	23	60	36
n03444034_78.JPEG	0	0	63	63
n03444034_425.JPEG	0	25	63	53
n03444034_113.JPEG	0	33	63	63
n03444034_344.JPEG	0	18	63	56
n03444034_422.JPEG	1	4	63	63
n03444034_87.JPEG	24	21	63	47
n03444034_246.JPEG	24	28	63	55
n03444034_362.JPEG	4	15	59	63
n03444034_496.JPEG	0	7	54	62
n03444034_398.JPEG	7	30	28	50
n03444034_200.JPEG	0	28	63	56
n03444034_51.JPEG	26	39	34	43
n03444034_164.JPEG	0	17	55	42
n03444034_16.JPEG	18	31	39	44
n03444034_111.JPEG	0	20	63	51
n03444034_460.JPEG	13	38	32	45
n03444034_176.JPEG	23	29	35	37
n03444034_280.JPEG	0	16	63	59
n03444034_477.JPEG	28	40	63	63
n03444034_27.JPEG	1	37	54	63
n03444034_339.JPEG	42	23	63	42
n03444034_105.JPEG	20	34	61	56
n03444034_301.JPEG	0	34	25	52
n03444034_138.JPEG	1	30	63	63
n03444034_108.JPEG	32	31	41	36
n03444034_387.JPEG	6	33	50	51
n03444034_452.JPEG	0	19	40	57
n03444034_38.JPEG	0	27	63	56
n03444034_235.JPEG	0	17	52	56
n03444034_255.JPEG	0	26	63	63
n03444034_218.JPEG	46	20	63	45
n03444034_445.JPEG	11	21	56	41
n03444034_71.JPEG	0	17	59	63
n03444034_49.JPEG	0	21	63	58
n03444034_294.JPEG	0	41	22	50
n03444034_20.JPEG	0	38	63	63
n03444034_15.JPEG	0	17	40	41
n03444034_340.JPEG	0	25	63	63
n03444034_297.JPEG	0	30	54	51
n03444034_352.JPEG	0	21	60	50
n03444034_118.JPEG	0	33	63	61
n03444034_195.JPEG	1	26	63	53
n03444034_228.JPEG	0	31	63	59
n03444034_392.JPEG	0	14	63	63
n03444034_251.JPEG	18	27	63	54
n03444034_312.JPEG	0	1	63	61
n03444034_72.JPEG	1	29	24	42
n03444034_231.JPEG	5	27	60	62
n03444034_429.JPEG	2	26	37	43
n03444034_217.JPEG	0	10	63	62
n03444034_366.JPEG	0	22	32	32
n03444034_198.JPEG	11	22	49	34
n03444034_222.JPEG	19	22	60	40
n03444034_368.JPEG	9	35	50	57
n03444034_278.JPEG	0	9	63	54
n03444034_353.JPEG	0	6	63	50
n03444034_473.JPEG	0	8	63	57
n03444034_46.JPEG	7	31	48	50
n03444034_316.JPEG	21	17	58	40
n03444034_139.JPEG	0	26	63	63
n03444034_207.JPEG	0	30	58	45
n03444034_102.JPEG	16	39	49	50
n03444034_123.JPEG	0	0	62	63
n03444034_18.JPEG	0	17	63	63
n03444034_397.JPEG	7	31	63	63
n03444034_48.JPEG	0	37	8	46
n03444034_305.JPEG	34	34	59	44
n03444034_210.JPEG	0	28	63	63
n03444034_432.JPEG	27	39	37	44
n03444034_453.JPEG	0	27	63	55
n03444034_426.JPEG	14	21	43	39
n03444034_404.JPEG	0	10	54	44
n03444034_264.JPEG	6	21	59	43
n03444034_350.JPEG	11	28	45	48
n03444034_104.JPEG	0	17	63	58
n03444034_4.JPEG	1	24	63	63
n03444034_141.JPEG	0	4	63	56
n03444034_288.JPEG	10	29	40	39
n03444034_378.JPEG	27	28	63	47
n03444034_163.JPEG	0	21	63	52
n03444034_345.JPEG	0	0	63	63
n03444034_209.JPEG	24	24	44	39
n03444034_263.JPEG	6	21	54	46
n03444034_40.JPEG	19	33	41	42
n03444034_343.JPEG	3	39	59	62
n03444034_463.JPEG	23	27	62	46
n03444034_94.JPEG	7	19	34	40
n03444034_412.JPEG	0	26	63	55
n03444034_423.JPEG	0	29	63	63
n03444034_240.JPEG	0	21	44	49
n03444034_443.JPEG	0	30	57	60
n03444034_155.JPEG	10	16	49	48
n03444034_279.JPEG	0	7	63	57
n03444034_382.JPEG	0	10	49	48
n03444034_237.JPEG	0	23	62	63
n03444034_400.JPEG	14	20	48	38
n03444034_431.JPEG	0	15	63	55
n03444034_205.JPEG	0	22	63	62
n03444034_467.JPEG	10	20	40	33
n03444034_29.JPEG	20	38	63	62
n03444034_187.JPEG	34	15	63	43
n03444034_3.JPEG	10	20	63	46
n03444034_93.JPEG	3	30	63	52
n03444034_389.JPEG	0	24	63	56
n03444034_56.JPEG	4	26	60	50
n03444034_203.JPEG	20	29	60	48
n03444034_318.JPEG	8	21	63	54
n03444034_1.JPEG	0	4	63	63
n03444034_202.JPEG	2	7	63	57
n03444034_57.JPEG	15	32	63	55
n03444034_475.JPEG	0	24	62	48
n03444034_136.JPEG	17	22	62	60
n03444034_256.JPEG	0	9	63	57
n03444034_192.JPEG	21	30	46	40
n03444034_430.JPEG	0	20	56	51
n03444034_292.JPEG	0	10	63	53
n03444034_214.JPEG	12	0	63	54
n03444034_221.JPEG	25	36	60	47
n03444034_60.JPEG	0	1	63	63
n03444034_364.JPEG	0	26	63	63
n03444034_384.JPEG	2	25	50	45
n03444034_315.JPEG	7	30	37	43
n03444034_5.JPEG	39	37	63	54
n03444034_354.JPEG	0	23	63	63
n03444034_491.JPEG	0	8	63	63
n03444034_150.JPEG	18	31	40	42
n03444034_92.JPEG	13	24	63	49
n03444034_242.JPEG	21	28	50	54
n03444034_271.JPEG	0	29	63	63
n03444034_122.JPEG	2	19	44	55
n03444034_23.JPEG	15	24	63	51
n03444034_287.JPEG	0	14	63	48
n03444034_124.JPEG	0	29	63	63
n03444034_367.JPEG	29	4	63	35
n03444034_28.JPEG	0	34	63	63
n03444034_233.JPEG	15	10	56	41
n03444034_147.JPEG	0	36	47	60
n03444034_125.JPEG	0	1	63	62
n03444034_239.JPEG	3	31	54	50
n03444034_446.JPEG	1	32	53	45
n03444034_428.JPEG	34	33	55	41
n03444034_177.JPEG	33	25	63	43
n03444034_444.JPEG	0	19	63	63
n03444034_314.JPEG	1	30	41	49
n03444034_117.JPEG	6	28	47	48
n03444034_323.JPEG	8	20	63	60
n03444034_238.JPEG	0	22	61	43
n03444034_416.JPEG	0	22	63	48
n03444034_112.JPEG	0	5	63	63
n03444034_225.JPEG	10	29	63	55
n03444034_143.JPEG	0	23	61	58
n03444034_121.JPEG	4	27	61	46
n03444034_424.JPEG	46	22	62	31
n03444034_298.JPEG	6	23	63	56
n03444034_9.JPEG	4	7	62	46
n03444034_6.JPEG	0	6	63	63
n03444034_338.JPEG	7	25	63	58
n03444034_369.JPEG	0	29	63	57
n03444034_332.JPEG	8	15	58	47
n03444034_434.JPEG	8	31	55	55
n03444034_375.JPEG	0	20	63	45
n03444034_148.JPEG	0	34	47	62
n03444034_403.JPEG	23	8	63	42
n03444034_213.JPEG	5	11	63	60
n03444034_437.JPEG	51	31	62	35
n03444034_313.JPEG	14	31	63	63
n03444034_472.JPEG	0	34	51	63
n03444034_360.JPEG	0	22	63	62
n03444034_11.JPEG	45	26	63	43
n03444034_283.JPEG	6	32	63	62
n03444034_357.JPEG	0	30	63	63
n03444034_333.JPEG	0	26	63	59
n03444034_324.JPEG	0	1	63	63
n03444034_140.JPEG	0	4	63	61
n03444034_411.JPEG	0	17	16	27
n03444034_408.JPEG	6	21	53	37
n03444034_325.JPEG	4	35	34	46
n03444034_486.JPEG	2	11	62	60
n03444034_328.JPEG	19	17	63	41
n03444034_303.JPEG	0	24	63	63
n03444034_310.JPEG	15	21	63	43
n03444034_281.JPEG	35	14	63	50
n03444034_169.JPEG	0	0	63	63
n03444034_435.JPEG	22	28	58	46
n03444034_33.JPEG	26	29	40	36
n03444034_273.JPEG	0	42	33	62
n03444034_191.JPEG	1	11	63	54
n03444034_68.JPEG	35	37	55	45
n03444034_211.JPEG	0	16	63	54
n03444034_106.JPEG	0	12	40	56
n03444034_268.JPEG	45	22	63	30
n03444034_286.JPEG	3	21	63	63
n03444034_327.JPEG	2	25	63	55
n03444034_244.JPEG	2	29	31	39
n03444034_276.JPEG	6	20	60	63
n03444034_466.JPEG	0	1	63	63
n03444034_34.JPEG	0	12	43	62
n03444034_39.JPEG	0	2	63	63
n03444034_349.JPEG	0	16	60	54
n03444034_67.JPEG	17	34	59	55
n03444034_45.JPEG	3	29	62	48
val_9064.JPEG	29	24	60	51
val_9217.JPEG	0	3	63	62
val_6988.JPEG	7	26	55	41
val_9640.JPEG	0	4	63	57
val_2134.JPEG	0	37	63	63
val_8961.JPEG	55	19	63	47
val_9220.JPEG	0	21	58	61
val_355.JPEG	0	0	63	63
val_5388.JPEG	0	12	63	48
val_1747.JPEG	0	25	63	63
val_9322.JPEG	0	29	54	48
val_9648.JPEG	0	26	63	54
val_7349.JPEG	9	15	62	52
val_2556.JPEG	1	31	63	61
val_5887.JPEG	13	30	56	44
val_4839.JPEG	0	22	63	54
val_4284.JPEG	14	32	60	56
val_284.JPEG	13	28	63	49
val_2040.JPEG	0	2	63	63
val_4316.JPEG	0	15	63	59
val_3473.JPEG	0	12	63	63
val_9638.JPEG	0	27	63	61
val_3507.JPEG	0	28	63	57
val_0.JPEG	0	32	44	62
val_5570.JPEG	0	32	63	55
val_505.JPEG	5	31	63	60
val_1262.JPEG	0	27	63	63
val_9418.JPEG	0	36	29	50
val_1007.JPEG	1	23	63	60
val_4527.JPEG	8	28	63	63
val_6087.JPEG	35	24	63	45
val_9996.JPEG	0	9	63	63
val_1765.JPEG	0	30	63	61
val_5585.JPEG	30	29	63	47
val_3124.JPEG	16	27	54	42
