n02814533_366.JPEG	0	15	63	54
n02814533_481.JPEG	20	28	63	61
n02814533_466.JPEG	0	25	63	59
n02814533_313.JPEG	0	3	63	58
n02814533_351.JPEG	0	25	58	49
n02814533_176.JPEG	0	20	63	49
n02814533_358.JPEG	0	18	63	48
n02814533_310.JPEG	0	11	63	54
n02814533_457.JPEG	0	0	63	53
n02814533_51.JPEG	0	15	63	63
n02814533_21.JPEG	4	26	63	59
n02814533_226.JPEG	0	0	63	63
n02814533_60.JPEG	0	7	63	43
n02814533_228.JPEG	0	8	63	46
n02814533_265.JPEG	0	19	55	63
n02814533_115.JPEG	0	4	63	62
n02814533_281.JPEG	1	12	63	45
n02814533_32.JPEG	0	5	62	54
n02814533_286.JPEG	27	10	63	41
n02814533_345.JPEG	0	17	63	56
n02814533_233.JPEG	3	15	63	45
n02814533_354.JPEG	0	10	63	59
n02814533_186.JPEG	0	2	63	58
n02814533_107.JPEG	0	8	63	63
n02814533_496.JPEG	0	28	63	51
n02814533_456.JPEG	11	21	39	32
n02814533_450.JPEG	0	35	49	59
n02814533_468.JPEG	0	10	63	62
n02814533_247.JPEG	0	5	63	50
n02814533_428.JPEG	0	6	63	58
n02814533_197.JPEG	1	35	45	57
n02814533_153.JPEG	0	9	63	54
n02814533_126.JPEG	17	21	63	53
n02814533_39.JPEG	0	13	63	54
n02814533_336.JPEG	0	8	63	61
n02814533_387.JPEG	0	1	63	63
n02814533_223.JPEG	4	15	62	51
n02814533_276.JPEG	14	27	56	43
n02814533_395.JPEG	0	20	63	47
n02814533_301.JPEG	5	55	53	63
n02814533_304.JPEG	6	27	63	61
n02814533_156.JPEG	0	15	63	55
n02814533_244.JPEG	0	9	63	56
n02814533_193.JPEG	0	14	63	52
n02814533_254.JPEG	0	3	63	62
n02814533_29.JPEG	0	19	63	54
n02814533_430.JPEG	0	4	63	55
n02814533_120.JPEG	0	9	63	55
n02814533_472.JPEG	0	24	63	51
n02814533_347.JPEG	0	23	62	61
n02814533_490.JPEG	0	15	63	63
n02814533_427.JPEG	0	24	63	57
n02814533_426.JPEG	40	22	63	44
n02814533_442.JPEG	0	18	63	54
n02814533_295.JPEG	0	0	63	51
n02814533_314.JPEG	0	24	63	60
n02814533_57.JPEG	0	7	63	63
n02814533_232.JPEG	0	18	63	50
n02814533_294.JPEG	0	5	63	29
n02814533_275.JPEG	0	11	63	57
n02814533_148.JPEG	0	15	63	62
n02814533_45.JPEG	0	21	63	56
n02814533_112.JPEG	0	23	63	58
n02814533_324.JPEG	0	27	63	56
n02814533_173.JPEG	0	21	63	49
n02814533_182.JPEG	0	17	63	59
n02814533_303.JPEG	0	0	63	63
n02814533_445.JPEG	1	17	63	49
n02814533_7.JPEG	0	18	63	57
n02814533_438.JPEG	0	13	63	58
n02814533_201.JPEG	0	3	63	30
n02814533_359.JPEG	0	28	63	52
n02814533_487.JPEG	0	7	63	54
n02814533_159.JPEG	0	7	63	63
n02814533_297.JPEG	0	14	63	57
n02814533_62.JPEG	0	12	63	56
n02814533_432.JPEG	0	6	63	55
n02814533_362.JPEG	0	5	63	59
n02814533_443.JPEG	0	9	63	63
n02814533_202.JPEG	0	5	63	56
n02814533_378.JPEG	0	3	63	56
n02814533_322.JPEG	0	2	63	60
n02814533_79.JPEG	13	26	55	43
n02814533_208.JPEG	0	16	63	54
n02814533_222.JPEG	0	5	63	50
n02814533_482.JPEG	0	15	63	46
n02814533_291.JPEG	0	27	63	49
n02814533_24.JPEG	0	8	63	59
n02814533_166.JPEG	0	21	63	48
n02814533_40.JPEG	0	12	63	63
n02814533_188.JPEG	22	23	60	38
n02814533_63.JPEG	0	34	63	62
n02814533_175.JPEG	0	11	63	57
n02814533_119.JPEG	0	20	63	50
n02814533_479.JPEG	0	21	63	53
n02814533_397.JPEG	0	11	63	63
n02814533_416.JPEG	0	19	61	52
n02814533_298.JPEG	0	25	63	56
n02814533_80.JPEG	0	13	63	58
n02814533_280.JPEG	0	12	63	58
n02814533_78.JPEG	0	32	63	58
n02814533_200.JPEG	0	11	63	61
n02814533_309.JPEG	0	14	63	49
n02814533_328.JPEG	5	0	62	25
n02814533_334.JPEG	0	4	63	57
n02814533_220.JPEG	0	10	63	56
n02814533_333.JPEG	7	8	60	59
n02814533_162.JPEG	0	18	63	55
n02814533_300.JPEG	0	14	63	48
n02814533_2.JPEG	0	14	63	55
n02814533_320.JPEG	3	13	63	51
n02814533_158.JPEG	1	23	61	51
n02814533_91.JPEG	0	12	63	51
n02814533_98.JPEG	3	31	63	57
n02814533_491.JPEG	1	30	63	51
n02814533_136.JPEG	0	15	63	56
n02814533_381.JPEG	0	8	63	55
n02814533_146.JPEG	0	7	63	62
n02814533_141.JPEG	0	34	63	57
n02814533_447.JPEG	0	8	63	57
n02814533_497.JPEG	0	15	63	54
n02814533_184.JPEG	0	13	63	58
n02814533_237.JPEG	11	17	59	50
n02814533_446.JPEG	0	22	63	61
n02814533_476.JPEG	0	16	63	48
n02814533_225.JPEG	7	10	44	49
n02814533_37.JPEG	2	27	50	43
n02814533_485.JPEG	0	20	63	57
n02814533_50.JPEG	3	28	63	57
n02814533_132.JPEG	0	19	63	49
n02814533_177.JPEG	0	17	63	53
n02814533_296.JPEG	0	9	63	58
n02814533_52.JPEG	0	14	63	56
n02814533_464.JPEG	0	17	63	59
n02814533_420.JPEG	0	8	63	61
n02814533_27.JPEG	0	19	63	57
n02814533_477.JPEG	0	18	63	55
n02814533_72.JPEG	0	20	63	56
n02814533_486.JPEG	2	12	63	51
n02814533_429.JPEG	0	8	63	51
n02814533_88.JPEG	0	32	63	58
n02814533_461.JPEG	0	11	63	59
n02814533_89.JPEG	0	7	63	54
n02814533_402.JPEG	8	21	58	50
n02814533_68.JPEG	5	13	63	42
n02814533_137.JPEG	0	6	63	59
n02814533_71.JPEG	16	24	63	58
n02814533_467.JPEG	0	3	63	59
n02814533_341.JPEG	0	9	63	46
n02814533_77.JPEG	0	15	63	61
n02814533_171.JPEG	1	11	63	56
n02814533_64.JPEG	2	11	60	55
n02814533_251.JPEG	0	22	63	52
n02814533_140.JPEG	0	8	63	56
n02814533_198.JPEG	0	17	63	55
n02814533_213.JPEG	1	11	63	49
n02814533_92.JPEG	0	10	63	58
n02814533_167.JPEG	1	26	63	63
n02814533_312.JPEG	0	12	63	63
n02814533_425.JPEG	0	11	63	50
n02814533_389.JPEG	6	30	53	48
n02814533_38.JPEG	0	38	63	62
n02814533_386.JPEG	0	14	63	58
n02814533_95.JPEG	3	1	63	57
n02814533_480.JPEG	0	14	63	50
n02814533_135.JPEG	0	23	63	54
n02814533_74.JPEG	0	12	63	44
n02814533_258.JPEG	0	10	63	52
n02814533_35.JPEG	0	1	63	63
n02814533_257.JPEG	0	22	63	59
n02814533_323.JPEG	0	19	63	44
n02814533_47.JPEG	1	21	63	49
n02814533_437.JPEG	0	3	63	60
n02814533_90.JPEG	0	2	63	62
n02814533_363.JPEG	0	15	63	60
n02814533_340.JPEG	0	20	63	54
n02814533_109.JPEG	0	19	63	50
n02814533_337.JPEG	0	10	63	59
n02814533_357.JPEG	0	11	63	53
n02814533_0.JPEG	0	6	63	62
n02814533_436.JPEG	0	12	63	48
n02814533_106.JPEG	0	23	63	58
n02814533_373.JPEG	0	16	63	53
n02814533_459.JPEG	0	1	63	63
n02814533_361.JPEG	0	9	63	63
n02814533_308.JPEG	0	2	63	63
n02814533_133.JPEG	1	28	60	47
n02814533_475.JPEG	0	27	63	63
n02814533_100.JPEG	0	5	63	57
n02814533_346.JPEG	0	10	63	58
n02814533_11.JPEG	7	29	63	63
n02814533_455.JPEG	0	12	63	46
n02814533_390.JPEG	0	20	63	54
n02814533_118.JPEG	0	2	63	63
n02814533_498.JPEG	0	4	63	61
n02814533_131.JPEG	0	20	63	51
n02814533_404.JPEG	0	19	63	54
n02814533_325.JPEG	0	23	63	49
n02814533_317.JPEG	0	5	63	58
n02814533_163.JPEG	0	22	63	56
n02814533_85.JPEG	0	16	63	54
n02814533_382.JPEG	0	17	63	49
n02814533_252.JPEG	4	15	63	51
n02814533_205.JPEG	0	23	63	52
n02814533_326.JPEG	0	13	63	47
n02814533_125.JPEG	5	12	63	55
n02814533_101.JPEG	0	10	63	59
n02814533_46.JPEG	0	21	63	60
n02814533_4.JPEG	8	27	54	41
n02814533_96.JPEG	0	0	63	59
n02814533_441.JPEG	0	20	63	46
n02814533_105.JPEG	0	19	63	50
n02814533_465.JPEG	0	12	63	54
n02814533_130.JPEG	0	26	63	54
n02814533_84.JPEG	0	7	63	63
n02814533_174.JPEG	0	22	18	39
n02814533_499.JPEG	0	16	63	63
n02814533_10.JPEG	0	11	63	59
n02814533_289.JPEG	0	17	63	61
n02814533_210.JPEG	0	6	63	60
n02814533_14.JPEG	0	0	63	63
n02814533_138.JPEG	0	27	61	60
n02814533_393.JPEG	0	19	63	56
n02814533_321.JPEG	0	0	63	63
n02814533_344.JPEG	0	0	63	63
n02814533_194.JPEG	0	22	63	63
n02814533_307.JPEG	0	24	63	49
n02814533_180.JPEG	0	1	63	63
n02814533_405.JPEG	6	13	58	50
n02814533_122.JPEG	0	10	63	49
n02814533_76.JPEG	0	16	63	49
n02814533_474.JPEG	2	2	63	62
n02814533_492.JPEG	0	4	63	63
n02814533_330.JPEG	0	11	63	63
n02814533_236.JPEG	0	9	63	60
n02814533_196.JPEG	0	7	63	61
n02814533_219.JPEG	0	17	63	47
n02814533_33.JPEG	0	9	63	53
n02814533_19.JPEG	0	3	63	63
n02814533_82.JPEG	0	19	63	46
n02814533_285.JPEG	0	13	63	63
n02814533_150.JPEG	0	0	63	63
n02814533_44.JPEG	0	4	63	31
n02814533_230.JPEG	0	11	63	47
n02814533_339.JPEG	0	22	63	50
n02814533_444.JPEG	0	14	63	54
n02814533_292.JPEG	0	5	63	57
n02814533_413.JPEG	0	16	63	53
n02814533_401.JPEG	13	24	63	57
n02814533_216.JPEG	0	21	63	51
n02814533_56.JPEG	0	24	63	45
n02814533_332.JPEG	0	25	40	63
n02814533_15.JPEG	0	17	63	59
n02814533_270.JPEG	0	20	63	53
n02814533_331.JPEG	0	21	63	53
n02814533_418.JPEG	7	46	60	63
n02814533_269.JPEG	3	9	63	59
n02814533_364.JPEG	0	30	63	62
n02814533_392.JPEG	0	12	63	50
n02814533_195.JPEG	0	17	63	56
n02814533_403.JPEG	0	0	63	63
n02814533_48.JPEG	0	13	63	53
n02814533_8.JPEG	0	13	63	52
n02814533_178.JPEG	0	11	63	56
n02814533_315.JPEG	0	0	63	62
n02814533_214.JPEG	0	17	63	57
n02814533_34.JPEG	0	14	58	55
n02814533_365.JPEG	0	11	63	55
n02814533_272.JPEG	0	1	63	63
n02814533_377.JPEG	0	19	63	53
n02814533_58.JPEG	5	3	62	57
n02814533_70.JPEG	0	7	63	51
n02814533_221.JPEG	0	2	63	59
n02814533_327.JPEG	0	12	63	60
n02814533_215.JPEG	0	19	63	49
n02814533_49.JPEG	4	21	63	52
n02814533_16.JPEG	0	25	63	58
n02814533_142.JPEG	0	10	63	47
n02814533_102.JPEG	0	7	39	25
n02814533_121.JPEG	0	23	63	46
n02814533_165.JPEG	0	0	63	63
n02814533_260.JPEG	0	24	63	57
n02814533_170.JPEG	0	1	63	60
n02814533_169.JPEG	0	14	63	48
n02814533_28.JPEG	3	37	63	54
n02814533_114.JPEG	0	7	63	58
n02814533_256.JPEG	0	9	63	59
n02814533_273.JPEG	0	10	63	63
n02814533_449.JPEG	0	2	63	49
n02814533_263.JPEG	4	9	63	63
n02814533_224.JPEG	0	15	63	54
n02814533_157.JPEG	13	30	63	55
n02814533_421.JPEG	0	27	63	55
n02814533_241.JPEG	0	19	63	59
n02814533_434.JPEG	0	12	63	59
n02814533_18.JPEG	0	25	54	50
n02814533_168.JPEG	11	16	56	38
n02814533_282.JPEG	0	15	63	60
n02814533_338.JPEG	0	12	63	59
n02814533_489.JPEG	0	6	63	50
n02814533_398.JPEG	16	26	63	51
n02814533_160.JPEG	7	9	63	62
n02814533_67.JPEG	0	11	63	63
n02814533_478.JPEG	0	2	63	36
n02814533_154.JPEG	0	24	63	62
n02814533_249.JPEG	0	16	63	55
n02814533_342.JPEG	0	13	63	59
n02814533_212.JPEG	0	9	63	58
n02814533_209.JPEG	0	7	63	50
n02814533_104.JPEG	0	1	63	63
n02814533_99.JPEG	0	10	63	62
n02814533_87.JPEG	0	14	63	51
n02814533_424.JPEG	0	12	63	63
n02814533_372.JPEG	0	13	63	52
n02814533_218.JPEG	4	34	60	59
n02814533_484.JPEG	0	23	63	56
n02814533_129.JPEG	0	6	63	55
n02814533_460.JPEG	0	22	63	52
n02814533_243.JPEG	0	20	63	61
n02814533_399.JPEG	0	29	44	60
n02814533_374.JPEG	0	4	63	63
n02814533_494.JPEG	0	11	63	57
n02814533_369.JPEG	0	21	63	44
n02814533_412.JPEG	0	25	62	45
n02814533_248.JPEG	0	23	63	57
n02814533_5.JPEG	0	24	63	54
n02814533_388.JPEG	0	5	63	63
n02814533_277.JPEG	0	20	63	54
n02814533_227.JPEG	0	13	63	60
n02814533_264.JPEG	1	2	58	30
n02814533_415.JPEG	0	0	63	63
n02814533_31.JPEG	0	21	63	44
n02814533_267.JPEG	0	15	63	55
n02814533_350.JPEG	0	11	63	54
n02814533_394.JPEG	0	18	63	58
n02814533_181.JPEG	0	4	63	63
n02814533_192.JPEG	41	27	63	53
n02814533_147.JPEG	0	20	63	60
n02814533_151.JPEG	0	19	63	59
n02814533_469.JPEG	0	14	63	52
n02814533_81.JPEG	0	30	63	54
n02814533_383.JPEG	0	23	63	57
n02814533_239.JPEG	0	30	56	62
n02814533_124.JPEG	0	11	63	58
n02814533_94.JPEG	2	9	63	58
n02814533_316.JPEG	0	20	63	51
n02814533_288.JPEG	0	12	63	56
n02814533_42.JPEG	0	16	63	60
n02814533_411.JPEG	0	9	63	61
n02814533_462.JPEG	0	16	63	53
val_3921.JPEG	0	19	63	47
val_9199.JPEG	0	16	63	47
val_1663.JPEG	0	15	63	58
val_9981.JPEG	0	5	63	62
val_3940.JPEG	0	20	63	53
val_6377.JPEG	0	15	63	48
val_3459.JPEG	0	7	63	57
val_3764.JPEG	0	6	63	58
val_9852.JPEG	2	6	63	63
val_1287.JPEG	0	2	63	60
val_8924.JPEG	12	9	63	63
val_7421.JPEG	0	7	63	62
val_4636.JPEG	0	21	63	48
val_8031.JPEG	0	11	63	61
val_5144.JPEG	0	10	63	58
val_4052.JPEG	0	9	63	61
val_6294.JPEG	7	29	63	54
val_3090.JPEG	10	10	59	52
val_6416.JPEG	0	3	63	58
val_3674.JPEG	0	29	63	60
val_2604.JPEG	0	17	63	54
val_850.JPEG	0	15	63	61
val_5449.JPEG	0	23	63	50
val_6533.JPEG	7	32	57	54
val_287.JPEG	21	20	50	34
val_3820.JPEG	0	3	63	63
val_1393.JPEG	1	49	37	63
val_2714.JPEG	0	23	63	46
val_8092.JPEG	62	2	63	7
val_2875.JPEG	0	13	63	46
val_256.JPEG	3	27	63	59
val_5882.JPEG	0	17	63	60
val_3751.JPEG	0	7	63	57
val_3431.JPEG	5	5	62	60
val_674.JPEG	21	3	63	57
