n03902125_358.JPEG	26	18	42	63
n03902125_132.JPEG	22	9	42	57
n03902125_72.JPEG	23	8	41	41
n03902125_147.JPEG	21	9	48	63
n03902125_336.JPEG	13	3	33	53
n03902125_366.JPEG	0	0	42	63
n03902125_215.JPEG	0	1	63	63
n03902125_388.JPEG	7	0	48	63
n03902125_185.JPEG	19	0	47	63
n03902125_377.JPEG	21	23	42	63
n03902125_329.JPEG	16	32	25	49
n03902125_369.JPEG	14	0	41	63
n03902125_380.JPEG	55	3	63	39
n03902125_203.JPEG	7	0	20	52
n03902125_457.JPEG	27	7	36	35
n03902125_124.JPEG	3	0	33	63
n03902125_98.JPEG	20	21	42	63
n03902125_476.JPEG	27	23	38	38
n03902125_61.JPEG	19	26	34	49
n03902125_187.JPEG	53	19	63	38
n03902125_75.JPEG	7	6	58	63
n03902125_271.JPEG	19	0	58	63
n03902125_315.JPEG	27	3	44	33
n03902125_293.JPEG	1	3	44	60
n03902125_6.JPEG	2	0	59	63
n03902125_89.JPEG	27	15	42	45
n03902125_151.JPEG	60	3	63	58
n03902125_460.JPEG	32	23	37	38
n03902125_240.JPEG	23	11	38	62
n03902125_81.JPEG	24	23	40	44
n03902125_385.JPEG	4	0	52	63
n03902125_246.JPEG	0	12	23	46
n03902125_428.JPEG	8	1	54	63
n03902125_84.JPEG	6	26	14	43
n03902125_197.JPEG	19	20	25	35
n03902125_401.JPEG	7	0	37	63
n03902125_359.JPEG	6	0	50	63
n03902125_149.JPEG	0	0	15	43
n03902125_417.JPEG	30	0	57	45
n03902125_171.JPEG	29	27	45	63
n03902125_494.JPEG	6	23	24	63
n03902125_253.JPEG	3	0	62	63
n03902125_15.JPEG	13	0	46	63
n03902125_227.JPEG	47	18	55	38
n03902125_14.JPEG	19	6	57	54
n03902125_65.JPEG	40	18	45	28
n03902125_438.JPEG	6	0	42	63
n03902125_320.JPEG	21	0	45	60
n03902125_166.JPEG	20	0	63	63
n03902125_491.JPEG	45	5	62	36
n03902125_430.JPEG	30	27	36	42
n03902125_488.JPEG	0	0	63	63
n03902125_95.JPEG	20	28	28	44
n03902125_492.JPEG	50	3	63	49
n03902125_276.JPEG	19	14	43	63
n03902125_277.JPEG	1	0	63	63
n03902125_407.JPEG	26	12	63	63
n03902125_116.JPEG	0	21	12	52
n03902125_77.JPEG	19	23	27	36
n03902125_146.JPEG	12	0	51	63
n03902125_49.JPEG	30	29	49	63
n03902125_156.JPEG	20	17	38	62
n03902125_431.JPEG	32	12	61	63
n03902125_74.JPEG	0	7	34	60
n03902125_0.JPEG	0	10	10	39
n03902125_458.JPEG	25	25	34	44
n03902125_393.JPEG	33	48	45	63
n03902125_140.JPEG	21	0	60	63
n03902125_346.JPEG	31	18	37	47
n03902125_493.JPEG	24	20	44	60
n03902125_295.JPEG	13	0	54	63
n03902125_201.JPEG	14	6	39	63
n03902125_110.JPEG	10	10	29	43
n03902125_3.JPEG	0	17	10	52
n03902125_425.JPEG	11	0	58	63
n03902125_416.JPEG	9	4	41	62
n03902125_196.JPEG	1	0	63	63
n03902125_163.JPEG	27	20	39	43
n03902125_206.JPEG	0	0	63	63
n03902125_30.JPEG	13	25	34	63
n03902125_216.JPEG	0	16	17	63
n03902125_22.JPEG	22	6	46	63
n03902125_23.JPEG	17	0	49	63
n03902125_285.JPEG	24	1	44	57
n03902125_96.JPEG	29	42	42	63
n03902125_213.JPEG	0	26	15	63
n03902125_480.JPEG	0	16	13	63
n03902125_219.JPEG	8	0	58	63
n03902125_259.JPEG	43	14	58	54
n03902125_121.JPEG	14	0	63	63
n03902125_126.JPEG	17	0	44	58
n03902125_450.JPEG	1	5	28	63
n03902125_99.JPEG	20	14	44	55
n03902125_477.JPEG	23	15	41	63
n03902125_252.JPEG	24	13	31	28
n03902125_436.JPEG	11	0	55	63
n03902125_53.JPEG	0	1	63	63
n03902125_44.JPEG	10	0	53	63
n03902125_38.JPEG	4	23	46	63
n03902125_483.JPEG	6	0	51	63
n03902125_311.JPEG	26	4	39	39
n03902125_486.JPEG	33	26	49	39
n03902125_195.JPEG	0	0	63	63
n03902125_66.JPEG	2	0	63	63
n03902125_337.JPEG	14	0	59	63
n03902125_191.JPEG	14	16	41	63
n03902125_381.JPEG	0	0	63	63
n03902125_408.JPEG	11	42	18	55
n03902125_144.JPEG	24	14	62	57
n03902125_13.JPEG	29	2	63	63
n03902125_263.JPEG	9	21	37	50
n03902125_226.JPEG	43	25	53	43
n03902125_164.JPEG	4	10	51	63
n03902125_470.JPEG	24	17	35	53
n03902125_330.JPEG	8	0	56	63
n03902125_193.JPEG	35	14	60	62
n03902125_404.JPEG	49	28	53	37
n03902125_452.JPEG	35	34	47	63
n03902125_133.JPEG	13	0	50	63
n03902125_429.JPEG	0	7	14	63
n03902125_274.JPEG	49	18	63	46
n03902125_218.JPEG	20	25	31	52
n03902125_184.JPEG	0	0	55	63
n03902125_179.JPEG	10	4	51	63
n03902125_435.JPEG	27	17	63	63
n03902125_490.JPEG	29	5	36	47
n03902125_441.JPEG	32	13	50	59
n03902125_141.JPEG	11	0	53	63
n03902125_11.JPEG	2	0	63	63
n03902125_91.JPEG	11	11	34	60
n03902125_362.JPEG	16	5	47	57
n03902125_249.JPEG	12	8	29	45
n03902125_403.JPEG	34	34	44	59
n03902125_368.JPEG	10	0	44	63
n03902125_326.JPEG	3	0	52	63
n03902125_297.JPEG	16	0	36	58
n03902125_400.JPEG	28	17	39	48
n03902125_78.JPEG	18	10	42	63
n03902125_382.JPEG	23	20	39	63
n03902125_42.JPEG	28	52	45	63
n03902125_182.JPEG	23	0	44	63
n03902125_453.JPEG	23	0	39	24
n03902125_465.JPEG	2	5	37	63
n03902125_237.JPEG	5	7	55	63
n03902125_432.JPEG	4	0	52	63
n03902125_396.JPEG	0	0	63	63
n03902125_34.JPEG	4	20	31	63
n03902125_103.JPEG	40	8	63	63
n03902125_137.JPEG	42	26	52	48
n03902125_365.JPEG	18	10	40	35
n03902125_68.JPEG	18	8	40	63
n03902125_313.JPEG	23	30	30	44
n03902125_390.JPEG	12	5	43	49
n03902125_225.JPEG	11	12	53	52
n03902125_170.JPEG	12	9	35	63
n03902125_267.JPEG	28	16	40	53
n03902125_127.JPEG	31	3	57	56
n03902125_174.JPEG	0	0	49	63
n03902125_485.JPEG	19	23	24	36
n03902125_125.JPEG	47	54	53	63
n03902125_63.JPEG	23	19	37	63
n03902125_355.JPEG	6	0	60	63
n03902125_194.JPEG	0	16	63	63
n03902125_205.JPEG	20	21	42	63
n03902125_374.JPEG	0	0	63	63
n03902125_93.JPEG	7	6	56	63
n03902125_250.JPEG	20	19	49	63
n03902125_414.JPEG	0	22	9	41
n03902125_321.JPEG	17	0	52	63
n03902125_266.JPEG	32	22	40	40
n03902125_204.JPEG	0	1	58	42
n03902125_325.JPEG	41	24	51	42
n03902125_375.JPEG	25	10	38	33
n03902125_70.JPEG	7	0	39	63
n03902125_445.JPEG	0	0	59	63
n03902125_272.JPEG	54	16	63	36
n03902125_17.JPEG	2	0	59	63
n03902125_130.JPEG	26	0	55	63
n03902125_265.JPEG	15	0	28	22
n03902125_94.JPEG	0	0	63	63
n03902125_395.JPEG	0	10	53	63
n03902125_379.JPEG	9	14	52	37
n03902125_10.JPEG	25	9	63	63
n03902125_242.JPEG	7	0	52	63
n03902125_443.JPEG	27	31	38	61
n03902125_214.JPEG	48	1	63	32
n03902125_280.JPEG	26	10	31	54
n03902125_123.JPEG	24	18	39	47
n03902125_239.JPEG	12	0	63	63
n03902125_323.JPEG	17	0	43	63
n03902125_117.JPEG	1	12	27	60
n03902125_495.JPEG	0	0	59	63
n03902125_161.JPEG	10	19	23	56
n03902125_233.JPEG	24	7	41	59
n03902125_73.JPEG	44	25	63	63
n03902125_343.JPEG	40	5	63	60
n03902125_298.JPEG	18	9	47	63
n03902125_230.JPEG	19	0	48	63
n03902125_107.JPEG	10	8	38	54
n03902125_467.JPEG	11	28	33	63
n03902125_33.JPEG	9	39	12	43
n03902125_292.JPEG	35	29	41	41
n03902125_176.JPEG	34	25	46	45
n03902125_412.JPEG	10	3	63	58
n03902125_314.JPEG	31	6	47	36
n03902125_152.JPEG	20	13	41	52
n03902125_437.JPEG	3	0	62	63
n03902125_244.JPEG	3	3	56	61
n03902125_207.JPEG	19	0	53	63
n03902125_71.JPEG	23	17	42	59
n03902125_270.JPEG	9	0	62	63
n03902125_360.JPEG	0	0	62	63
n03902125_332.JPEG	27	18	37	48
n03902125_469.JPEG	10	0	53	63
n03902125_115.JPEG	17	3	48	62
n03902125_109.JPEG	1	0	59	63
n03902125_261.JPEG	10	0	47	63
n03902125_135.JPEG	21	20	30	38
n03902125_47.JPEG	11	0	53	63
n03902125_192.JPEG	19	32	42	63
n03902125_131.JPEG	25	20	40	63
n03902125_209.JPEG	15	0	52	63
n03902125_28.JPEG	43	23	49	41
n03902125_138.JPEG	14	6	45	63
n03902125_282.JPEG	10	0	53	63
n03902125_422.JPEG	3	0	59	63
n03902125_383.JPEG	0	0	31	63
n03902125_439.JPEG	0	1	51	63
n03902125_31.JPEG	0	25	13	51
n03902125_200.JPEG	6	23	15	42
n03902125_340.JPEG	21	21	41	56
n03902125_324.JPEG	19	2	42	57
n03902125_351.JPEG	0	12	39	58
n03902125_427.JPEG	21	1	44	35
n03902125_86.JPEG	12	9	36	63
n03902125_183.JPEG	25	11	35	27
n03902125_389.JPEG	11	0	52	63
n03902125_155.JPEG	19	17	39	58
n03902125_367.JPEG	24	14	42	63
n03902125_7.JPEG	29	19	41	40
n03902125_461.JPEG	25	9	39	58
n03902125_440.JPEG	1	0	61	45
n03902125_142.JPEG	23	18	40	62
n03902125_113.JPEG	3	0	60	63
n03902125_316.JPEG	23	16	41	55
n03902125_344.JPEG	21	0	48	63
n03902125_353.JPEG	4	0	51	63
n03902125_154.JPEG	11	0	47	63
n03902125_105.JPEG	17	0	61	63
n03902125_173.JPEG	2	19	18	59
n03902125_46.JPEG	20	5	38	61
n03902125_364.JPEG	11	11	50	63
n03902125_76.JPEG	34	20	55	63
n03902125_108.JPEG	32	34	44	56
n03902125_145.JPEG	20	0	45	41
n03902125_20.JPEG	13	9	36	54
n03902125_258.JPEG	29	11	47	31
n03902125_288.JPEG	27	16	38	52
n03902125_55.JPEG	24	3	50	63
n03902125_247.JPEG	16	2	47	63
n03902125_286.JPEG	5	0	58	63
n03902125_24.JPEG	18	0	45	61
n03902125_112.JPEG	57	28	63	54
n03902125_243.JPEG	0	0	53	63
n03902125_18.JPEG	15	9	43	60
n03902125_328.JPEG	10	0	56	61
n03902125_5.JPEG	5	1	48	63
n03902125_341.JPEG	7	0	63	63
n03902125_172.JPEG	3	19	38	63
n03902125_153.JPEG	32	27	63	63
n03902125_305.JPEG	37	4	63	57
n03902125_354.JPEG	44	1	63	63
n03902125_426.JPEG	17	0	43	51
n03902125_122.JPEG	0	0	59	63
n03902125_80.JPEG	16	42	20	54
n03902125_284.JPEG	23	6	44	63
n03902125_198.JPEG	11	0	51	63
n03902125_236.JPEG	0	14	11	59
n03902125_423.JPEG	33	13	54	55
n03902125_357.JPEG	6	7	45	63
n03902125_27.JPEG	10	0	44	63
n03902125_345.JPEG	21	10	48	61
n03902125_67.JPEG	31	30	37	44
n03902125_111.JPEG	38	37	49	63
n03902125_466.JPEG	2	14	29	61
n03902125_474.JPEG	8	0	57	63
n03902125_394.JPEG	60	1	63	63
n03902125_104.JPEG	14	17	37	63
n03902125_419.JPEG	17	12	39	50
n03902125_19.JPEG	7	0	56	63
n03902125_119.JPEG	38	14	48	48
n03902125_211.JPEG	1	0	63	63
n03902125_300.JPEG	32	23	36	38
n03902125_299.JPEG	1	0	61	63
n03902125_157.JPEG	4	23	19	63
n03902125_342.JPEG	24	35	35	57
n03902125_254.JPEG	5	26	11	38
n03902125_62.JPEG	27	23	43	63
n03902125_290.JPEG	37	11	63	63
n03902125_139.JPEG	11	0	55	63
n03902125_312.JPEG	35	23	43	38
n03902125_143.JPEG	45	15	63	57
n03902125_16.JPEG	0	0	63	63
n03902125_50.JPEG	0	0	63	63
n03902125_210.JPEG	0	0	53	63
n03902125_181.JPEG	9	0	49	63
n03902125_318.JPEG	9	0	58	63
n03902125_268.JPEG	17	6	44	63
n03902125_349.JPEG	5	5	48	63
n03902125_186.JPEG	7	0	31	60
n03902125_100.JPEG	19	23	37	54
n03902125_294.JPEG	3	11	37	53
n03902125_384.JPEG	3	5	58	63
n03902125_391.JPEG	26	25	39	49
n03902125_421.JPEG	29	0	49	56
n03902125_1.JPEG	14	27	26	49
n03902125_449.JPEG	4	0	58	63
n03902125_447.JPEG	19	15	40	48
n03902125_399.JPEG	19	19	33	52
n03902125_160.JPEG	22	0	43	36
n03902125_162.JPEG	17	0	49	63
n03902125_106.JPEG	40	18	48	36
n03902125_387.JPEG	6	13	53	63
n03902125_487.JPEG	1	0	56	63
n03902125_499.JPEG	0	0	63	63
n03902125_35.JPEG	27	0	43	63
n03902125_420.JPEG	11	0	47	63
n03902125_497.JPEG	20	0	59	63
n03902125_397.JPEG	26	32	36	60
n03902125_169.JPEG	5	36	15	55
n03902125_291.JPEG	25	11	35	33
n03902125_473.JPEG	27	27	39	42
n03902125_208.JPEG	11	0	59	63
n03902125_168.JPEG	1	14	20	60
n03902125_64.JPEG	31	11	56	63
n03902125_302.JPEG	10	2	48	63
n03902125_392.JPEG	0	0	63	63
n03902125_398.JPEG	0	6	27	59
n03902125_303.JPEG	9	40	29	63
n03902125_235.JPEG	29	19	45	49
n03902125_415.JPEG	35	18	40	40
n03902125_2.JPEG	2	10	30	63
n03902125_363.JPEG	20	0	41	39
n03902125_446.JPEG	42	13	51	34
n03902125_402.JPEG	26	32	39	55
n03902125_269.JPEG	45	49	52	63
n03902125_21.JPEG	2	2	58	63
n03902125_224.JPEG	11	0	42	47
n03902125_232.JPEG	35	0	54	40
n03902125_69.JPEG	9	0	56	63
val_4720.JPEG	11	21	20	39
val_9494.JPEG	30	13	40	41
val_578.JPEG	3	0	35	63
val_1271.JPEG	44	8	63	58
val_577.JPEG	46	2	58	63
val_4085.JPEG	20	0	63	63
val_9271.JPEG	14	0	44	63
val_5940.JPEG	20	18	31	49
val_612.JPEG	31	9	38	24
val_7352.JPEG	25	21	38	50
val_8589.JPEG	20	27	35	63
val_2989.JPEG	49	23	59	45
val_4138.JPEG	13	3	48	63
val_7919.JPEG	30	27	32	42
val_1589.JPEG	3	10	30	60
val_4967.JPEG	25	22	30	35
val_285.JPEG	31	0	63	63
val_1707.JPEG	9	0	61	63
val_9329.JPEG	5	6	14	30
val_3722.JPEG	20	26	30	44
val_6922.JPEG	5	9	32	45
val_2112.JPEG	0	12	35	63
val_3729.JPEG	0	13	30	63
val_8740.JPEG	33	34	44	49
val_7313.JPEG	24	1	45	30
val_9475.JPEG	14	25	38	63
val_6410.JPEG	3	0	61	63
val_858.JPEG	1	7	27	60
val_4883.JPEG	9	0	62	63
val_6990.JPEG	0	1	51	58
val_3013.JPEG	0	5	35	43
val_5930.JPEG	12	20	37	61
val_737.JPEG	16	0	63	63
val_8140.JPEG	41	20	50	48
val_1273.JPEG	44	12	54	34
