n03983396_239.JPEG	8	0	57	63
n03983396_322.JPEG	26	0	59	63
n03983396_149.JPEG	1	0	63	63
n03983396_437.JPEG	0	2	20	61
n03983396_15.JPEG	15	0	48	39
n03983396_5.JPEG	0	0	10	16
n03983396_248.JPEG	6	0	31	63
n03983396_78.JPEG	37	17	52	58
n03983396_98.JPEG	1	13	47	40
n03983396_33.JPEG	31	0	63	63
n03983396_43.JPEG	11	0	40	63
n03983396_349.JPEG	25	0	33	18
n03983396_486.JPEG	4	0	51	63
n03983396_17.JPEG	5	0	57	63
n03983396_81.JPEG	0	0	25	63
n03983396_393.JPEG	22	0	44	63
n03983396_80.JPEG	0	12	63	63
n03983396_71.JPEG	25	0	53	63
n03983396_193.JPEG	33	0	57	63
n03983396_296.JPEG	19	34	31	63
n03983396_253.JPEG	17	0	36	63
n03983396_188.JPEG	36	0	58	62
n03983396_212.JPEG	21	0	42	63
n03983396_217.JPEG	5	0	35	63
n03983396_179.JPEG	38	34	44	56
n03983396_494.JPEG	7	0	63	63
n03983396_451.JPEG	20	0	48	63
n03983396_245.JPEG	0	0	55	63
n03983396_172.JPEG	37	4	63	58
n03983396_174.JPEG	8	15	12	27
n03983396_447.JPEG	3	9	19	39
n03983396_324.JPEG	7	0	54	63
n03983396_1.JPEG	20	0	42	63
n03983396_246.JPEG	23	0	48	63
n03983396_266.JPEG	12	4	34	63
n03983396_177.JPEG	37	7	53	62
n03983396_99.JPEG	0	9	60	58
n03983396_142.JPEG	0	28	33	54
n03983396_104.JPEG	26	5	40	58
n03983396_82.JPEG	19	0	46	63
n03983396_74.JPEG	23	0	43	63
n03983396_214.JPEG	0	0	63	63
n03983396_139.JPEG	36	1	63	63
n03983396_313.JPEG	2	0	63	63
n03983396_167.JPEG	28	2	45	61
n03983396_145.JPEG	0	16	13	30
n03983396_187.JPEG	8	0	48	63
n03983396_218.JPEG	4	0	40	63
n03983396_462.JPEG	30	10	37	30
n03983396_390.JPEG	23	0	42	63
n03983396_375.JPEG	22	35	27	49
n03983396_443.JPEG	23	0	43	63
n03983396_42.JPEG	32	0	63	63
n03983396_405.JPEG	15	0	36	63
n03983396_302.JPEG	28	16	36	46
n03983396_132.JPEG	16	0	57	61
n03983396_335.JPEG	24	0	44	63
n03983396_105.JPEG	21	0	44	63
n03983396_475.JPEG	26	23	34	40
n03983396_458.JPEG	0	1	63	63
n03983396_200.JPEG	7	0	30	63
n03983396_207.JPEG	55	27	60	48
n03983396_84.JPEG	22	0	45	63
n03983396_487.JPEG	24	0	42	63
n03983396_159.JPEG	26	0	51	63
n03983396_115.JPEG	4	0	30	63
n03983396_378.JPEG	23	0	41	58
n03983396_240.JPEG	0	14	9	52
n03983396_189.JPEG	7	0	59	63
n03983396_181.JPEG	12	0	53	63
n03983396_272.JPEG	1	0	41	63
n03983396_401.JPEG	20	14	44	63
n03983396_283.JPEG	3	3	21	60
n03983396_261.JPEG	20	0	40	63
n03983396_9.JPEG	44	2	63	59
n03983396_224.JPEG	0	3	17	60
n03983396_202.JPEG	24	0	45	63
n03983396_460.JPEG	45	5	58	50
n03983396_83.JPEG	34	38	53	48
n03983396_166.JPEG	4	1	63	63
n03983396_448.JPEG	6	3	22	39
n03983396_90.JPEG	19	6	29	48
n03983396_45.JPEG	16	6	33	62
n03983396_173.JPEG	23	2	44	62
n03983396_133.JPEG	24	0	43	63
n03983396_279.JPEG	3	0	63	63
n03983396_271.JPEG	16	10	33	54
n03983396_373.JPEG	0	0	63	63
n03983396_228.JPEG	32	0	48	63
n03983396_430.JPEG	0	9	63	54
n03983396_303.JPEG	12	0	52	63
n03983396_16.JPEG	1	0	42	63
n03983396_147.JPEG	33	0	54	62
n03983396_49.JPEG	7	0	61	63
n03983396_60.JPEG	20	0	43	63
n03983396_72.JPEG	17	1	41	63
n03983396_471.JPEG	17	0	52	63
n03983396_399.JPEG	24	25	36	61
n03983396_403.JPEG	16	0	47	63
n03983396_268.JPEG	12	0	52	63
n03983396_191.JPEG	15	0	63	63
n03983396_194.JPEG	31	7	63	50
n03983396_76.JPEG	17	0	55	63
n03983396_321.JPEG	50	0	63	63
n03983396_152.JPEG	10	0	59	63
n03983396_281.JPEG	34	0	62	63
n03983396_470.JPEG	14	0	51	63
n03983396_353.JPEG	0	1	31	60
n03983396_355.JPEG	34	0	57	63
n03983396_468.JPEG	27	8	43	63
n03983396_125.JPEG	25	0	47	63
n03983396_118.JPEG	17	5	44	58
n03983396_157.JPEG	9	0	49	63
n03983396_469.JPEG	37	4	63	58
n03983396_464.JPEG	18	6	36	63
n03983396_136.JPEG	24	1	45	63
n03983396_269.JPEG	21	0	46	63
n03983396_164.JPEG	28	4	42	58
n03983396_363.JPEG	29	0	47	62
n03983396_185.JPEG	1	5	18	57
n03983396_62.JPEG	24	38	38	63
n03983396_29.JPEG	16	41	53	52
n03983396_110.JPEG	0	0	59	63
n03983396_384.JPEG	18	0	52	63
n03983396_292.JPEG	0	0	30	63
n03983396_170.JPEG	13	0	50	63
n03983396_421.JPEG	0	0	49	63
n03983396_374.JPEG	35	14	51	61
n03983396_328.JPEG	2	22	24	63
n03983396_453.JPEG	27	0	43	63
n03983396_387.JPEG	48	40	53	45
n03983396_24.JPEG	7	36	20	63
n03983396_331.JPEG	31	3	38	30
n03983396_199.JPEG	25	21	31	43
n03983396_330.JPEG	21	0	45	63
n03983396_198.JPEG	18	0	42	63
n03983396_286.JPEG	8	0	48	63
n03983396_40.JPEG	14	14	30	60
n03983396_140.JPEG	10	0	54	63
n03983396_208.JPEG	7	2	17	54
n03983396_344.JPEG	7	0	60	63
n03983396_168.JPEG	26	0	41	49
n03983396_377.JPEG	21	0	41	63
n03983396_323.JPEG	19	0	42	63
n03983396_354.JPEG	7	1	41	56
n03983396_315.JPEG	63	38	63	50
n03983396_96.JPEG	0	43	0	57
n03983396_252.JPEG	34	0	56	53
n03983396_336.JPEG	22	0	63	63
n03983396_211.JPEG	4	0	62	63
n03983396_54.JPEG	4	0	50	63
n03983396_445.JPEG	9	0	55	63
n03983396_57.JPEG	19	0	58	63
n03983396_273.JPEG	28	10	47	63
n03983396_308.JPEG	17	0	45	63
n03983396_222.JPEG	25	0	52	63
n03983396_48.JPEG	32	1	61	63
n03983396_120.JPEG	26	0	46	63
n03983396_254.JPEG	0	0	42	63
n03983396_383.JPEG	33	0	53	63
n03983396_186.JPEG	15	31	54	63
n03983396_388.JPEG	43	9	61	59
n03983396_26.JPEG	20	7	40	63
n03983396_195.JPEG	0	0	52	63
n03983396_404.JPEG	21	0	42	63
n03983396_21.JPEG	10	0	32	63
n03983396_493.JPEG	18	0	52	63
n03983396_10.JPEG	7	0	43	63
n03983396_6.JPEG	24	24	47	39
n03983396_301.JPEG	19	0	42	63
n03983396_367.JPEG	1	0	62	63
n03983396_27.JPEG	9	1	47	61
n03983396_153.JPEG	63	3	63	28
n03983396_56.JPEG	7	0	27	63
n03983396_130.JPEG	29	6	46	59
n03983396_392.JPEG	13	0	53	63
n03983396_126.JPEG	42	25	53	41
n03983396_151.JPEG	26	1	48	44
n03983396_64.JPEG	21	0	45	63
n03983396_183.JPEG	31	0	53	63
n03983396_320.JPEG	0	11	21	63
n03983396_492.JPEG	23	0	47	63
n03983396_39.JPEG	23	26	36	63
n03983396_481.JPEG	16	7	31	58
n03983396_394.JPEG	22	0	53	63
n03983396_326.JPEG	0	0	63	63
n03983396_304.JPEG	27	0	58	32
n03983396_425.JPEG	14	0	53	63
n03983396_197.JPEG	23	0	44	63
n03983396_456.JPEG	24	0	43	63
n03983396_171.JPEG	21	0	44	63
n03983396_230.JPEG	11	11	20	54
n03983396_359.JPEG	6	0	59	63
n03983396_369.JPEG	0	0	58	63
n03983396_70.JPEG	6	31	13	48
n03983396_317.JPEG	24	10	41	53
n03983396_438.JPEG	1	0	63	61
n03983396_295.JPEG	20	0	43	63
n03983396_50.JPEG	0	1	50	63
n03983396_432.JPEG	23	0	44	61
n03983396_348.JPEG	21	0	48	63
n03983396_290.JPEG	0	0	63	63
n03983396_427.JPEG	0	12	63	49
n03983396_485.JPEG	30	35	55	46
n03983396_364.JPEG	15	0	37	63
n03983396_275.JPEG	22	20	27	37
n03983396_382.JPEG	19	2	44	63
n03983396_442.JPEG	56	1	63	63
n03983396_165.JPEG	31	0	59	63
n03983396_435.JPEG	24	0	41	63
n03983396_441.JPEG	20	0	43	63
n03983396_474.JPEG	28	28	39	52
n03983396_235.JPEG	3	0	47	60
n03983396_206.JPEG	13	0	50	63
n03983396_267.JPEG	20	0	45	63
n03983396_345.JPEG	2	0	58	63
n03983396_264.JPEG	17	0	48	63
n03983396_203.JPEG	16	0	46	63
n03983396_37.JPEG	3	1	33	61
n03983396_12.JPEG	7	4	28	63
n03983396_491.JPEG	5	0	57	63
n03983396_31.JPEG	7	0	30	63
n03983396_158.JPEG	17	0	48	62
n03983396_249.JPEG	44	2	61	62
n03983396_107.JPEG	44	0	63	35
n03983396_28.JPEG	41	51	51	63
n03983396_418.JPEG	29	18	44	51
n03983396_436.JPEG	1	4	63	58
n03983396_340.JPEG	3	0	63	63
n03983396_236.JPEG	42	0	61	63
n03983396_397.JPEG	6	0	55	63
n03983396_243.JPEG	3	0	59	63
n03983396_160.JPEG	16	0	51	63
n03983396_79.JPEG	40	0	60	63
n03983396_97.JPEG	8	0	34	63
n03983396_327.JPEG	13	0	38	63
n03983396_311.JPEG	23	0	42	63
n03983396_257.JPEG	2	0	30	63
n03983396_446.JPEG	0	33	38	63
n03983396_44.JPEG	10	0	59	63
n03983396_23.JPEG	31	2	50	53
n03983396_69.JPEG	10	7	57	57
n03983396_144.JPEG	0	0	63	63
n03983396_263.JPEG	1	0	63	63
n03983396_495.JPEG	20	0	49	63
n03983396_201.JPEG	6	0	55	63
n03983396_422.JPEG	9	0	58	63
n03983396_307.JPEG	23	0	54	48
n03983396_102.JPEG	18	0	44	63
n03983396_440.JPEG	21	9	42	63
n03983396_338.JPEG	17	4	62	63
n03983396_108.JPEG	0	0	63	63
n03983396_274.JPEG	14	1	50	63
n03983396_294.JPEG	22	0	41	63
n03983396_444.JPEG	0	0	63	63
n03983396_357.JPEG	17	0	53	63
n03983396_137.JPEG	26	0	45	63
n03983396_156.JPEG	15	1	51	63
n03983396_386.JPEG	22	1	44	63
n03983396_190.JPEG	37	0	59	63
n03983396_36.JPEG	11	0	57	63
n03983396_461.JPEG	20	5	42	61
n03983396_499.JPEG	19	0	54	63
n03983396_242.JPEG	6	0	59	63
n03983396_19.JPEG	28	21	38	53
n03983396_229.JPEG	19	0	47	63
n03983396_408.JPEG	12	34	48	63
n03983396_358.JPEG	5	8	63	51
n03983396_483.JPEG	0	0	49	63
n03983396_251.JPEG	18	0	44	63
n03983396_124.JPEG	0	1	33	63
n03983396_241.JPEG	18	16	27	55
n03983396_204.JPEG	0	6	29	51
n03983396_423.JPEG	3	0	63	63
n03983396_398.JPEG	22	8	37	63
n03983396_63.JPEG	16	0	42	63
n03983396_47.JPEG	5	0	45	63
n03983396_122.JPEG	11	13	28	60
n03983396_221.JPEG	1	0	22	63
n03983396_431.JPEG	36	2	43	19
n03983396_135.JPEG	0	24	33	49
n03983396_11.JPEG	21	16	43	37
n03983396_121.JPEG	45	4	60	59
n03983396_75.JPEG	22	0	49	63
n03983396_433.JPEG	20	0	46	63
n03983396_498.JPEG	25	17	44	53
n03983396_380.JPEG	21	0	45	63
n03983396_411.JPEG	3	0	61	63
n03983396_291.JPEG	10	0	56	63
n03983396_134.JPEG	22	0	41	63
n03983396_220.JPEG	7	0	59	63
n03983396_316.JPEG	0	29	36	63
n03983396_244.JPEG	23	4	45	63
n03983396_184.JPEG	48	36	53	54
n03983396_372.JPEG	30	6	58	63
n03983396_306.JPEG	24	2	44	58
n03983396_175.JPEG	21	0	49	63
n03983396_209.JPEG	50	3	63	39
n03983396_85.JPEG	1	0	49	63
n03983396_154.JPEG	7	7	63	63
n03983396_169.JPEG	13	13	42	31
n03983396_465.JPEG	34	0	63	62
n03983396_325.JPEG	0	31	63	52
n03983396_255.JPEG	31	3	47	60
n03983396_412.JPEG	35	0	55	62
n03983396_215.JPEG	17	23	26	57
n03983396_18.JPEG	17	0	42	23
n03983396_150.JPEG	17	0	47	63
n03983396_488.JPEG	25	4	40	60
n03983396_68.JPEG	16	0	47	61
n03983396_92.JPEG	21	0	41	63
n03983396_114.JPEG	20	0	63	63
n03983396_450.JPEG	34	0	54	63
n03983396_472.JPEG	18	0	38	63
n03983396_342.JPEG	1	0	57	63
n03983396_238.JPEG	12	0	29	63
n03983396_46.JPEG	22	11	59	50
n03983396_112.JPEG	22	0	40	49
n03983396_111.JPEG	19	0	49	63
n03983396_332.JPEG	8	28	16	49
n03983396_370.JPEG	13	0	48	63
n03983396_73.JPEG	38	10	52	61
n03983396_297.JPEG	48	11	63	63
n03983396_146.JPEG	12	3	19	52
n03983396_287.JPEG	7	0	53	63
n03983396_396.JPEG	0	0	11	52
n03983396_138.JPEG	26	2	42	59
n03983396_284.JPEG	17	3	40	59
n03983396_478.JPEG	2	0	51	63
n03983396_466.JPEG	15	0	48	63
n03983396_260.JPEG	16	0	48	63
n03983396_400.JPEG	3	0	62	63
n03983396_351.JPEG	29	14	38	43
n03983396_496.JPEG	17	0	35	53
n03983396_178.JPEG	0	0	54	63
n03983396_310.JPEG	17	0	46	63
n03983396_67.JPEG	1	0	63	63
n03983396_162.JPEG	19	0	44	63
n03983396_8.JPEG	45	0	61	44
n03983396_319.JPEG	12	3	26	45
n03983396_300.JPEG	44	8	63	63
n03983396_226.JPEG	0	0	63	63
n03983396_329.JPEG	20	20	63	41
n03983396_237.JPEG	13	6	31	58
n03983396_334.JPEG	5	2	22	36
n03983396_38.JPEG	18	0	51	63
n03983396_123.JPEG	33	0	51	63
n03983396_0.JPEG	22	0	43	63
n03983396_309.JPEG	12	0	53	63
n03983396_385.JPEG	21	0	41	63
val_5679.JPEG	42	3	57	51
val_5536.JPEG	40	27	46	44
val_2431.JPEG	23	0	40	61
val_551.JPEG	26	2	40	60
val_4417.JPEG	37	1	56	59
val_509.JPEG	26	5	39	59
val_8186.JPEG	25	6	41	60
val_389.JPEG	34	7	50	63
val_8749.JPEG	1	0	38	63
val_2611.JPEG	29	0	52	63
val_1002.JPEG	1	0	60	63
val_4016.JPEG	7	2	63	63
val_7570.JPEG	0	0	49	63
val_3676.JPEG	6	9	58	63
val_8747.JPEG	8	0	25	63
val_9678.JPEG	26	27	63	46
val_3737.JPEG	0	0	63	63
val_5015.JPEG	58	30	63	54
val_1895.JPEG	0	0	55	63
val_7147.JPEG	19	0	37	63
val_7520.JPEG	34	0	58	63
val_7976.JPEG	10	0	63	63
val_7081.JPEG	60	7	63	55
val_1618.JPEG	23	2	37	63
val_7195.JPEG	24	5	41	57
val_1599.JPEG	27	36	37	62
val_3305.JPEG	5	1	56	49
val_5667.JPEG	14	0	49	63
val_5252.JPEG	2	0	63	63
val_9200.JPEG	20	0	42	63
val_8275.JPEG	31	0	39	12
val_9401.JPEG	8	0	55	63
val_9572.JPEG	18	6	48	63
val_2933.JPEG	24	0	44	63
val_2231.JPEG	59	19	63	63
