n09332890_362.JPEG	0	0	63	31
n09332890_74.JPEG	0	0	63	63
n09332890_380.JPEG	0	35	63	58
n09332890_266.JPEG	0	35	63	38
n09332890_484.JPEG	0	27	63	63
n09332890_175.JPEG	0	46	63	63
n09332890_282.JPEG	0	37	63	62
n09332890_42.JPEG	0	35	63	63
n09332890_122.JPEG	0	42	63	49
n09332890_268.JPEG	0	42	63	63
n09332890_190.JPEG	0	36	63	44
n09332890_47.JPEG	0	49	63	63
n09332890_495.JPEG	0	33	63	63
n09332890_93.JPEG	0	1	63	63
n09332890_125.JPEG	0	1	63	63
n09332890_209.JPEG	0	0	63	63
n09332890_317.JPEG	0	24	63	63
n09332890_476.JPEG	0	52	63	63
n09332890_360.JPEG	0	0	63	63
n09332890_292.JPEG	15	1	63	63
n09332890_395.JPEG	0	34	63	63
n09332890_414.JPEG	0	42	63	63
n09332890_62.JPEG	4	32	63	37
n09332890_489.JPEG	0	41	63	48
n09332890_301.JPEG	0	44	63	53
n09332890_308.JPEG	0	19	63	63
n09332890_455.JPEG	0	35	63	63
n09332890_490.JPEG	1	24	63	63
n09332890_6.JPEG	0	32	63	53
n09332890_309.JPEG	0	47	63	63
n09332890_240.JPEG	0	52	63	63
n09332890_231.JPEG	0	26	63	63
n09332890_13.JPEG	1	34	63	63
n09332890_82.JPEG	20	3	63	63
n09332890_281.JPEG	0	35	63	63
n09332890_465.JPEG	0	26	63	63
n09332890_294.JPEG	0	8	63	63
n09332890_219.JPEG	1	34	63	63
n09332890_396.JPEG	0	40	63	63
n09332890_217.JPEG	0	32	30	55
n09332890_195.JPEG	0	20	63	63
n09332890_443.JPEG	0	6	63	63
n09332890_343.JPEG	33	38	63	42
n09332890_72.JPEG	0	27	63	59
n09332890_274.JPEG	0	9	63	63
n09332890_359.JPEG	0	29	63	63
n09332890_134.JPEG	15	47	63	63
n09332890_23.JPEG	0	23	63	63
n09332890_378.JPEG	48	26	63	41
n09332890_110.JPEG	0	0	63	63
n09332890_369.JPEG	0	19	63	31
n09332890_99.JPEG	15	62	63	63
n09332890_357.JPEG	0	29	63	44
n09332890_226.JPEG	0	14	63	63
n09332890_344.JPEG	0	27	63	63
n09332890_162.JPEG	0	30	63	46
n09332890_166.JPEG	0	36	63	63
n09332890_322.JPEG	0	6	63	18
n09332890_364.JPEG	0	1	63	30
n09332890_394.JPEG	0	53	63	63
n09332890_20.JPEG	12	39	63	48
n09332890_157.JPEG	0	0	63	63
n09332890_212.JPEG	0	19	63	63
n09332890_436.JPEG	0	53	63	63
n09332890_50.JPEG	0	37	63	58
n09332890_269.JPEG	0	1	63	59
n09332890_262.JPEG	0	53	63	63
n09332890_342.JPEG	0	28	63	42
n09332890_402.JPEG	0	15	38	20
n09332890_279.JPEG	0	18	63	42
n09332890_421.JPEG	0	0	63	63
n09332890_127.JPEG	0	20	63	35
n09332890_480.JPEG	32	27	63	34
n09332890_197.JPEG	0	1	63	63
n09332890_149.JPEG	0	37	63	63
n09332890_234.JPEG	0	33	63	40
n09332890_325.JPEG	0	5	63	23
n09332890_437.JPEG	0	40	63	63
n09332890_332.JPEG	0	50	63	63
n09332890_51.JPEG	27	50	63	63
n09332890_143.JPEG	0	24	63	63
n09332890_407.JPEG	0	30	63	42
n09332890_213.JPEG	0	29	63	41
n09332890_138.JPEG	0	0	63	63
n09332890_258.JPEG	0	1	63	63
n09332890_216.JPEG	0	0	63	63
n09332890_249.JPEG	0	37	62	63
n09332890_464.JPEG	0	49	63	63
n09332890_170.JPEG	23	4	63	63
n09332890_14.JPEG	5	28	59	61
n09332890_356.JPEG	0	24	36	63
n09332890_24.JPEG	9	5	63	63
n09332890_256.JPEG	0	49	63	63
n09332890_296.JPEG	0	32	63	42
n09332890_375.JPEG	0	22	63	63
n09332890_189.JPEG	0	19	63	24
n09332890_422.JPEG	1	11	63	63
n09332890_382.JPEG	0	39	63	63
n09332890_31.JPEG	0	16	63	63
n09332890_276.JPEG	1	31	41	63
n09332890_254.JPEG	0	1	63	53
n09332890_306.JPEG	0	1	63	63
n09332890_374.JPEG	0	1	63	33
n09332890_496.JPEG	0	34	30	40
n09332890_98.JPEG	0	25	63	30
n09332890_320.JPEG	0	0	63	63
n09332890_91.JPEG	0	41	63	63
n09332890_429.JPEG	0	47	63	63
n09332890_208.JPEG	0	32	63	63
n09332890_444.JPEG	0	45	63	63
n09332890_440.JPEG	0	0	63	63
n09332890_273.JPEG	0	36	63	63
n09332890_5.JPEG	0	2	60	63
n09332890_289.JPEG	10	40	63	54
n09332890_248.JPEG	49	30	63	63
n09332890_469.JPEG	0	53	63	63
n09332890_223.JPEG	0	34	63	45
n09332890_21.JPEG	0	27	63	63
n09332890_153.JPEG	36	30	63	57
n09332890_424.JPEG	0	17	63	63
n09332890_185.JPEG	0	1	63	63
n09332890_438.JPEG	0	43	63	60
n09332890_130.JPEG	0	17	63	32
n09332890_181.JPEG	0	49	63	63
n09332890_277.JPEG	0	29	63	38
n09332890_159.JPEG	0	18	63	27
n09332890_222.JPEG	0	46	63	63
n09332890_141.JPEG	0	45	63	63
n09332890_313.JPEG	0	30	63	63
n09332890_409.JPEG	0	10	63	63
n09332890_55.JPEG	0	0	63	63
n09332890_22.JPEG	0	16	60	18
n09332890_255.JPEG	0	15	46	63
n09332890_86.JPEG	0	54	63	59
n09332890_227.JPEG	1	36	63	47
n09332890_8.JPEG	6	23	63	61
n09332890_285.JPEG	0	1	63	28
n09332890_305.JPEG	0	43	63	63
n09332890_245.JPEG	0	0	63	63
n09332890_284.JPEG	0	1	63	63
n09332890_191.JPEG	0	0	63	63
n09332890_43.JPEG	0	1	63	17
n09332890_147.JPEG	18	19	63	26
n09332890_327.JPEG	0	5	63	63
n09332890_263.JPEG	26	23	63	63
n09332890_261.JPEG	0	10	63	63
n09332890_403.JPEG	0	46	63	59
n09332890_457.JPEG	0	49	63	63
n09332890_87.JPEG	0	32	63	63
n09332890_485.JPEG	0	13	63	63
n09332890_136.JPEG	0	44	63	63
n09332890_137.JPEG	0	0	63	60
n09332890_95.JPEG	63	21	63	35
n09332890_450.JPEG	0	23	63	32
n09332890_60.JPEG	0	18	63	63
n09332890_405.JPEG	0	0	63	63
n09332890_366.JPEG	0	13	63	62
n09332890_126.JPEG	0	0	63	63
n09332890_307.JPEG	0	34	63	63
n09332890_106.JPEG	0	1	63	63
n09332890_84.JPEG	0	48	63	53
n09332890_9.JPEG	0	30	63	63
n09332890_481.JPEG	0	35	63	63
n09332890_257.JPEG	0	0	63	63
n09332890_109.JPEG	1	0	55	63
n09332890_474.JPEG	0	9	63	39
n09332890_200.JPEG	0	0	63	28
n09332890_118.JPEG	0	27	63	63
n09332890_259.JPEG	0	25	63	37
n09332890_71.JPEG	0	34	63	63
n09332890_174.JPEG	0	44	63	63
n09332890_75.JPEG	0	31	63	63
n09332890_107.JPEG	0	8	63	52
n09332890_237.JPEG	0	39	49	63
n09332890_117.JPEG	0	3	63	63
n09332890_373.JPEG	0	0	63	63
n09332890_173.JPEG	0	37	63	63
n09332890_350.JPEG	0	30	63	63
n09332890_354.JPEG	0	35	63	63
n09332890_295.JPEG	0	0	63	63
n09332890_52.JPEG	0	0	63	63
n09332890_236.JPEG	25	38	50	42
n09332890_471.JPEG	15	14	63	44
n09332890_184.JPEG	0	55	60	58
n09332890_241.JPEG	0	37	63	63
n09332890_132.JPEG	0	24	45	36
n09332890_270.JPEG	0	36	63	39
n09332890_401.JPEG	0	32	63	63
n09332890_275.JPEG	0	1	63	63
n09332890_123.JPEG	0	49	63	51
n09332890_37.JPEG	0	23	63	63
n09332890_150.JPEG	0	0	63	63
n09332890_145.JPEG	0	11	63	54
n09332890_456.JPEG	1	35	63	63
n09332890_85.JPEG	0	9	63	63
n09332890_83.JPEG	3	26	63	63
n09332890_18.JPEG	0	24	59	58
n09332890_433.JPEG	1	0	63	47
n09332890_329.JPEG	0	21	63	63
n09332890_381.JPEG	0	0	63	63
n09332890_69.JPEG	10	21	63	26
n09332890_80.JPEG	0	38	63	63
n09332890_473.JPEG	0	12	63	63
n09332890_32.JPEG	0	0	63	63
n09332890_101.JPEG	0	30	63	35
n09332890_461.JPEG	0	38	63	63
n09332890_90.JPEG	0	2	63	31
n09332890_278.JPEG	0	22	48	63
n09332890_434.JPEG	41	33	63	61
n09332890_445.JPEG	0	16	0	30
n09332890_319.JPEG	0	4	63	10
n09332890_304.JPEG	0	27	63	63
n09332890_187.JPEG	0	11	63	23
n09332890_238.JPEG	0	36	46	63
n09332890_235.JPEG	0	0	63	63
n09332890_300.JPEG	0	37	63	63
n09332890_352.JPEG	0	29	63	37
n09332890_265.JPEG	0	13	63	47
n09332890_467.JPEG	0	1	63	63
n09332890_44.JPEG	0	0	63	63
n09332890_358.JPEG	0	24	39	28
n09332890_252.JPEG	0	24	63	63
n09332890_133.JPEG	0	38	40	48
n09332890_371.JPEG	1	0	46	56
n09332890_19.JPEG	0	26	27	38
n09332890_108.JPEG	0	33	63	63
n09332890_183.JPEG	0	0	63	38
n09332890_119.JPEG	0	1	63	63
n09332890_177.JPEG	28	2	63	59
n09332890_330.JPEG	0	21	63	33
n09332890_113.JPEG	0	14	63	61
n09332890_88.JPEG	0	42	63	49
n09332890_59.JPEG	0	57	63	63
n09332890_299.JPEG	33	47	63	51
n09332890_315.JPEG	0	1	63	63
n09332890_154.JPEG	0	24	63	63
n09332890_246.JPEG	0	22	63	48
n09332890_28.JPEG	0	30	63	42
n09332890_215.JPEG	0	8	63	18
n09332890_321.JPEG	0	44	63	63
n09332890_458.JPEG	0	29	63	37
n09332890_264.JPEG	0	35	63	63
n09332890_96.JPEG	0	10	63	33
n09332890_64.JPEG	0	0	63	63
n09332890_404.JPEG	0	30	63	63
n09332890_303.JPEG	1	22	61	63
n09332890_4.JPEG	17	21	63	63
n09332890_204.JPEG	0	1	63	63
n09332890_97.JPEG	0	0	63	63
n09332890_271.JPEG	0	47	63	60
n09332890_176.JPEG	0	34	63	63
n09332890_472.JPEG	0	25	63	63
n09332890_488.JPEG	0	38	63	46
n09332890_92.JPEG	0	16	63	63
n09332890_68.JPEG	0	0	63	63
n09332890_446.JPEG	0	0	63	63
n09332890_128.JPEG	24	33	63	38
n09332890_112.JPEG	0	0	63	63
n09332890_171.JPEG	1	0	63	15
n09332890_368.JPEG	26	31	63	63
n09332890_423.JPEG	0	31	63	43
n09332890_121.JPEG	0	34	63	38
n09332890_286.JPEG	0	0	63	63
n09332890_205.JPEG	0	39	63	61
n09332890_39.JPEG	0	33	63	63
n09332890_111.JPEG	0	30	63	63
n09332890_155.JPEG	0	30	55	54
n09332890_331.JPEG	0	54	63	63
n09332890_7.JPEG	0	25	63	46
n09332890_188.JPEG	0	33	63	63
n09332890_406.JPEG	0	2	63	47
n09332890_12.JPEG	0	18	63	24
n09332890_410.JPEG	0	43	63	63
n09332890_311.JPEG	34	33	63	38
n09332890_229.JPEG	0	23	0	27
n09332890_388.JPEG	0	25	63	63
n09332890_339.JPEG	0	36	63	63
n09332890_411.JPEG	0	25	63	63
n09332890_460.JPEG	0	40	52	47
n09332890_250.JPEG	61	50	63	56
n09332890_40.JPEG	1	0	63	14
n09332890_452.JPEG	0	37	63	63
n09332890_199.JPEG	0	1	63	63
n09332890_479.JPEG	0	0	63	63
n09332890_56.JPEG	0	28	63	38
n09332890_370.JPEG	0	30	63	63
n09332890_451.JPEG	0	32	63	63
n09332890_202.JPEG	0	0	63	41
n09332890_163.JPEG	18	32	63	63
n09332890_17.JPEG	0	49	63	63
n09332890_497.JPEG	0	30	63	63
n09332890_33.JPEG	0	18	63	45
n09332890_233.JPEG	0	36	63	63
n09332890_326.JPEG	0	25	63	50
n09332890_428.JPEG	60	33	63	63
n09332890_103.JPEG	0	37	63	46
n09332890_48.JPEG	0	34	63	39
n09332890_318.JPEG	0	26	0	32
n09332890_462.JPEG	0	14	63	63
n09332890_11.JPEG	0	38	0	63
n09332890_346.JPEG	0	41	63	63
n09332890_260.JPEG	0	0	63	37
n09332890_77.JPEG	0	19	63	63
n09332890_63.JPEG	25	21	63	53
n09332890_201.JPEG	0	18	63	31
n09332890_251.JPEG	0	15	63	63
n09332890_146.JPEG	8	12	63	63
n09332890_230.JPEG	0	1	63	63
n09332890_151.JPEG	0	1	63	63
n09332890_361.JPEG	0	51	52	63
n09332890_94.JPEG	54	34	63	36
n09332890_61.JPEG	0	36	36	63
n09332890_477.JPEG	0	6	63	63
n09332890_367.JPEG	0	41	63	63
n09332890_27.JPEG	0	30	63	40
n09332890_54.JPEG	0	34	63	63
n09332890_102.JPEG	0	46	26	63
n09332890_372.JPEG	0	13	63	63
n09332890_425.JPEG	0	34	63	63
n09332890_345.JPEG	0	26	36	36
n09332890_390.JPEG	0	24	63	51
n09332890_179.JPEG	0	16	33	20
n09332890_1.JPEG	0	12	63	24
n09332890_334.JPEG	0	0	63	44
n09332890_353.JPEG	0	0	63	63
n09332890_302.JPEG	0	1	63	63
n09332890_25.JPEG	0	22	63	63
n09332890_442.JPEG	0	28	63	63
n09332890_242.JPEG	40	29	63	63
n09332890_186.JPEG	24	0	63	3
n09332890_419.JPEG	0	26	63	63
n09332890_391.JPEG	0	46	63	63
n09332890_435.JPEG	0	11	63	37
n09332890_377.JPEG	0	28	63	31
n09332890_228.JPEG	0	18	63	20
n09332890_376.JPEG	0	1	63	50
n09332890_316.JPEG	0	29	45	63
n09332890_412.JPEG	0	19	63	27
n09332890_105.JPEG	0	33	63	63
n09332890_416.JPEG	1	7	63	41
n09332890_323.JPEG	0	0	63	27
n09332890_486.JPEG	0	31	63	63
n09332890_431.JPEG	0	13	63	63
n09332890_400.JPEG	0	41	63	63
n09332890_453.JPEG	0	28	63	63
n09332890_211.JPEG	0	37	63	63
n09332890_492.JPEG	0	0	63	63
n09332890_379.JPEG	0	8	63	63
n09332890_287.JPEG	0	37	63	63
n09332890_239.JPEG	0	35	63	63
val_843.JPEG	0	7	63	21
val_2332.JPEG	0	1	63	63
val_9814.JPEG	0	29	63	58
val_9658.JPEG	0	53	63	60
val_1019.JPEG	0	12	60	25
val_1712.JPEG	0	0	63	63
val_7856.JPEG	1	0	63	7
val_8627.JPEG	0	59	63	63
val_617.JPEG	0	34	15	40
val_7389.JPEG	1	55	63	63
val_9730.JPEG	0	50	63	63
val_6880.JPEG	0	1	63	63
val_1733.JPEG	30	51	63	63
val_1461.JPEG	0	36	23	47
val_7464.JPEG	0	1	63	36
val_2494.JPEG	1	0	63	63
val_7584.JPEG	0	43	63	63
val_6808.JPEG	1	1	63	63
val_4882.JPEG	0	25	63	63
val_7366.JPEG	0	12	63	37
val_730.JPEG	0	1	53	41
val_7835.JPEG	0	2	63	63
val_6006.JPEG	0	49	63	63
val_2091.JPEG	46	22	63	45
val_7146.JPEG	2	29	56	63
val_2710.JPEG	0	4	51	63
val_4701.JPEG	0	0	63	63
val_5557.JPEG	0	23	12	28
val_8471.JPEG	0	11	63	24
val_5686.JPEG	15	24	60	38
val_9421.JPEG	0	30	63	63
val_4588.JPEG	0	39	63	63
val_1760.JPEG	0	40	63	61
val_3264.JPEG	0	28	63	43
val_1119.JPEG	0	16	63	63
