n02906734_216.JPEG	25	2	63	58
n02906734_127.JPEG	17	19	21	37
n02906734_464.JPEG	16	1	49	63
n02906734_472.JPEG	9	0	59	63
n02906734_323.JPEG	24	11	63	54
n02906734_101.JPEG	0	15	63	47
n02906734_491.JPEG	0	2	63	63
n02906734_277.JPEG	10	21	63	63
n02906734_176.JPEG	13	12	51	60
n02906734_82.JPEG	9	0	55	63
n02906734_73.JPEG	2	0	53	63
n02906734_129.JPEG	0	3	63	63
n02906734_446.JPEG	29	23	46	53
n02906734_279.JPEG	10	15	31	63
n02906734_381.JPEG	0	4	63	63
n02906734_380.JPEG	0	10	63	52
n02906734_201.JPEG	4	7	30	60
n02906734_364.JPEG	16	1	52	63
n02906734_5.JPEG	0	7	63	63
n02906734_76.JPEG	0	20	63	60
n02906734_60.JPEG	0	5	63	62
n02906734_189.JPEG	0	0	36	63
n02906734_182.JPEG	3	17	63	43
n02906734_316.JPEG	0	0	63	63
n02906734_147.JPEG	14	9	28	49
n02906734_123.JPEG	36	0	57	63
n02906734_372.JPEG	25	5	40	55
n02906734_119.JPEG	0	0	37	63
n02906734_158.JPEG	0	3	63	57
n02906734_272.JPEG	0	7	63	51
n02906734_109.JPEG	3	1	61	63
n02906734_157.JPEG	0	1	61	58
n02906734_459.JPEG	20	0	50	63
n02906734_110.JPEG	22	2	37	63
n02906734_265.JPEG	1	0	63	63
n02906734_74.JPEG	9	11	39	63
n02906734_32.JPEG	15	0	49	63
n02906734_267.JPEG	16	9	39	63
n02906734_67.JPEG	1	1	62	50
n02906734_468.JPEG	0	35	63	62
n02906734_252.JPEG	24	25	34	63
n02906734_230.JPEG	0	30	63	55
n02906734_360.JPEG	6	0	52	63
n02906734_395.JPEG	6	2	63	63
n02906734_313.JPEG	0	0	63	63
n02906734_363.JPEG	0	17	61	55
n02906734_483.JPEG	0	5	63	61
n02906734_217.JPEG	6	0	24	52
n02906734_358.JPEG	25	21	47	59
n02906734_385.JPEG	7	1	37	32
n02906734_283.JPEG	0	0	30	63
n02906734_336.JPEG	8	0	61	63
n02906734_443.JPEG	1	9	34	58
n02906734_31.JPEG	0	0	63	63
n02906734_345.JPEG	20	30	31	55
n02906734_292.JPEG	8	0	23	63
n02906734_466.JPEG	28	0	63	63
n02906734_166.JPEG	6	20	44	63
n02906734_77.JPEG	17	0	48	63
n02906734_251.JPEG	0	1	63	63
n02906734_222.JPEG	0	2	63	61
n02906734_69.JPEG	0	6	63	49
n02906734_89.JPEG	6	0	45	57
n02906734_423.JPEG	4	1	58	63
n02906734_86.JPEG	2	3	61	63
n02906734_152.JPEG	0	7	63	56
n02906734_387.JPEG	13	0	57	55
n02906734_24.JPEG	18	0	47	63
n02906734_394.JPEG	1	0	26	63
n02906734_337.JPEG	8	11	18	57
n02906734_391.JPEG	0	0	63	61
n02906734_490.JPEG	0	0	0	52
n02906734_310.JPEG	7	0	39	59
n02906734_440.JPEG	3	0	22	61
n02906734_221.JPEG	0	1	63	46
n02906734_317.JPEG	3	2	61	63
n02906734_150.JPEG	0	7	63	55
n02906734_99.JPEG	2	0	63	63
n02906734_227.JPEG	22	0	50	63
n02906734_447.JPEG	34	0	44	63
n02906734_170.JPEG	19	0	46	63
n02906734_11.JPEG	35	5	40	30
n02906734_424.JPEG	15	18	63	63
n02906734_51.JPEG	18	0	57	63
n02906734_238.JPEG	17	0	50	63
n02906734_460.JPEG	32	0	47	63
n02906734_193.JPEG	0	0	54	51
n02906734_156.JPEG	8	0	57	63
n02906734_444.JPEG	0	17	52	57
n02906734_120.JPEG	16	36	29	57
n02906734_273.JPEG	1	5	60	60
n02906734_237.JPEG	17	7	46	63
n02906734_421.JPEG	12	0	48	63
n02906734_315.JPEG	14	0	25	63
n02906734_215.JPEG	14	0	63	62
n02906734_402.JPEG	17	0	46	63
n02906734_435.JPEG	0	12	63	47
n02906734_303.JPEG	27	37	63	54
n02906734_40.JPEG	0	7	63	63
n02906734_9.JPEG	3	0	61	56
n02906734_377.JPEG	8	0	27	58
n02906734_329.JPEG	0	1	63	59
n02906734_373.JPEG	12	19	52	33
n02906734_306.JPEG	20	0	57	63
n02906734_362.JPEG	1	40	32	63
n02906734_105.JPEG	14	50	56	63
n02906734_85.JPEG	29	1	44	58
n02906734_254.JPEG	7	0	57	63
n02906734_137.JPEG	21	15	60	59
n02906734_42.JPEG	5	6	57	63
n02906734_408.JPEG	0	1	63	63
n02906734_255.JPEG	0	7	63	55
n02906734_149.JPEG	0	0	63	63
n02906734_257.JPEG	19	11	62	32
n02906734_198.JPEG	37	26	42	49
n02906734_327.JPEG	0	43	7	60
n02906734_344.JPEG	0	13	61	60
n02906734_88.JPEG	6	0	60	63
n02906734_304.JPEG	0	4	63	39
n02906734_299.JPEG	4	13	63	35
n02906734_259.JPEG	2	1	62	61
n02906734_476.JPEG	0	14	63	51
n02906734_223.JPEG	15	11	35	53
n02906734_321.JPEG	2	13	63	48
n02906734_177.JPEG	20	0	41	63
n02906734_138.JPEG	22	0	41	63
n02906734_382.JPEG	2	0	60	56
n02906734_488.JPEG	34	34	58	45
n02906734_248.JPEG	7	0	52	63
n02906734_333.JPEG	0	2	63	57
n02906734_64.JPEG	13	0	51	63
n02906734_455.JPEG	9	0	57	63
n02906734_418.JPEG	0	1	63	54
n02906734_146.JPEG	7	0	55	63
n02906734_57.JPEG	12	0	42	53
n02906734_19.JPEG	33	0	63	63
n02906734_188.JPEG	13	35	36	52
n02906734_388.JPEG	0	11	63	54
n02906734_243.JPEG	0	5	63	29
n02906734_4.JPEG	0	0	63	63
n02906734_338.JPEG	4	0	21	58
n02906734_90.JPEG	1	2	59	39
n02906734_305.JPEG	16	0	46	63
n02906734_83.JPEG	2	0	47	63
n02906734_478.JPEG	39	36	59	63
n02906734_111.JPEG	19	33	63	45
n02906734_114.JPEG	2	3	36	63
n02906734_202.JPEG	5	0	55	63
n02906734_428.JPEG	39	52	48	61
n02906734_339.JPEG	0	1	63	59
n02906734_498.JPEG	3	0	63	63
n02906734_378.JPEG	35	0	56	63
n02906734_71.JPEG	9	39	63	57
n02906734_250.JPEG	1	0	63	63
n02906734_379.JPEG	7	0	63	63
n02906734_367.JPEG	35	9	56	63
n02906734_103.JPEG	0	9	63	50
n02906734_467.JPEG	29	11	45	57
n02906734_392.JPEG	13	4	60	52
n02906734_0.JPEG	19	0	43	63
n02906734_426.JPEG	19	14	56	63
n02906734_239.JPEG	0	2	63	63
n02906734_213.JPEG	4	0	33	63
n02906734_334.JPEG	26	0	45	63
n02906734_10.JPEG	16	26	54	60
n02906734_269.JPEG	1	0	63	63
n02906734_107.JPEG	0	18	63	44
n02906734_58.JPEG	9	20	40	54
n02906734_113.JPEG	4	0	60	63
n02906734_346.JPEG	0	26	63	46
n02906734_291.JPEG	12	0	53	63
n02906734_396.JPEG	35	8	51	39
n02906734_155.JPEG	55	17	63	63
n02906734_139.JPEG	6	0	54	63
n02906734_115.JPEG	0	0	63	63
n02906734_393.JPEG	5	0	58	63
n02906734_143.JPEG	0	1	63	59
n02906734_93.JPEG	2	0	63	49
n02906734_398.JPEG	8	0	60	37
n02906734_183.JPEG	26	10	36	63
n02906734_194.JPEG	12	23	50	50
n02906734_27.JPEG	25	1	63	63
n02906734_72.JPEG	12	0	63	63
n02906734_125.JPEG	27	0	40	63
n02906734_43.JPEG	7	14	25	17
n02906734_181.JPEG	10	8	35	63
n02906734_167.JPEG	1	0	63	63
n02906734_160.JPEG	15	1	29	63
n02906734_190.JPEG	22	26	63	63
n02906734_319.JPEG	17	2	53	61
n02906734_153.JPEG	43	0	58	63
n02906734_219.JPEG	14	29	34	63
n02906734_169.JPEG	18	0	45	63
n02906734_178.JPEG	0	3	63	61
n02906734_270.JPEG	33	4	46	53
n02906734_261.JPEG	7	11	63	58
n02906734_268.JPEG	0	16	32	63
n02906734_228.JPEG	0	0	63	59
n02906734_349.JPEG	6	14	60	50
n02906734_175.JPEG	9	16	52	63
n02906734_84.JPEG	3	3	17	62
n02906734_481.JPEG	6	32	41	52
n02906734_281.JPEG	0	4	52	63
n02906734_322.JPEG	1	0	49	63
n02906734_141.JPEG	26	33	33	52
n02906734_429.JPEG	12	35	63	63
n02906734_309.JPEG	21	17	32	36
n02906734_461.JPEG	35	51	62	63
n02906734_78.JPEG	0	18	63	47
n02906734_295.JPEG	8	0	50	63
n02906734_121.JPEG	29	0	49	63
n02906734_246.JPEG	0	0	42	50
n02906734_208.JPEG	8	0	47	58
n02906734_126.JPEG	7	1	48	40
n02906734_487.JPEG	24	34	54	63
n02906734_340.JPEG	10	7	50	63
n02906734_132.JPEG	25	0	45	63
n02906734_197.JPEG	1	0	61	63
n02906734_195.JPEG	1	0	63	63
n02906734_135.JPEG	26	3	35	61
n02906734_332.JPEG	0	21	57	59
n02906734_179.JPEG	6	0	58	63
n02906734_66.JPEG	17	0	46	63
n02906734_122.JPEG	34	5	56	61
n02906734_211.JPEG	6	0	36	63
n02906734_288.JPEG	19	13	41	63
n02906734_203.JPEG	10	0	41	63
n02906734_171.JPEG	28	1	63	40
n02906734_240.JPEG	15	4	50	40
n02906734_26.JPEG	4	25	60	49
n02906734_49.JPEG	2	0	63	45
n02906734_75.JPEG	5	0	63	62
n02906734_232.JPEG	17	0	41	63
n02906734_29.JPEG	30	2	51	46
n02906734_148.JPEG	0	1	63	63
n02906734_63.JPEG	7	12	63	33
n02906734_449.JPEG	0	0	59	63
n02906734_474.JPEG	27	14	47	38
n02906734_389.JPEG	44	26	54	63
n02906734_496.JPEG	0	17	63	56
n02906734_456.JPEG	14	0	32	63
n02906734_212.JPEG	23	9	46	63
n02906734_453.JPEG	11	14	63	49
n02906734_438.JPEG	20	1	49	58
n02906734_23.JPEG	17	6	46	63
n02906734_311.JPEG	31	16	63	63
n02906734_28.JPEG	0	3	63	63
n02906734_437.JPEG	0	1	36	61
n02906734_405.JPEG	11	0	63	42
n02906734_343.JPEG	10	1	63	63
n02906734_417.JPEG	23	0	38	63
n02906734_354.JPEG	0	10	63	60
n02906734_497.JPEG	0	2	63	55
n02906734_187.JPEG	36	12	56	63
n02906734_413.JPEG	3	0	28	63
n02906734_369.JPEG	19	11	62	63
n02906734_205.JPEG	13	6	49	55
n02906734_241.JPEG	0	6	63	57
n02906734_191.JPEG	15	1	51	55
n02906734_308.JPEG	0	7	32	63
n02906734_112.JPEG	0	1	50	63
n02906734_347.JPEG	14	16	58	63
n02906734_477.JPEG	0	0	42	63
n02906734_54.JPEG	22	0	41	63
n02906734_264.JPEG	10	0	30	63
n02906734_161.JPEG	0	20	63	41
n02906734_300.JPEG	1	0	63	58
n02906734_200.JPEG	4	0	49	51
n02906734_390.JPEG	23	0	43	63
n02906734_409.JPEG	0	0	63	46
n02906734_95.JPEG	28	10	52	25
n02906734_229.JPEG	1	0	63	63
n02906734_262.JPEG	27	18	49	63
n02906734_275.JPEG	14	8	48	52
n02906734_462.JPEG	17	2	34	61
n02906734_91.JPEG	8	0	44	57
n02906734_366.JPEG	0	10	63	48
n02906734_368.JPEG	23	0	42	63
n02906734_204.JPEG	0	6	63	55
n02906734_383.JPEG	23	31	52	57
n02906734_6.JPEG	0	6	34	63
n02906734_489.JPEG	0	0	39	63
n02906734_492.JPEG	0	15	39	51
n02906734_224.JPEG	3	0	39	56
n02906734_55.JPEG	7	32	63	56
n02906734_370.JPEG	0	16	63	44
n02906734_59.JPEG	0	0	63	63
n02906734_14.JPEG	0	6	63	55
n02906734_165.JPEG	3	4	51	54
n02906734_400.JPEG	5	0	53	63
n02906734_79.JPEG	0	7	29	43
n02906734_39.JPEG	3	16	63	41
n02906734_374.JPEG	6	9	22	55
n02906734_104.JPEG	0	1	63	62
n02906734_16.JPEG	0	30	21	63
n02906734_220.JPEG	11	25	48	63
n02906734_314.JPEG	0	0	63	63
n02906734_276.JPEG	15	7	26	40
n02906734_499.JPEG	0	32	53	47
n02906734_151.JPEG	3	1	58	56
n02906734_410.JPEG	0	9	35	54
n02906734_356.JPEG	0	16	63	56
n02906734_297.JPEG	22	0	28	63
n02906734_359.JPEG	43	0	63	51
n02906734_41.JPEG	10	0	60	63
n02906734_124.JPEG	0	9	61	58
n02906734_351.JPEG	5	0	38	63
n02906734_290.JPEG	18	4	29	56
n02906734_97.JPEG	12	1	55	62
n02906734_45.JPEG	12	0	56	63
n02906734_206.JPEG	18	2	51	62
n02906734_484.JPEG	58	44	63	63
n02906734_15.JPEG	48	1	63	58
n02906734_235.JPEG	0	17	63	63
n02906734_439.JPEG	22	0	58	63
n02906734_225.JPEG	25	2	50	63
n02906734_412.JPEG	18	0	45	63
n02906734_330.JPEG	0	27	31	62
n02906734_365.JPEG	27	0	41	63
n02906734_20.JPEG	9	0	50	63
n02906734_234.JPEG	38	20	56	36
n02906734_244.JPEG	0	0	63	63
n02906734_441.JPEG	0	12	63	53
n02906734_61.JPEG	7	11	36	56
n02906734_92.JPEG	19	0	38	63
n02906734_8.JPEG	0	34	63	63
n02906734_294.JPEG	20	17	55	44
n02906734_154.JPEG	16	34	42	63
n02906734_458.JPEG	36	11	49	63
n02906734_407.JPEG	14	16	45	63
n02906734_249.JPEG	0	1	63	63
n02906734_285.JPEG	0	8	63	55
n02906734_18.JPEG	0	4	63	42
n02906734_326.JPEG	0	0	63	63
n02906734_256.JPEG	12	0	54	63
n02906734_471.JPEG	0	0	63	63
n02906734_434.JPEG	15	1	51	56
n02906734_485.JPEG	20	5	63	63
n02906734_33.JPEG	14	0	46	61
n02906734_324.JPEG	0	21	63	63
n02906734_1.JPEG	41	0	63	63
n02906734_403.JPEG	0	2	63	63
n02906734_473.JPEG	14	13	63	28
n02906734_350.JPEG	1	0	47	63
n02906734_106.JPEG	4	8	59	51
n02906734_286.JPEG	6	6	42	41
n02906734_56.JPEG	0	20	47	63
n02906734_173.JPEG	19	8	31	63
n02906734_94.JPEG	19	0	45	63
n02906734_342.JPEG	0	0	63	53
val_8860.JPEG	15	2	26	61
val_4156.JPEG	2	0	53	63
val_5476.JPEG	0	5	63	54
val_9725.JPEG	6	0	40	63
val_3255.JPEG	1	0	52	63
val_8610.JPEG	33	0	52	60
val_2745.JPEG	1	4	62	59
val_6736.JPEG	0	1	63	63
val_2310.JPEG	12	4	39	63
val_5494.JPEG	3	2	55	49
val_3044.JPEG	7	0	63	23
val_1971.JPEG	8	12	46	63
val_805.JPEG	20	0	45	63
val_2581.JPEG	0	18	63	53
val_7585.JPEG	3	0	61	63
val_1720.JPEG	22	0	46	63
val_5169.JPEG	12	0	49	63
val_3779.JPEG	0	5	63	58
val_6148.JPEG	0	1	63	63
val_247.JPEG	18	0	48	63
val_8724.JPEG	0	20	63	63
val_5243.JPEG	3	0	58	63
val_9914.JPEG	5	0	50	63
val_1856.JPEG	34	11	44	47
val_3601.JPEG	9	5	51	56
val_8531.JPEG	0	5	63	63
val_2976.JPEG	3	0	51	63
val_501.JPEG	23	24	51	63
val_2943.JPEG	0	18	63	44
val_3325.JPEG	47	0	61	59
val_5914.JPEG	0	0	57	58
val_15.JPEG	1	0	48	22
val_2262.JPEG	16	6	45	63
val_1840.JPEG	6	0	45	39
val_4963.JPEG	0	3	63	61
