n07873807_287.JPEG	0	0	63	63
n07873807_473.JPEG	0	0	63	63
n07873807_230.JPEG	0	0	63	63
n07873807_415.JPEG	0	0	63	63
n07873807_247.JPEG	0	17	63	63
n07873807_348.JPEG	0	11	63	63
n07873807_450.JPEG	0	4	63	60
n07873807_205.JPEG	0	11	63	63
n07873807_70.JPEG	0	6	60	60
n07873807_423.JPEG	0	0	63	63
n07873807_417.JPEG	0	0	63	63
n07873807_258.JPEG	3	10	61	58
n07873807_47.JPEG	0	1	63	63
n07873807_418.JPEG	0	8	63	63
n07873807_396.JPEG	0	7	63	63
n07873807_93.JPEG	0	9	63	61
n07873807_458.JPEG	0	8	63	60
n07873807_183.JPEG	0	33	63	63
n07873807_75.JPEG	0	0	63	63
n07873807_221.JPEG	0	12	63	59
n07873807_407.JPEG	0	2	63	62
n07873807_419.JPEG	0	2	63	45
n07873807_146.JPEG	5	4	58	58
n07873807_339.JPEG	0	3	63	63
n07873807_252.JPEG	8	22	55	57
n07873807_116.JPEG	0	2	63	59
n07873807_120.JPEG	0	16	63	60
n07873807_250.JPEG	0	5	63	58
n07873807_194.JPEG	0	1	62	50
n07873807_444.JPEG	1	0	63	63
n07873807_38.JPEG	0	1	63	63
n07873807_72.JPEG	0	1	63	63
n07873807_331.JPEG	0	1	61	62
n07873807_246.JPEG	5	10	60	63
n07873807_155.JPEG	9	0	63	63
n07873807_209.JPEG	6	1	63	63
n07873807_29.JPEG	3	19	63	63
n07873807_15.JPEG	0	4	63	61
n07873807_405.JPEG	0	21	63	60
n07873807_273.JPEG	0	0	63	63
n07873807_82.JPEG	0	2	63	59
n07873807_305.JPEG	0	2	63	62
n07873807_163.JPEG	18	0	63	21
n07873807_33.JPEG	0	1	63	61
n07873807_226.JPEG	0	0	63	63
n07873807_447.JPEG	0	8	54	60
n07873807_478.JPEG	0	15	63	53
n07873807_306.JPEG	0	0	63	62
n07873807_455.JPEG	0	19	63	63
n07873807_446.JPEG	0	6	63	59
n07873807_323.JPEG	0	0	63	63
n07873807_130.JPEG	0	17	63	61
n07873807_318.JPEG	0	10	63	63
n07873807_465.JPEG	0	13	49	55
n07873807_98.JPEG	0	13	63	60
n07873807_188.JPEG	0	1	63	63
n07873807_156.JPEG	0	0	63	63
n07873807_308.JPEG	0	6	63	58
n07873807_372.JPEG	0	1	63	62
n07873807_241.JPEG	0	2	63	61
n07873807_128.JPEG	0	1	63	63
n07873807_159.JPEG	1	2	63	62
n07873807_231.JPEG	7	24	63	54
n07873807_105.JPEG	0	6	63	63
n07873807_451.JPEG	1	3	55	58
n07873807_112.JPEG	0	37	63	63
n07873807_259.JPEG	15	12	62	54
n07873807_442.JPEG	0	10	63	61
n07873807_138.JPEG	6	2	63	63
n07873807_169.JPEG	0	30	63	62
n07873807_133.JPEG	4	7	63	52
n07873807_359.JPEG	0	1	63	63
n07873807_13.JPEG	0	12	63	63
n07873807_190.JPEG	0	9	63	62
n07873807_113.JPEG	0	1	63	59
n07873807_317.JPEG	0	0	63	59
n07873807_165.JPEG	0	1	59	62
n07873807_76.JPEG	0	5	62	55
n07873807_109.JPEG	0	1	63	63
n07873807_487.JPEG	0	10	63	63
n07873807_108.JPEG	0	9	63	44
n07873807_132.JPEG	0	4	63	63
n07873807_32.JPEG	0	14	63	60
n07873807_285.JPEG	0	15	63	57
n07873807_408.JPEG	5	2	53	63
n07873807_365.JPEG	25	0	61	13
n07873807_254.JPEG	0	2	63	62
n07873807_78.JPEG	0	20	63	63
n07873807_8.JPEG	0	1	63	63
n07873807_74.JPEG	4	21	60	55
n07873807_328.JPEG	0	0	63	63
n07873807_110.JPEG	0	0	63	63
n07873807_126.JPEG	0	37	63	63
n07873807_22.JPEG	0	6	63	62
n07873807_337.JPEG	1	3	63	55
n07873807_143.JPEG	0	28	63	63
n07873807_131.JPEG	0	4	61	63
n07873807_49.JPEG	0	1	63	63
n07873807_371.JPEG	0	11	32	34
n07873807_485.JPEG	0	14	49	37
n07873807_3.JPEG	0	13	63	58
n07873807_387.JPEG	0	3	59	63
n07873807_173.JPEG	0	0	63	59
n07873807_406.JPEG	0	1	63	63
n07873807_85.JPEG	0	5	63	63
n07873807_103.JPEG	0	12	62	55
n07873807_345.JPEG	0	4	63	63
n07873807_152.JPEG	0	9	63	50
n07873807_7.JPEG	0	8	63	49
n07873807_150.JPEG	0	1	63	63
n07873807_325.JPEG	14	39	57	48
n07873807_334.JPEG	0	8	63	61
n07873807_272.JPEG	4	3	63	61
n07873807_494.JPEG	0	16	63	63
n07873807_19.JPEG	8	3	54	61
n07873807_164.JPEG	0	4	63	62
n07873807_341.JPEG	0	2	63	63
n07873807_59.JPEG	0	3	63	62
n07873807_280.JPEG	2	7	63	56
n07873807_437.JPEG	0	0	63	63
n07873807_6.JPEG	0	14	63	60
n07873807_87.JPEG	2	7	63	63
n07873807_63.JPEG	0	21	63	63
n07873807_479.JPEG	0	4	63	60
n07873807_373.JPEG	0	12	63	59
n07873807_37.JPEG	0	8	62	62
n07873807_374.JPEG	0	10	63	52
n07873807_11.JPEG	0	2	63	61
n07873807_202.JPEG	0	2	63	63
n07873807_90.JPEG	0	1	63	63
n07873807_41.JPEG	0	2	63	63
n07873807_170.JPEG	0	4	63	62
n07873807_411.JPEG	0	40	63	63
n07873807_492.JPEG	0	6	63	60
n07873807_324.JPEG	1	0	63	59
n07873807_493.JPEG	1	0	63	63
n07873807_275.JPEG	11	23	63	51
n07873807_379.JPEG	0	47	63	63
n07873807_36.JPEG	0	1	63	63
n07873807_340.JPEG	0	24	63	63
n07873807_398.JPEG	5	1	63	63
n07873807_466.JPEG	0	14	63	53
n07873807_353.JPEG	11	25	44	42
n07873807_385.JPEG	0	0	63	63
n07873807_180.JPEG	0	0	63	63
n07873807_286.JPEG	0	2	63	58
n07873807_391.JPEG	0	2	63	63
n07873807_158.JPEG	16	45	62	63
n07873807_211.JPEG	24	30	39	63
n07873807_148.JPEG	0	6	63	50
n07873807_65.JPEG	0	9	63	63
n07873807_34.JPEG	0	10	63	52
n07873807_43.JPEG	0	2	59	60
n07873807_364.JPEG	0	0	63	63
n07873807_427.JPEG	0	2	63	62
n07873807_5.JPEG	1	0	63	63
n07873807_56.JPEG	0	8	63	46
n07873807_94.JPEG	0	3	63	63
n07873807_206.JPEG	0	0	63	63
n07873807_368.JPEG	0	0	63	63
n07873807_177.JPEG	0	0	63	63
n07873807_225.JPEG	0	2	63	63
n07873807_115.JPEG	0	5	63	59
n07873807_199.JPEG	0	17	29	51
n07873807_1.JPEG	0	39	63	63
n07873807_483.JPEG	0	0	63	63
n07873807_338.JPEG	0	4	63	58
n07873807_327.JPEG	0	16	63	44
n07873807_176.JPEG	0	1	63	56
n07873807_140.JPEG	0	17	61	59
n07873807_489.JPEG	0	12	63	59
n07873807_498.JPEG	0	17	61	58
n07873807_127.JPEG	0	10	63	57
n07873807_135.JPEG	0	0	63	63
n07873807_23.JPEG	0	1	63	63
n07873807_91.JPEG	0	1	63	63
n07873807_9.JPEG	0	3	63	63
n07873807_330.JPEG	0	4	63	61
n07873807_491.JPEG	0	2	63	60
n07873807_208.JPEG	0	8	63	63
n07873807_248.JPEG	3	0	60	57
n07873807_298.JPEG	0	1	63	60
n07873807_229.JPEG	0	2	63	63
n07873807_134.JPEG	2	34	63	63
n07873807_431.JPEG	7	6	63	57
n07873807_332.JPEG	0	5	63	60
n07873807_79.JPEG	2	18	63	62
n07873807_269.JPEG	0	13	63	63
n07873807_244.JPEG	0	1	63	63
n07873807_21.JPEG	0	4	63	63
n07873807_283.JPEG	0	2	63	60
n07873807_233.JPEG	2	3	63	62
n07873807_445.JPEG	0	1	63	63
n07873807_12.JPEG	14	17	63	63
n07873807_251.JPEG	0	0	22	51
n07873807_243.JPEG	0	0	63	63
n07873807_266.JPEG	1	5	63	63
n07873807_499.JPEG	0	6	63	60
n07873807_295.JPEG	0	16	63	59
n07873807_472.JPEG	0	6	63	56
n07873807_488.JPEG	0	6	63	63
n07873807_51.JPEG	6	10	63	60
n07873807_52.JPEG	4	8	58	63
n07873807_296.JPEG	0	1	63	60
n07873807_42.JPEG	1	9	63	63
n07873807_402.JPEG	0	8	63	52
n07873807_313.JPEG	7	26	63	56
n07873807_234.JPEG	0	4	63	54
n07873807_31.JPEG	0	3	63	63
n07873807_264.JPEG	0	1	63	59
n07873807_171.JPEG	5	7	63	63
n07873807_184.JPEG	0	3	63	62
n07873807_172.JPEG	0	5	63	63
n07873807_369.JPEG	0	17	56	63
n07873807_439.JPEG	2	14	63	63
n07873807_26.JPEG	0	1	63	63
n07873807_139.JPEG	1	5	62	60
n07873807_212.JPEG	0	5	63	57
n07873807_57.JPEG	0	1	63	62
n07873807_316.JPEG	0	0	63	63
n07873807_271.JPEG	0	1	63	63
n07873807_71.JPEG	0	0	56	59
n07873807_490.JPEG	0	9	63	56
n07873807_454.JPEG	0	7	63	61
n07873807_174.JPEG	0	2	63	63
n07873807_440.JPEG	0	0	63	63
n07873807_257.JPEG	0	23	63	61
n07873807_121.JPEG	0	0	63	63
n07873807_270.JPEG	0	16	63	63
n07873807_39.JPEG	8	17	63	57
n07873807_375.JPEG	0	2	63	61
n07873807_380.JPEG	0	3	63	59
n07873807_142.JPEG	14	21	63	59
n07873807_363.JPEG	0	8	63	56
n07873807_290.JPEG	0	4	63	63
n07873807_356.JPEG	0	5	58	60
n07873807_197.JPEG	0	0	63	63
n07873807_289.JPEG	0	0	63	63
n07873807_80.JPEG	0	7	63	60
n07873807_175.JPEG	16	0	63	63
n07873807_343.JPEG	0	2	63	63
n07873807_137.JPEG	11	13	58	51
n07873807_463.JPEG	0	5	63	60
n07873807_102.JPEG	0	8	63	62
n07873807_322.JPEG	0	7	63	56
n07873807_416.JPEG	0	4	63	51
n07873807_153.JPEG	0	6	63	61
n07873807_449.JPEG	0	0	63	63
n07873807_433.JPEG	0	6	63	55
n07873807_62.JPEG	0	0	63	63
n07873807_154.JPEG	6	0	63	63
n07873807_67.JPEG	0	2	63	63
n07873807_429.JPEG	1	3	59	60
n07873807_481.JPEG	0	7	63	63
n07873807_319.JPEG	0	2	63	60
n07873807_495.JPEG	0	1	63	63
n07873807_351.JPEG	0	6	63	63
n07873807_151.JPEG	0	4	63	63
n07873807_376.JPEG	6	13	63	55
n07873807_125.JPEG	0	0	63	63
n07873807_333.JPEG	0	41	63	63
n07873807_262.JPEG	0	5	63	63
n07873807_240.JPEG	6	28	60	54
n07873807_277.JPEG	0	0	42	54
n07873807_232.JPEG	0	11	63	63
n07873807_471.JPEG	4	42	46	63
n07873807_168.JPEG	0	0	63	63
n07873807_89.JPEG	0	1	63	63
n07873807_370.JPEG	33	1	63	63
n07873807_397.JPEG	0	0	63	63
n07873807_160.JPEG	0	8	63	57
n07873807_377.JPEG	0	32	63	63
n07873807_198.JPEG	0	16	51	63
n07873807_55.JPEG	0	5	63	63
n07873807_149.JPEG	0	0	63	63
n07873807_187.JPEG	0	0	63	63
n07873807_378.JPEG	0	13	62	52
n07873807_218.JPEG	20	0	63	58
n07873807_18.JPEG	5	2	61	59
n07873807_239.JPEG	0	6	63	62
n07873807_284.JPEG	0	1	63	63
n07873807_204.JPEG	0	19	63	63
n07873807_400.JPEG	0	11	63	63
n07873807_342.JPEG	0	4	63	59
n07873807_390.JPEG	1	23	63	63
n07873807_293.JPEG	0	15	63	63
n07873807_265.JPEG	0	10	63	58
n07873807_393.JPEG	0	8	63	63
n07873807_227.JPEG	1	14	63	63
n07873807_0.JPEG	0	6	63	61
n07873807_389.JPEG	0	17	63	51
n07873807_228.JPEG	33	36	63	51
n07873807_382.JPEG	1	20	56	62
n07873807_443.JPEG	0	1	63	63
n07873807_99.JPEG	0	2	63	63
n07873807_157.JPEG	9	11	63	49
n07873807_425.JPEG	3	7	60	61
n07873807_181.JPEG	0	4	63	62
n07873807_349.JPEG	0	5	47	63
n07873807_35.JPEG	0	4	63	63
n07873807_236.JPEG	0	1	63	58
n07873807_358.JPEG	4	6	63	54
n07873807_196.JPEG	0	8	63	58
n07873807_207.JPEG	2	4	62	59
n07873807_68.JPEG	0	15	63	62
n07873807_255.JPEG	19	35	47	45
n07873807_124.JPEG	0	20	63	60
n07873807_44.JPEG	0	6	63	63
n07873807_46.JPEG	0	4	63	63
n07873807_346.JPEG	0	13	63	60
n07873807_45.JPEG	4	3	63	57
n07873807_420.JPEG	0	0	63	63
n07873807_426.JPEG	2	3	63	62
n07873807_64.JPEG	0	10	63	56
n07873807_281.JPEG	0	11	63	60
n07873807_144.JPEG	0	10	63	62
n07873807_291.JPEG	0	4	63	63
n07873807_300.JPEG	0	7	63	63
n07873807_16.JPEG	0	1	63	63
n07873807_297.JPEG	0	6	63	62
n07873807_219.JPEG	0	1	63	63
n07873807_410.JPEG	1	31	63	63
n07873807_24.JPEG	0	0	63	63
n07873807_141.JPEG	0	16	63	62
n07873807_294.JPEG	0	0	63	63
n07873807_162.JPEG	0	10	63	58
n07873807_166.JPEG	0	39	47	63
n07873807_268.JPEG	0	13	63	63
n07873807_388.JPEG	0	5	63	63
n07873807_312.JPEG	5	6	63	61
n07873807_352.JPEG	9	28	63	63
n07873807_118.JPEG	0	3	63	60
n07873807_100.JPEG	0	3	63	42
n07873807_302.JPEG	0	14	63	63
n07873807_362.JPEG	0	6	63	61
n07873807_399.JPEG	0	1	63	62
n07873807_288.JPEG	0	3	63	63
n07873807_469.JPEG	0	7	58	60
n07873807_320.JPEG	0	2	63	63
n07873807_104.JPEG	0	36	44	63
n07873807_311.JPEG	0	3	59	62
n07873807_404.JPEG	0	40	63	63
n07873807_242.JPEG	1	7	55	63
n07873807_101.JPEG	0	0	63	63
n07873807_304.JPEG	0	36	63	63
n07873807_129.JPEG	0	10	63	61
n07873807_460.JPEG	0	13	60	52
n07873807_401.JPEG	0	1	63	63
n07873807_381.JPEG	0	0	63	63
n07873807_476.JPEG	0	1	63	63
val_6976.JPEG	0	5	63	61
val_2862.JPEG	0	1	63	63
val_5586.JPEG	0	10	63	53
val_3380.JPEG	0	2	63	63
val_9737.JPEG	0	6	63	63
val_8466.JPEG	0	4	63	55
val_2679.JPEG	19	23	61	51
val_1981.JPEG	0	5	63	62
val_2948.JPEG	0	14	63	62
val_9886.JPEG	0	0	63	63
val_3053.JPEG	0	1	63	63
val_2036.JPEG	0	4	63	59
val_337.JPEG	0	4	63	59
val_7702.JPEG	0	5	63	59
val_8777.JPEG	0	0	63	63
val_3415.JPEG	0	0	63	63
val_7488.JPEG	0	5	63	63
val_8088.JPEG	0	2	63	63
val_9491.JPEG	0	2	63	63
val_9099.JPEG	12	18	49	50
val_8600.JPEG	1	14	63	53
val_300.JPEG	0	1	63	63
val_6440.JPEG	0	6	63	63
val_466.JPEG	1	19	49	58
val_8457.JPEG	0	10	63	63
val_9534.JPEG	4	12	63	59
val_6266.JPEG	0	0	63	63
val_6756.JPEG	12	28	48	54
val_3573.JPEG	0	5	63	55
val_3514.JPEG	0	2	63	60
val_3070.JPEG	0	2	63	55
val_1502.JPEG	0	12	63	54
val_1236.JPEG	0	7	63	59
val_4062.JPEG	5	37	24	49
val_1159.JPEG	1	26	63	63
