n02364673_145.JPEG	7	22	59	45
n02364673_181.JPEG	0	4	63	61
n02364673_302.JPEG	1	8	63	57
n02364673_416.JPEG	4	8	63	50
n02364673_278.JPEG	35	14	47	39
n02364673_88.JPEG	34	13	63	40
n02364673_152.JPEG	0	9	63	55
n02364673_414.JPEG	0	0	63	63
n02364673_234.JPEG	0	21	33	52
n02364673_191.JPEG	8	9	54	47
n02364673_174.JPEG	0	12	63	53
n02364673_225.JPEG	0	20	32	63
n02364673_290.JPEG	14	24	40	47
n02364673_419.JPEG	0	17	63	54
n02364673_370.JPEG	1	3	61	53
n02364673_128.JPEG	0	0	63	63
n02364673_223.JPEG	20	17	43	42
n02364673_239.JPEG	1	18	63	47
n02364673_112.JPEG	0	15	61	50
n02364673_151.JPEG	3	3	63	63
n02364673_150.JPEG	0	16	42	63
n02364673_212.JPEG	2	15	61	48
n02364673_385.JPEG	4	7	40	35
n02364673_376.JPEG	5	2	63	61
n02364673_32.JPEG	0	6	49	63
n02364673_255.JPEG	12	33	59	63
n02364673_367.JPEG	1	20	54	55
n02364673_149.JPEG	2	38	26	57
n02364673_388.JPEG	0	10	27	57
n02364673_319.JPEG	0	17	63	47
n02364673_448.JPEG	8	13	56	59
n02364673_163.JPEG	11	12	38	32
n02364673_262.JPEG	23	25	43	40
n02364673_201.JPEG	0	0	63	59
n02364673_244.JPEG	4	6	63	60
n02364673_75.JPEG	0	14	63	51
n02364673_438.JPEG	0	2	63	60
n02364673_238.JPEG	0	24	63	63
n02364673_21.JPEG	9	0	63	49
n02364673_445.JPEG	0	17	63	49
n02364673_61.JPEG	10	2	52	53
n02364673_30.JPEG	19	13	55	41
n02364673_207.JPEG	20	3	63	56
n02364673_287.JPEG	4	6	52	41
n02364673_170.JPEG	0	0	63	63
n02364673_216.JPEG	0	15	59	42
n02364673_271.JPEG	21	8	63	60
n02364673_89.JPEG	19	9	56	48
n02364673_9.JPEG	16	15	53	42
n02364673_477.JPEG	6	19	38	53
n02364673_85.JPEG	0	17	18	47
n02364673_195.JPEG	0	14	63	49
n02364673_147.JPEG	7	9	63	63
n02364673_117.JPEG	0	11	63	53
n02364673_487.JPEG	0	3	63	61
n02364673_488.JPEG	0	4	63	62
n02364673_360.JPEG	0	7	63	56
n02364673_480.JPEG	0	11	63	52
n02364673_24.JPEG	0	12	52	57
n02364673_229.JPEG	0	10	63	46
n02364673_444.JPEG	25	4	63	55
n02364673_155.JPEG	0	16	61	50
n02364673_404.JPEG	0	7	39	46
n02364673_296.JPEG	2	2	60	36
n02364673_303.JPEG	1	32	50	55
n02364673_412.JPEG	9	6	54	53
n02364673_42.JPEG	29	5	63	56
n02364673_347.JPEG	28	11	63	47
n02364673_270.JPEG	0	5	63	63
n02364673_228.JPEG	2	9	62	53
n02364673_166.JPEG	19	12	52	45
n02364673_2.JPEG	0	24	13	35
n02364673_345.JPEG	6	7	60	59
n02364673_495.JPEG	1	0	52	57
n02364673_157.JPEG	25	24	63	53
n02364673_492.JPEG	0	10	41	54
n02364673_451.JPEG	0	0	63	63
n02364673_200.JPEG	0	11	63	57
n02364673_55.JPEG	0	4	63	63
n02364673_196.JPEG	15	0	63	63
n02364673_78.JPEG	8	10	48	55
n02364673_418.JPEG	25	18	46	47
n02364673_96.JPEG	0	6	61	56
n02364673_135.JPEG	0	3	46	62
n02364673_432.JPEG	4	4	54	52
n02364673_482.JPEG	1	4	63	55
n02364673_318.JPEG	9	38	58	63
n02364673_298.JPEG	0	12	63	52
n02364673_486.JPEG	0	15	59	59
n02364673_350.JPEG	0	7	63	61
n02364673_431.JPEG	1	1	62	62
n02364673_336.JPEG	12	16	53	43
n02364673_413.JPEG	3	11	62	56
n02364673_346.JPEG	0	18	23	53
n02364673_63.JPEG	0	17	28	49
n02364673_310.JPEG	0	15	63	44
n02364673_165.JPEG	0	9	63	63
n02364673_440.JPEG	1	14	61	61
n02364673_231.JPEG	0	14	50	53
n02364673_184.JPEG	32	27	57	40
n02364673_285.JPEG	0	10	63	52
n02364673_67.JPEG	0	10	63	55
n02364673_354.JPEG	5	6	60	61
n02364673_326.JPEG	0	6	63	59
n02364673_0.JPEG	3	23	49	46
n02364673_400.JPEG	0	17	35	58
n02364673_423.JPEG	6	17	63	50
n02364673_264.JPEG	12	6	55	56
n02364673_176.JPEG	1	22	58	55
n02364673_351.JPEG	0	11	34	58
n02364673_39.JPEG	0	6	63	57
n02364673_399.JPEG	9	9	60	54
n02364673_489.JPEG	0	7	63	57
n02364673_26.JPEG	26	25	47	40
n02364673_180.JPEG	9	15	57	43
n02364673_411.JPEG	16	4	40	29
n02364673_16.JPEG	0	26	42	59
n02364673_4.JPEG	0	6	61	58
n02364673_190.JPEG	0	2	63	63
n02364673_126.JPEG	0	17	63	45
n02364673_69.JPEG	13	24	48	42
n02364673_306.JPEG	7	14	55	55
n02364673_46.JPEG	10	33	25	47
n02364673_254.JPEG	5	15	54	50
n02364673_259.JPEG	0	6	63	59
n02364673_144.JPEG	32	3	46	17
n02364673_286.JPEG	29	9	63	58
n02364673_378.JPEG	0	4	63	61
n02364673_474.JPEG	0	0	63	60
n02364673_18.JPEG	0	0	63	63
n02364673_328.JPEG	9	12	62	63
n02364673_10.JPEG	0	8	63	59
n02364673_375.JPEG	3	5	61	58
n02364673_156.JPEG	0	12	63	53
n02364673_99.JPEG	3	19	60	54
n02364673_335.JPEG	6	16	63	49
n02364673_227.JPEG	1	12	54	51
n02364673_3.JPEG	0	16	54	49
n02364673_53.JPEG	0	10	60	57
n02364673_447.JPEG	8	8	56	63
n02364673_493.JPEG	0	2	60	60
n02364673_247.JPEG	34	16	46	36
n02364673_241.JPEG	0	5	61	63
n02364673_373.JPEG	11	36	63	63
n02364673_132.JPEG	21	11	46	46
n02364673_458.JPEG	2	0	63	63
n02364673_422.JPEG	0	1	63	63
n02364673_124.JPEG	1	0	63	63
n02364673_104.JPEG	0	29	62	61
n02364673_472.JPEG	0	1	63	63
n02364673_343.JPEG	2	2	61	60
n02364673_468.JPEG	15	13	49	47
n02364673_175.JPEG	0	17	63	46
n02364673_368.JPEG	2	4	59	63
n02364673_443.JPEG	24	19	63	45
n02364673_358.JPEG	19	25	45	48
n02364673_11.JPEG	0	15	63	50
n02364673_359.JPEG	44	17	63	32
n02364673_60.JPEG	8	15	59	49
n02364673_214.JPEG	2	5	60	63
n02364673_449.JPEG	0	3	57	52
n02364673_188.JPEG	4	1	62	63
n02364673_33.JPEG	20	4	63	60
n02364673_389.JPEG	5	13	47	61
n02364673_226.JPEG	0	4	63	63
n02364673_392.JPEG	0	17	60	59
n02364673_362.JPEG	1	9	55	53
n02364673_119.JPEG	0	10	63	53
n02364673_282.JPEG	12	13	51	55
n02364673_315.JPEG	13	7	53	52
n02364673_467.JPEG	0	8	47	54
n02364673_469.JPEG	0	10	63	50
n02364673_49.JPEG	3	18	58	49
n02364673_258.JPEG	40	25	63	57
n02364673_103.JPEG	0	19	48	54
n02364673_41.JPEG	6	22	62	57
n02364673_80.JPEG	23	3	63	63
n02364673_108.JPEG	0	7	63	55
n02364673_118.JPEG	2	4	63	45
n02364673_161.JPEG	0	15	63	46
n02364673_111.JPEG	0	18	55	52
n02364673_279.JPEG	0	1	62	62
n02364673_84.JPEG	0	17	63	46
n02364673_1.JPEG	27	4	63	63
n02364673_450.JPEG	18	34	58	55
n02364673_394.JPEG	5	4	63	63
n02364673_130.JPEG	1	13	62	49
n02364673_79.JPEG	12	0	58	20
n02364673_407.JPEG	0	0	63	63
n02364673_308.JPEG	0	16	58	55
n02364673_465.JPEG	17	19	40	39
n02364673_25.JPEG	0	9	63	43
n02364673_257.JPEG	26	9	63	57
n02364673_461.JPEG	0	9	63	57
n02364673_374.JPEG	6	1	63	63
n02364673_481.JPEG	5	10	52	55
n02364673_153.JPEG	0	2	63	63
n02364673_483.JPEG	0	4	63	63
n02364673_453.JPEG	5	12	59	47
n02364673_34.JPEG	0	7	63	57
n02364673_397.JPEG	0	6	63	57
n02364673_107.JPEG	0	8	63	59
n02364673_245.JPEG	1	0	56	63
n02364673_294.JPEG	0	20	40	63
n02364673_391.JPEG	0	13	63	46
n02364673_256.JPEG	6	7	60	59
n02364673_13.JPEG	0	12	40	46
n02364673_187.JPEG	0	15	63	47
n02364673_115.JPEG	8	14	54	44
n02364673_20.JPEG	0	23	60	55
n02364673_311.JPEG	9	12	47	54
n02364673_173.JPEG	10	6	52	58
n02364673_86.JPEG	0	5	52	63
n02364673_217.JPEG	2	15	63	50
n02364673_456.JPEG	0	9	63	54
n02364673_462.JPEG	0	10	63	58
n02364673_109.JPEG	0	10	36	45
n02364673_342.JPEG	0	11	63	43
n02364673_218.JPEG	0	6	63	59
n02364673_484.JPEG	11	16	59	53
n02364673_232.JPEG	0	6	63	61
n02364673_47.JPEG	0	15	63	52
n02364673_101.JPEG	0	14	43	53
n02364673_162.JPEG	6	16	61	49
n02364673_348.JPEG	29	25	63	63
n02364673_455.JPEG	0	0	63	63
n02364673_275.JPEG	29	31	41	42
n02364673_242.JPEG	24	4	63	52
n02364673_36.JPEG	0	12	63	56
n02364673_133.JPEG	0	16	63	51
n02364673_263.JPEG	0	15	63	43
n02364673_82.JPEG	0	3	48	56
n02364673_177.JPEG	2	26	59	58
n02364673_5.JPEG	14	0	58	33
n02364673_406.JPEG	3	10	59	54
n02364673_159.JPEG	0	17	49	56
n02364673_415.JPEG	5	2	63	59
n02364673_289.JPEG	16	19	49	63
n02364673_363.JPEG	0	0	63	61
n02364673_320.JPEG	58	22	63	56
n02364673_353.JPEG	4	0	61	59
n02364673_485.JPEG	0	1	63	63
n02364673_408.JPEG	0	0	63	63
n02364673_301.JPEG	3	14	63	54
n02364673_94.JPEG	0	1	36	61
n02364673_129.JPEG	17	12	51	56
n02364673_110.JPEG	3	13	57	49
n02364673_273.JPEG	9	1	52	33
n02364673_48.JPEG	1	27	20	57
n02364673_420.JPEG	0	0	63	63
n02364673_158.JPEG	0	3	63	61
n02364673_381.JPEG	3	14	63	48
n02364673_266.JPEG	0	2	63	63
n02364673_409.JPEG	2	10	61	52
n02364673_189.JPEG	0	4	63	60
n02364673_473.JPEG	0	11	63	52
n02364673_393.JPEG	1	0	63	63
n02364673_40.JPEG	13	4	52	56
n02364673_251.JPEG	2	16	61	45
n02364673_70.JPEG	1	0	63	63
n02364673_292.JPEG	0	11	63	50
n02364673_338.JPEG	34	9	63	49
n02364673_122.JPEG	0	13	63	47
n02364673_202.JPEG	10	4	42	24
n02364673_293.JPEG	0	2	28	49
n02364673_221.JPEG	1	4	50	48
n02364673_54.JPEG	0	10	53	52
n02364673_323.JPEG	37	27	63	48
n02364673_435.JPEG	2	5	63	59
n02364673_95.JPEG	0	13	63	50
n02364673_316.JPEG	0	10	63	58
n02364673_65.JPEG	0	5	30	36
n02364673_237.JPEG	20	3	60	57
n02364673_240.JPEG	2	3	61	56
n02364673_186.JPEG	7	12	58	50
n02364673_27.JPEG	0	13	63	53
n02364673_123.JPEG	0	18	38	50
n02364673_194.JPEG	3	13	43	47
n02364673_127.JPEG	8	28	55	62
n02364673_143.JPEG	0	6	63	58
n02364673_304.JPEG	11	7	63	63
n02364673_146.JPEG	0	0	63	47
n02364673_168.JPEG	10	4	35	34
n02364673_452.JPEG	0	6	48	63
n02364673_463.JPEG	0	6	63	59
n02364673_356.JPEG	0	18	63	51
n02364673_56.JPEG	0	0	63	63
n02364673_297.JPEG	0	0	63	63
n02364673_51.JPEG	0	12	63	48
n02364673_377.JPEG	9	9	52	55
n02364673_199.JPEG	0	15	63	50
n02364673_405.JPEG	0	3	63	61
n02364673_121.JPEG	4	6	61	58
n02364673_476.JPEG	0	15	63	55
n02364673_430.JPEG	1	5	63	56
n02364673_425.JPEG	11	5	55	63
n02364673_288.JPEG	0	2	63	63
n02364673_19.JPEG	8	15	59	50
n02364673_403.JPEG	0	15	63	47
n02364673_402.JPEG	0	1	62	63
n02364673_235.JPEG	0	9	63	56
n02364673_314.JPEG	6	1	59	63
n02364673_76.JPEG	6	30	55	55
n02364673_355.JPEG	13	6	63	63
n02364673_243.JPEG	8	5	57	63
n02364673_219.JPEG	6	0	63	63
n02364673_183.JPEG	8	4	48	51
n02364673_325.JPEG	0	24	41	45
n02364673_58.JPEG	4	7	61	59
n02364673_105.JPEG	2	2	60	63
n02364673_71.JPEG	0	41	20	54
n02364673_365.JPEG	38	20	63	31
n02364673_330.JPEG	2	14	27	32
n02364673_125.JPEG	0	0	63	63
n02364673_427.JPEG	0	5	62	59
n02364673_283.JPEG	3	16	63	53
n02364673_91.JPEG	9	15	53	41
n02364673_331.JPEG	0	11	63	51
n02364673_220.JPEG	2	14	60	53
n02364673_140.JPEG	0	11	53	56
n02364673_45.JPEG	0	11	58	63
n02364673_261.JPEG	32	26	63	52
n02364673_390.JPEG	21	2	63	40
n02364673_43.JPEG	15	21	59	54
n02364673_309.JPEG	3	31	42	63
n02364673_428.JPEG	0	11	63	54
n02364673_83.JPEG	19	5	63	49
n02364673_441.JPEG	0	6	63	63
n02364673_433.JPEG	32	10	63	54
n02364673_178.JPEG	0	10	63	53
n02364673_8.JPEG	23	34	48	55
n02364673_299.JPEG	0	5	63	63
n02364673_401.JPEG	6	3	59	50
n02364673_459.JPEG	15	21	63	48
n02364673_250.JPEG	10	11	57	48
n02364673_72.JPEG	43	18	63	54
n02364673_15.JPEG	0	26	54	59
n02364673_198.JPEG	18	21	42	37
n02364673_66.JPEG	0	8	30	38
n02364673_134.JPEG	4	21	51	58
n02364673_97.JPEG	0	38	39	60
n02364673_193.JPEG	0	0	63	63
n02364673_169.JPEG	0	0	63	63
n02364673_383.JPEG	0	36	26	61
n02364673_106.JPEG	0	11	8	37
n02364673_90.JPEG	13	5	63	51
n02364673_131.JPEG	0	4	37	63
n02364673_317.JPEG	22	9	48	26
n02364673_59.JPEG	1	5	48	60
n02364673_179.JPEG	0	0	55	49
val_2312.JPEG	0	15	63	58
val_2329.JPEG	0	14	63	54
val_2712.JPEG	0	5	54	39
val_3142.JPEG	10	0	60	63
val_2704.JPEG	10	19	44	51
val_6893.JPEG	0	27	59	62
val_8372.JPEG	7	13	63	44
val_6235.JPEG	0	0	63	63
val_5400.JPEG	0	0	63	63
val_1993.JPEG	34	9	63	50
val_8399.JPEG	0	13	63	50
val_1142.JPEG	0	4	59	61
val_3865.JPEG	42	11	61	40
val_7400.JPEG	0	14	39	63
val_6953.JPEG	12	5	63	54
val_6182.JPEG	0	10	63	48
val_2376.JPEG	0	9	63	58
val_138.JPEG	22	18	63	49
val_9498.JPEG	0	18	22	52
val_542.JPEG	8	8	61	57
val_8189.JPEG	0	7	63	54
val_8327.JPEG	3	0	59	63
val_5395.JPEG	0	2	63	62
val_2330.JPEG	2	0	62	63
val_2321.JPEG	0	25	48	55
val_5232.JPEG	27	48	51	63
val_4868.JPEG	10	6	48	54
val_163.JPEG	12	27	40	42
val_4585.JPEG	4	22	56	45
val_9845.JPEG	25	0	63	58
val_954.JPEG	28	24	63	61
val_9113.JPEG	0	11	63	50
val_9297.JPEG	27	16	50	43
val_1928.JPEG	0	3	63	63
val_1288.JPEG	0	12	55	63
