n03404251_304.JPEG	14	2	44	46
n03404251_325.JPEG	29	26	63	63
n03404251_492.JPEG	11	0	50	63
n03404251_395.JPEG	5	6	58	63
n03404251_473.JPEG	19	44	63	63
n03404251_267.JPEG	0	36	34	63
n03404251_15.JPEG	2	19	50	62
n03404251_159.JPEG	10	24	36	63
n03404251_450.JPEG	3	11	47	63
n03404251_313.JPEG	13	4	61	63
n03404251_157.JPEG	14	1	49	63
n03404251_454.JPEG	10	3	48	63
n03404251_243.JPEG	3	11	54	63
n03404251_129.JPEG	5	30	57	63
n03404251_316.JPEG	7	0	59	63
n03404251_442.JPEG	28	23	63	63
n03404251_264.JPEG	26	13	42	51
n03404251_228.JPEG	8	0	63	63
n03404251_60.JPEG	7	11	62	63
n03404251_153.JPEG	23	11	45	48
n03404251_137.JPEG	39	15	63	63
n03404251_130.JPEG	11	1	52	63
n03404251_204.JPEG	11	0	59	63
n03404251_343.JPEG	1	15	63	63
n03404251_408.JPEG	12	7	52	63
n03404251_355.JPEG	0	1	63	63
n03404251_138.JPEG	3	0	63	63
n03404251_98.JPEG	11	19	49	44
n03404251_433.JPEG	11	4	42	63
n03404251_489.JPEG	7	20	36	63
n03404251_193.JPEG	15	14	60	63
n03404251_244.JPEG	0	0	63	63
n03404251_362.JPEG	0	8	63	63
n03404251_463.JPEG	11	0	58	61
n03404251_53.JPEG	17	0	61	63
n03404251_105.JPEG	0	0	63	42
n03404251_172.JPEG	0	13	63	63
n03404251_398.JPEG	10	17	50	63
n03404251_127.JPEG	23	14	40	46
n03404251_453.JPEG	36	22	60	37
n03404251_342.JPEG	5	0	58	63
n03404251_154.JPEG	10	4	62	63
n03404251_109.JPEG	17	12	49	63
n03404251_452.JPEG	6	5	63	63
n03404251_108.JPEG	0	26	52	63
n03404251_372.JPEG	9	0	58	63
n03404251_437.JPEG	0	10	63	63
n03404251_89.JPEG	6	1	34	63
n03404251_7.JPEG	1	0	63	63
n03404251_241.JPEG	8	0	63	63
n03404251_225.JPEG	1	0	30	59
n03404251_163.JPEG	1	36	63	63
n03404251_103.JPEG	0	31	63	63
n03404251_481.JPEG	11	7	63	63
n03404251_139.JPEG	2	0	51	52
n03404251_209.JPEG	6	20	49	63
n03404251_219.JPEG	2	14	59	63
n03404251_455.JPEG	1	16	60	63
n03404251_35.JPEG	20	7	55	63
n03404251_107.JPEG	17	8	63	63
n03404251_283.JPEG	0	0	63	63
n03404251_39.JPEG	0	25	42	63
n03404251_202.JPEG	22	0	42	40
n03404251_269.JPEG	25	9	43	39
n03404251_188.JPEG	5	0	60	63
n03404251_314.JPEG	0	17	63	63
n03404251_497.JPEG	8	8	37	63
n03404251_483.JPEG	0	24	63	63
n03404251_477.JPEG	48	40	57	52
n03404251_43.JPEG	8	12	54	63
n03404251_8.JPEG	14	20	46	53
n03404251_391.JPEG	6	9	58	58
n03404251_92.JPEG	10	2	59	51
n03404251_268.JPEG	17	4	55	55
n03404251_168.JPEG	6	12	63	63
n03404251_350.JPEG	12	8	41	63
n03404251_223.JPEG	0	0	63	63
n03404251_462.JPEG	0	27	59	63
n03404251_24.JPEG	17	0	62	63
n03404251_93.JPEG	0	29	51	63
n03404251_294.JPEG	26	12	61	55
n03404251_254.JPEG	17	8	37	50
n03404251_78.JPEG	0	35	25	63
n03404251_274.JPEG	13	0	58	63
n03404251_152.JPEG	24	7	63	63
n03404251_215.JPEG	20	15	51	54
n03404251_347.JPEG	20	14	43	41
n03404251_192.JPEG	0	12	59	63
n03404251_10.JPEG	7	16	55	63
n03404251_384.JPEG	40	11	63	55
n03404251_45.JPEG	3	0	57	63
n03404251_117.JPEG	5	0	60	63
n03404251_367.JPEG	3	0	62	63
n03404251_430.JPEG	2	0	63	63
n03404251_250.JPEG	0	28	63	63
n03404251_257.JPEG	8	0	52	63
n03404251_36.JPEG	22	0	43	29
n03404251_136.JPEG	15	7	38	46
n03404251_84.JPEG	10	0	59	63
n03404251_237.JPEG	0	12	46	63
n03404251_175.JPEG	14	0	48	40
n03404251_303.JPEG	5	7	29	63
n03404251_44.JPEG	1	2	50	63
n03404251_351.JPEG	17	17	62	63
n03404251_49.JPEG	14	0	50	34
n03404251_118.JPEG	37	18	63	63
n03404251_339.JPEG	16	1	56	60
n03404251_273.JPEG	0	1	32	63
n03404251_208.JPEG	1	17	57	63
n03404251_312.JPEG	17	10	52	59
n03404251_52.JPEG	14	0	52	42
n03404251_491.JPEG	0	11	63	63
n03404251_187.JPEG	2	0	62	63
n03404251_471.JPEG	3	0	63	56
n03404251_230.JPEG	24	3	53	56
n03404251_76.JPEG	5	0	63	63
n03404251_377.JPEG	14	3	58	44
n03404251_11.JPEG	23	5	57	53
n03404251_169.JPEG	0	0	63	60
n03404251_25.JPEG	2	0	63	47
n03404251_470.JPEG	0	13	63	63
n03404251_74.JPEG	21	0	53	54
n03404251_19.JPEG	6	13	59	63
n03404251_51.JPEG	0	18	63	63
n03404251_328.JPEG	17	6	57	46
n03404251_296.JPEG	8	0	53	63
n03404251_236.JPEG	4	0	54	63
n03404251_432.JPEG	0	0	63	63
n03404251_72.JPEG	14	0	55	63
n03404251_337.JPEG	8	12	41	53
n03404251_291.JPEG	0	1	63	63
n03404251_82.JPEG	15	7	56	63
n03404251_265.JPEG	12	0	57	63
n03404251_81.JPEG	1	4	63	63
n03404251_213.JPEG	8	8	49	63
n03404251_253.JPEG	6	2	57	58
n03404251_299.JPEG	0	18	34	63
n03404251_371.JPEG	5	11	56	62
n03404251_255.JPEG	15	1	49	63
n03404251_116.JPEG	10	7	61	63
n03404251_420.JPEG	0	3	12	63
n03404251_498.JPEG	7	0	56	63
n03404251_3.JPEG	8	24	37	63
n03404251_79.JPEG	9	5	49	63
n03404251_111.JPEG	4	36	61	63
n03404251_114.JPEG	16	0	58	63
n03404251_411.JPEG	11	0	62	36
n03404251_327.JPEG	36	29	63	63
n03404251_171.JPEG	10	2	38	63
n03404251_446.JPEG	0	21	63	63
n03404251_436.JPEG	3	18	63	63
n03404251_417.JPEG	12	17	54	63
n03404251_210.JPEG	16	1	55	56
n03404251_356.JPEG	3	10	63	63
n03404251_385.JPEG	15	9	63	63
n03404251_383.JPEG	27	34	63	63
n03404251_310.JPEG	17	0	59	56
n03404251_179.JPEG	31	20	61	63
n03404251_246.JPEG	0	26	63	63
n03404251_277.JPEG	0	2	63	63
n03404251_266.JPEG	21	17	63	63
n03404251_77.JPEG	0	0	63	63
n03404251_201.JPEG	3	18	63	63
n03404251_90.JPEG	7	20	49	63
n03404251_211.JPEG	3	22	63	63
n03404251_369.JPEG	10	8	52	63
n03404251_439.JPEG	1	11	41	44
n03404251_31.JPEG	1	7	38	57
n03404251_336.JPEG	26	6	56	63
n03404251_493.JPEG	0	35	63	63
n03404251_177.JPEG	1	12	52	63
n03404251_28.JPEG	0	5	54	63
n03404251_29.JPEG	18	8	48	61
n03404251_451.JPEG	16	1	46	63
n03404251_26.JPEG	1	0	52	63
n03404251_47.JPEG	5	25	59	63
n03404251_335.JPEG	0	8	53	63
n03404251_174.JPEG	17	33	38	63
n03404251_142.JPEG	0	19	22	55
n03404251_251.JPEG	1	0	58	63
n03404251_478.JPEG	5	25	56	63
n03404251_195.JPEG	4	0	57	56
n03404251_95.JPEG	14	28	52	63
n03404251_203.JPEG	0	34	63	63
n03404251_141.JPEG	8	28	54	63
n03404251_226.JPEG	3	0	40	63
n03404251_50.JPEG	11	12	61	61
n03404251_58.JPEG	9	0	60	61
n03404251_32.JPEG	0	2	63	63
n03404251_86.JPEG	0	2	63	63
n03404251_149.JPEG	0	0	63	63
n03404251_334.JPEG	3	0	43	48
n03404251_155.JPEG	0	0	59	63
n03404251_238.JPEG	2	0	63	63
n03404251_404.JPEG	36	19	52	40
n03404251_0.JPEG	6	2	57	57
n03404251_101.JPEG	0	0	63	63
n03404251_256.JPEG	0	0	63	63
n03404251_340.JPEG	8	9	55	63
n03404251_231.JPEG	25	0	56	43
n03404251_5.JPEG	5	0	49	63
n03404251_128.JPEG	0	6	61	63
n03404251_449.JPEG	1	0	63	63
n03404251_479.JPEG	17	7	51	63
n03404251_232.JPEG	52	21	63	51
n03404251_447.JPEG	17	9	41	42
n03404251_379.JPEG	0	0	63	63
n03404251_38.JPEG	7	5	58	63
n03404251_143.JPEG	3	11	44	60
n03404251_123.JPEG	11	0	52	63
n03404251_407.JPEG	1	7	63	63
n03404251_457.JPEG	10	10	49	63
n03404251_353.JPEG	0	0	63	63
n03404251_151.JPEG	17	0	51	63
n03404251_247.JPEG	9	9	57	62
n03404251_75.JPEG	0	0	63	63
n03404251_212.JPEG	14	6	41	53
n03404251_173.JPEG	4	11	63	63
n03404251_198.JPEG	1	0	54	63
n03404251_27.JPEG	9	2	58	63
n03404251_48.JPEG	0	27	63	63
n03404251_370.JPEG	0	26	63	63
n03404251_110.JPEG	0	0	56	63
n03404251_330.JPEG	12	9	56	63
n03404251_495.JPEG	27	11	52	41
n03404251_448.JPEG	0	19	50	63
n03404251_397.JPEG	7	0	34	41
n03404251_435.JPEG	0	9	63	63
n03404251_326.JPEG	0	12	47	63
n03404251_54.JPEG	14	20	38	52
n03404251_389.JPEG	0	21	60	63
n03404251_284.JPEG	17	23	56	63
n03404251_65.JPEG	10	10	42	63
n03404251_361.JPEG	11	0	63	63
n03404251_460.JPEG	33	6	63	63
n03404251_424.JPEG	1	34	63	63
n03404251_415.JPEG	37	20	63	63
n03404251_469.JPEG	21	0	62	63
n03404251_59.JPEG	17	29	62	63
n03404251_106.JPEG	8	5	58	63
n03404251_292.JPEG	15	3	60	63
n03404251_364.JPEG	23	1	63	59
n03404251_306.JPEG	2	0	61	63
n03404251_135.JPEG	25	25	63	63
n03404251_206.JPEG	0	0	63	63
n03404251_276.JPEG	7	0	52	44
n03404251_224.JPEG	23	7	45	54
n03404251_297.JPEG	1	17	63	63
n03404251_63.JPEG	5	3	52	59
n03404251_227.JPEG	1	7	63	63
n03404251_13.JPEG	10	0	56	62
n03404251_348.JPEG	27	16	63	63
n03404251_476.JPEG	42	17	63	42
n03404251_441.JPEG	2	13	63	63
n03404251_40.JPEG	25	20	63	63
n03404251_368.JPEG	10	5	56	63
n03404251_126.JPEG	3	0	60	62
n03404251_147.JPEG	1	0	63	50
n03404251_359.JPEG	7	17	55	63
n03404251_474.JPEG	0	0	63	63
n03404251_311.JPEG	9	3	54	63
n03404251_133.JPEG	0	39	36	63
n03404251_333.JPEG	21	29	63	63
n03404251_183.JPEG	3	30	63	63
n03404251_419.JPEG	0	18	63	63
n03404251_376.JPEG	20	3	49	60
n03404251_194.JPEG	1	21	63	63
n03404251_205.JPEG	18	27	44	56
n03404251_290.JPEG	13	19	63	63
n03404251_360.JPEG	29	0	50	28
n03404251_120.JPEG	4	0	61	63
n03404251_429.JPEG	11	12	57	63
n03404251_131.JPEG	23	4	39	41
n03404251_324.JPEG	3	0	59	63
n03404251_176.JPEG	3	0	63	63
n03404251_305.JPEG	1	8	63	63
n03404251_190.JPEG	0	30	63	63
n03404251_18.JPEG	14	11	57	63
n03404251_475.JPEG	23	2	58	52
n03404251_158.JPEG	23	9	50	41
n03404251_102.JPEG	0	16	28	63
n03404251_405.JPEG	0	14	62	63
n03404251_85.JPEG	0	0	63	63
n03404251_434.JPEG	7	0	55	63
n03404251_132.JPEG	0	19	33	63
n03404251_357.JPEG	14	6	55	63
n03404251_161.JPEG	9	8	59	63
n03404251_69.JPEG	17	0	49	63
n03404251_341.JPEG	22	3	48	63
n03404251_499.JPEG	15	4	63	61
n03404251_278.JPEG	0	26	63	63
n03404251_287.JPEG	5	18	63	63
n03404251_34.JPEG	28	16	50	62
n03404251_112.JPEG	18	25	52	63
n03404251_427.JPEG	0	1	63	63
n03404251_293.JPEG	12	7	36	57
n03404251_100.JPEG	0	0	63	63
n03404251_308.JPEG	21	8	60	63
n03404251_279.JPEG	0	2	63	63
n03404251_181.JPEG	11	12	63	63
n03404251_148.JPEG	16	3	46	38
n03404251_170.JPEG	16	14	50	48
n03404251_486.JPEG	3	11	62	63
n03404251_445.JPEG	1	3	58	63
n03404251_282.JPEG	5	0	62	63
n03404251_428.JPEG	13	0	54	63
n03404251_410.JPEG	21	16	43	46
n03404251_466.JPEG	7	8	59	63
n03404251_2.JPEG	17	15	52	63
n03404251_468.JPEG	29	1	63	63
n03404251_338.JPEG	0	1	63	63
n03404251_386.JPEG	2	0	63	63
n03404251_321.JPEG	0	9	34	63
n03404251_482.JPEG	10	16	58	63
n03404251_288.JPEG	18	0	50	63
n03404251_262.JPEG	19	0	49	62
n03404251_160.JPEG	5	0	59	63
n03404251_458.JPEG	1	18	63	63
n03404251_30.JPEG	15	4	62	63
n03404251_66.JPEG	42	13	63	63
n03404251_186.JPEG	19	0	57	38
n03404251_220.JPEG	6	31	57	63
n03404251_199.JPEG	0	15	63	63
n03404251_41.JPEG	1	0	50	63
n03404251_162.JPEG	1	9	55	63
n03404251_302.JPEG	1	0	37	63
n03404251_4.JPEG	0	0	63	63
n03404251_480.JPEG	0	0	62	44
n03404251_490.JPEG	19	0	50	63
n03404251_197.JPEG	21	13	48	58
n03404251_113.JPEG	1	6	59	63
n03404251_399.JPEG	8	18	28	47
n03404251_496.JPEG	9	1	56	49
n03404251_416.JPEG	10	0	56	43
n03404251_281.JPEG	17	9	56	58
n03404251_94.JPEG	3	23	63	63
n03404251_346.JPEG	14	0	47	63
n03404251_80.JPEG	18	12	63	63
n03404251_286.JPEG	5	0	63	63
n03404251_382.JPEG	0	26	63	63
n03404251_423.JPEG	27	6	52	32
n03404251_20.JPEG	4	8	55	63
n03404251_485.JPEG	15	18	51	63
n03404251_12.JPEG	0	0	63	63
n03404251_164.JPEG	20	8	54	63
n03404251_315.JPEG	2	20	63	63
n03404251_375.JPEG	1	14	63	63
n03404251_16.JPEG	6	0	60	63
n03404251_301.JPEG	1	14	57	58
n03404251_352.JPEG	7	1	58	56
val_5730.JPEG	35	25	63	60
val_9058.JPEG	4	22	56	63
val_993.JPEG	8	0	61	63
val_646.JPEG	18	13	45	57
val_5318.JPEG	20	0	58	45
val_3466.JPEG	9	0	44	63
val_3206.JPEG	8	0	50	56
val_5544.JPEG	17	4	57	58
val_404.JPEG	1	0	62	63
val_2483.JPEG	14	3	52	63
val_3600.JPEG	5	20	63	63
val_8836.JPEG	15	3	60	63
val_4102.JPEG	1	0	63	63
val_4913.JPEG	0	9	47	52
val_4652.JPEG	0	21	61	63
val_5460.JPEG	33	3	58	55
val_7013.JPEG	22	12	45	51
val_6112.JPEG	11	9	53	63
val_8705.JPEG	2	13	63	63
val_4928.JPEG	1	7	63	63
val_5603.JPEG	0	0	50	62
val_9524.JPEG	27	4	58	45
val_7638.JPEG	12	6	50	63
val_2855.JPEG	2	15	56	63
val_5350.JPEG	6	0	59	63
val_5317.JPEG	16	26	51	63
val_2618.JPEG	3	10	63	63
val_6881.JPEG	17	15	42	50
val_9257.JPEG	1	14	62	63
val_1660.JPEG	6	1	63	63
val_6979.JPEG	22	12	62	53
val_6951.JPEG	14	4	57	63
val_6448.JPEG	1	24	63	63
val_6084.JPEG	1	13	51	63
val_8877.JPEG	32	33	63	63
