n02730930_238.JPEG	10	7	60	55
n02730930_66.JPEG	3	0	58	63
n02730930_90.JPEG	1	0	62	63
n02730930_359.JPEG	1	0	63	63
n02730930_64.JPEG	0	0	43	63
n02730930_391.JPEG	0	1	63	63
n02730930_124.JPEG	1	2	63	63
n02730930_386.JPEG	7	0	63	63
n02730930_122.JPEG	23	30	48	59
n02730930_316.JPEG	0	0	63	63
n02730930_429.JPEG	24	2	48	49
n02730930_226.JPEG	2	22	23	59
n02730930_58.JPEG	7	0	58	63
n02730930_296.JPEG	0	0	63	61
n02730930_167.JPEG	4	0	61	63
n02730930_299.JPEG	14	8	52	51
n02730930_310.JPEG	0	3	63	63
n02730930_175.JPEG	9	5	53	63
n02730930_254.JPEG	18	0	49	63
n02730930_111.JPEG	14	36	49	63
n02730930_450.JPEG	0	0	63	62
n02730930_395.JPEG	0	5	59	63
n02730930_307.JPEG	0	9	63	63
n02730930_353.JPEG	21	22	44	52
n02730930_190.JPEG	1	6	54	63
n02730930_228.JPEG	16	0	58	63
n02730930_481.JPEG	38	0	63	63
n02730930_100.JPEG	1	5	62	63
n02730930_35.JPEG	0	2	63	61
n02730930_407.JPEG	18	1	46	63
n02730930_104.JPEG	5	38	33	63
n02730930_463.JPEG	7	0	63	63
n02730930_196.JPEG	0	2	63	62
n02730930_490.JPEG	0	0	63	63
n02730930_75.JPEG	1	0	63	63
n02730930_442.JPEG	21	18	50	63
n02730930_68.JPEG	22	10	43	50
n02730930_162.JPEG	0	1	63	63
n02730930_171.JPEG	0	0	63	63
n02730930_211.JPEG	0	6	63	62
n02730930_378.JPEG	17	10	43	63
n02730930_24.JPEG	0	2	63	63
n02730930_379.JPEG	0	0	63	63
n02730930_468.JPEG	0	1	63	62
n02730930_425.JPEG	6	0	60	63
n02730930_387.JPEG	20	0	52	59
n02730930_206.JPEG	20	9	58	52
n02730930_73.JPEG	0	0	62	63
n02730930_53.JPEG	14	15	47	63
n02730930_350.JPEG	6	4	61	61
n02730930_141.JPEG	0	0	63	63
n02730930_149.JPEG	1	2	63	62
n02730930_202.JPEG	22	11	52	62
n02730930_319.JPEG	7	22	41	63
n02730930_273.JPEG	24	6	52	57
n02730930_37.JPEG	8	0	57	63
n02730930_276.JPEG	7	0	63	63
n02730930_317.JPEG	12	0	58	62
n02730930_188.JPEG	11	0	43	49
n02730930_498.JPEG	17	6	49	53
n02730930_486.JPEG	5	0	55	52
n02730930_10.JPEG	0	0	63	63
n02730930_102.JPEG	0	11	63	63
n02730930_384.JPEG	1	0	63	63
n02730930_96.JPEG	0	3	63	61
n02730930_346.JPEG	16	7	47	63
n02730930_99.JPEG	12	0	39	63
n02730930_230.JPEG	6	0	55	63
n02730930_312.JPEG	9	1	63	63
n02730930_260.JPEG	0	0	63	63
n02730930_109.JPEG	17	0	47	63
n02730930_423.JPEG	11	0	55	63
n02730930_266.JPEG	12	0	63	58
n02730930_86.JPEG	25	26	46	44
n02730930_248.JPEG	0	0	63	63
n02730930_251.JPEG	7	0	55	63
n02730930_229.JPEG	8	0	56	63
n02730930_151.JPEG	0	3	63	63
n02730930_331.JPEG	5	0	57	63
n02730930_419.JPEG	18	19	38	45
n02730930_285.JPEG	0	0	63	63
n02730930_16.JPEG	18	2	38	43
n02730930_458.JPEG	39	31	61	53
n02730930_69.JPEG	0	0	63	63
n02730930_174.JPEG	8	8	53	63
n02730930_356.JPEG	32	0	63	48
n02730930_464.JPEG	1	0	63	63
n02730930_56.JPEG	2	0	62	63
n02730930_360.JPEG	19	14	60	51
n02730930_27.JPEG	13	0	63	63
n02730930_491.JPEG	16	9	45	36
n02730930_440.JPEG	19	20	56	59
n02730930_288.JPEG	11	2	44	63
n02730930_434.JPEG	15	0	63	63
n02730930_94.JPEG	21	8	41	62
n02730930_455.JPEG	15	0	50	63
n02730930_408.JPEG	0	1	63	63
n02730930_392.JPEG	1	0	63	63
n02730930_6.JPEG	13	21	37	54
n02730930_479.JPEG	3	0	62	63
n02730930_61.JPEG	0	3	63	58
n02730930_108.JPEG	12	28	33	63
n02730930_333.JPEG	2	0	63	63
n02730930_496.JPEG	1	0	63	63
n02730930_321.JPEG	22	18	46	63
n02730930_246.JPEG	0	1	63	63
n02730930_297.JPEG	3	0	60	63
n02730930_80.JPEG	19	18	44	63
n02730930_326.JPEG	2	0	63	63
n02730930_390.JPEG	0	1	63	60
n02730930_197.JPEG	1	0	63	63
n02730930_45.JPEG	4	12	22	53
n02730930_155.JPEG	0	42	47	63
n02730930_77.JPEG	0	1	63	61
n02730930_18.JPEG	16	19	51	63
n02730930_63.JPEG	18	14	47	58
n02730930_332.JPEG	12	1	63	63
n02730930_131.JPEG	11	11	55	54
n02730930_433.JPEG	26	13	47	58
n02730930_393.JPEG	14	0	63	63
n02730930_362.JPEG	11	0	58	63
n02730930_278.JPEG	11	0	57	63
n02730930_153.JPEG	5	0	53	63
n02730930_194.JPEG	0	0	63	63
n02730930_216.JPEG	2	0	58	57
n02730930_313.JPEG	3	0	63	63
n02730930_12.JPEG	5	8	61	59
n02730930_484.JPEG	0	0	63	63
n02730930_146.JPEG	33	4	62	63
n02730930_163.JPEG	11	22	40	51
n02730930_329.JPEG	19	33	36	55
n02730930_291.JPEG	25	17	45	52
n02730930_54.JPEG	8	36	59	63
n02730930_309.JPEG	0	0	63	63
n02730930_172.JPEG	3	0	63	63
n02730930_31.JPEG	9	0	63	63
n02730930_13.JPEG	0	6	32	63
n02730930_451.JPEG	0	0	63	63
n02730930_40.JPEG	10	23	44	61
n02730930_187.JPEG	0	1	63	63
n02730930_112.JPEG	0	1	63	60
n02730930_22.JPEG	12	6	46	44
n02730930_412.JPEG	10	28	45	63
n02730930_375.JPEG	6	0	55	62
n02730930_311.JPEG	0	11	63	63
n02730930_436.JPEG	13	1	44	63
n02730930_67.JPEG	13	0	42	54
n02730930_210.JPEG	18	16	48	63
n02730930_371.JPEG	4	0	63	63
n02730930_472.JPEG	1	0	60	63
n02730930_293.JPEG	9	0	61	63
n02730930_70.JPEG	11	0	55	63
n02730930_125.JPEG	0	0	63	63
n02730930_252.JPEG	3	0	58	63
n02730930_456.JPEG	0	5	63	51
n02730930_320.JPEG	14	38	48	63
n02730930_345.JPEG	0	0	63	63
n02730930_250.JPEG	0	0	63	63
n02730930_107.JPEG	11	0	53	63
n02730930_271.JPEG	1	4	63	63
n02730930_148.JPEG	16	1	57	56
n02730930_421.JPEG	9	13	41	63
n02730930_55.JPEG	23	26	54	60
n02730930_140.JPEG	18	12	44	63
n02730930_426.JPEG	0	0	63	63
n02730930_398.JPEG	15	0	53	63
n02730930_449.JPEG	10	6	52	63
n02730930_57.JPEG	21	12	41	49
n02730930_355.JPEG	0	0	63	63
n02730930_215.JPEG	26	14	46	49
n02730930_325.JPEG	13	1	45	58
n02730930_287.JPEG	1	0	63	63
n02730930_338.JPEG	1	0	63	63
n02730930_49.JPEG	1	0	63	63
n02730930_411.JPEG	0	1	63	63
n02730930_290.JPEG	8	0	50	63
n02730930_349.JPEG	0	0	63	63
n02730930_195.JPEG	1	0	63	63
n02730930_11.JPEG	0	10	63	60
n02730930_400.JPEG	5	0	61	53
n02730930_314.JPEG	0	1	63	63
n02730930_336.JPEG	0	10	63	57
n02730930_159.JPEG	35	43	62	63
n02730930_397.JPEG	11	13	48	63
n02730930_134.JPEG	8	0	50	47
n02730930_36.JPEG	0	0	51	63
n02730930_354.JPEG	0	0	63	63
n02730930_72.JPEG	13	0	63	63
n02730930_396.JPEG	0	7	63	63
n02730930_453.JPEG	14	0	61	63
n02730930_97.JPEG	10	0	52	63
n02730930_203.JPEG	0	0	48	63
n02730930_115.JPEG	13	0	51	63
n02730930_439.JPEG	0	1	63	61
n02730930_74.JPEG	0	0	63	63
n02730930_21.JPEG	0	2	63	63
n02730930_437.JPEG	3	0	63	63
n02730930_15.JPEG	9	29	47	63
n02730930_156.JPEG	0	0	56	63
n02730930_402.JPEG	5	0	46	63
n02730930_446.JPEG	1	1	63	63
n02730930_89.JPEG	3	0	59	63
n02730930_241.JPEG	1	0	62	63
n02730930_142.JPEG	0	0	63	63
n02730930_342.JPEG	6	0	53	63
n02730930_417.JPEG	17	1	59	59
n02730930_242.JPEG	0	0	63	56
n02730930_328.JPEG	7	15	57	63
n02730930_30.JPEG	12	0	45	63
n02730930_410.JPEG	5	0	63	63
n02730930_305.JPEG	1	0	63	63
n02730930_431.JPEG	31	3	63	58
n02730930_117.JPEG	1	7	59	63
n02730930_267.JPEG	5	1	63	63
n02730930_477.JPEG	1	0	63	63
n02730930_495.JPEG	23	13	48	63
n02730930_110.JPEG	1	0	63	63
n02730930_475.JPEG	0	6	63	63
n02730930_465.JPEG	0	0	63	63
n02730930_452.JPEG	11	1	57	63
n02730930_401.JPEG	16	37	37	63
n02730930_143.JPEG	2	5	63	62
n02730930_181.JPEG	1	0	47	59
n02730930_130.JPEG	11	0	48	63
n02730930_236.JPEG	1	0	63	63
n02730930_234.JPEG	9	0	54	63
n02730930_494.JPEG	21	18	63	63
n02730930_212.JPEG	12	4	57	47
n02730930_438.JPEG	0	1	63	63
n02730930_445.JPEG	15	19	31	45
n02730930_173.JPEG	1	0	63	63
n02730930_364.JPEG	0	1	63	63
n02730930_461.JPEG	0	3	63	60
n02730930_489.JPEG	0	1	63	63
n02730930_323.JPEG	15	9	47	63
n02730930_460.JPEG	7	0	63	63
n02730930_405.JPEG	14	0	39	63
n02730930_406.JPEG	0	0	63	63
n02730930_170.JPEG	14	8	41	63
n02730930_268.JPEG	27	3	63	63
n02730930_185.JPEG	8	0	58	63
n02730930_292.JPEG	0	0	63	63
n02730930_178.JPEG	9	0	63	63
n02730930_335.JPEG	7	2	63	63
n02730930_428.JPEG	0	18	63	46
n02730930_192.JPEG	3	0	62	63
n02730930_193.JPEG	20	9	44	43
n02730930_46.JPEG	0	6	63	63
n02730930_106.JPEG	9	0	55	63
n02730930_275.JPEG	1	0	63	63
n02730930_444.JPEG	0	0	63	62
n02730930_374.JPEG	11	0	50	63
n02730930_414.JPEG	12	5	60	56
n02730930_368.JPEG	17	5	38	39
n02730930_7.JPEG	19	7	63	63
n02730930_280.JPEG	13	2	59	63
n02730930_88.JPEG	0	2	63	61
n02730930_38.JPEG	13	0	49	63
n02730930_85.JPEG	8	14	46	63
n02730930_2.JPEG	30	24	45	42
n02730930_19.JPEG	1	1	63	63
n02730930_263.JPEG	2	0	63	63
n02730930_71.JPEG	16	0	52	63
n02730930_158.JPEG	7	16	54	63
n02730930_343.JPEG	0	0	63	63
n02730930_137.JPEG	11	36	61	63
n02730930_201.JPEG	0	0	63	63
n02730930_253.JPEG	14	0	52	63
n02730930_113.JPEG	3	16	49	63
n02730930_289.JPEG	6	0	59	63
n02730930_87.JPEG	15	5	48	63
n02730930_380.JPEG	0	14	63	56
n02730930_123.JPEG	16	0	52	63
n02730930_448.JPEG	1	14	63	63
n02730930_59.JPEG	12	17	63	63
n02730930_176.JPEG	20	15	45	60
n02730930_126.JPEG	0	8	63	61
n02730930_352.JPEG	19	7	47	43
n02730930_478.JPEG	7	5	60	63
n02730930_422.JPEG	22	4	47	61
n02730930_467.JPEG	3	0	56	63
n02730930_121.JPEG	16	15	57	63
n02730930_357.JPEG	20	8	39	53
n02730930_279.JPEG	11	2	45	56
n02730930_136.JPEG	15	16	40	63
n02730930_34.JPEG	4	0	60	63
n02730930_377.JPEG	5	3	54	63
n02730930_443.JPEG	0	2	63	63
n02730930_480.JPEG	12	0	47	63
n02730930_306.JPEG	0	1	63	63
n02730930_418.JPEG	0	5	63	63
n02730930_482.JPEG	5	0	59	63
n02730930_485.JPEG	4	1	55	63
n02730930_239.JPEG	18	1	44	63
n02730930_168.JPEG	0	0	63	63
n02730930_232.JPEG	9	2	49	63
n02730930_128.JPEG	13	1	59	63
n02730930_318.JPEG	16	0	49	63
n02730930_166.JPEG	5	0	57	63
n02730930_459.JPEG	16	0	51	46
n02730930_469.JPEG	17	1	63	63
n02730930_101.JPEG	0	3	63	63
n02730930_42.JPEG	2	0	58	63
n02730930_382.JPEG	13	29	36	57
n02730930_82.JPEG	15	12	37	45
n02730930_337.JPEG	0	24	54	63
n02730930_255.JPEG	22	29	48	53
n02730930_257.JPEG	2	0	60	63
n02730930_93.JPEG	7	0	57	63
n02730930_471.JPEG	8	5	55	60
n02730930_217.JPEG	16	0	44	55
n02730930_180.JPEG	9	0	60	63
n02730930_135.JPEG	20	0	58	63
n02730930_264.JPEG	0	3	63	62
n02730930_14.JPEG	9	0	55	63
n02730930_231.JPEG	9	7	60	63
n02730930_367.JPEG	12	11	55	63
n02730930_427.JPEG	4	22	25	45
n02730930_32.JPEG	16	0	57	63
n02730930_430.JPEG	11	19	37	51
n02730930_9.JPEG	0	6	63	61
n02730930_52.JPEG	26	9	50	55
n02730930_348.JPEG	23	13	47	52
n02730930_261.JPEG	4	0	63	63
n02730930_247.JPEG	15	12	45	63
n02730930_383.JPEG	9	0	53	63
n02730930_23.JPEG	0	0	63	62
n02730930_26.JPEG	24	7	63	47
n02730930_283.JPEG	3	4	52	59
n02730930_205.JPEG	16	2	51	63
n02730930_366.JPEG	16	24	43	57
n02730930_424.JPEG	19	0	59	63
n02730930_272.JPEG	13	21	58	63
n02730930_301.JPEG	8	0	56	63
n02730930_339.JPEG	0	1	63	63
n02730930_1.JPEG	20	11	51	63
n02730930_138.JPEG	0	0	63	63
n02730930_330.JPEG	0	0	63	63
n02730930_105.JPEG	0	0	63	63
n02730930_120.JPEG	27	4	63	61
n02730930_302.JPEG	17	32	55	63
n02730930_43.JPEG	0	1	63	63
n02730930_454.JPEG	28	18	51	50
n02730930_347.JPEG	16	0	47	63
n02730930_315.JPEG	0	0	63	63
n02730930_365.JPEG	12	0	51	63
n02730930_83.JPEG	1	0	63	63
n02730930_282.JPEG	26	18	59	63
n02730930_235.JPEG	12	9	48	63
n02730930_119.JPEG	19	0	56	42
val_5765.JPEG	0	1	63	63
val_4979.JPEG	11	0	46	63
val_6185.JPEG	1	1	63	63
val_784.JPEG	0	2	63	63
val_1817.JPEG	0	5	63	61
val_2597.JPEG	12	31	40	57
val_5580.JPEG	0	11	63	51
val_6056.JPEG	10	0	60	63
val_3591.JPEG	15	0	47	63
val_7836.JPEG	0	1	63	58
val_8098.JPEG	19	0	53	49
val_3283.JPEG	12	0	53	63
val_5499.JPEG	13	31	62	63
val_7300.JPEG	17	0	49	62
val_6290.JPEG	1	0	57	63
val_4354.JPEG	3	1	62	63
val_9420.JPEG	14	0	54	63
val_8532.JPEG	2	1	58	63
val_6119.JPEG	31	4	63	63
val_2414.JPEG	0	14	56	63
val_3221.JPEG	2	0	63	58
val_8115.JPEG	12	0	60	63
val_3352.JPEG	14	12	63	63
val_9276.JPEG	4	5	58	63
val_5542.JPEG	4	37	56	63
val_1163.JPEG	12	6	53	63
val_2318.JPEG	4	0	63	63
val_8274.JPEG	16	18	39	63
val_6478.JPEG	9	7	63	56
val_6982.JPEG	0	2	63	63
val_436.JPEG	10	28	55	63
val_1612.JPEG	28	26	63	52
val_4705.JPEG	1	0	56	63
val_7401.JPEG	1	0	63	63
val_7922.JPEG	0	1	63	62
