n02795169_400.JPEG	6	0	62	48
n02795169_458.JPEG	11	29	47	55
n02795169_162.JPEG	39	34	53	41
n02795169_155.JPEG	19	26	38	61
n02795169_35.JPEG	0	9	25	58
n02795169_457.JPEG	38	25	46	38
n02795169_433.JPEG	12	3	55	63
n02795169_199.JPEG	5	38	52	63
n02795169_244.JPEG	10	30	34	62
n02795169_165.JPEG	0	20	51	51
n02795169_452.JPEG	11	31	62	63
n02795169_418.JPEG	7	2	63	63
n02795169_424.JPEG	32	13	60	52
n02795169_285.JPEG	21	14	56	55
n02795169_396.JPEG	12	1	53	63
n02795169_497.JPEG	2	0	63	41
n02795169_392.JPEG	2	19	41	44
n02795169_463.JPEG	0	0	63	58
n02795169_470.JPEG	7	0	59	63
n02795169_137.JPEG	5	8	49	46
n02795169_44.JPEG	3	0	63	63
n02795169_290.JPEG	21	17	63	63
n02795169_311.JPEG	13	7	46	61
n02795169_304.JPEG	6	2	28	63
n02795169_340.JPEG	0	9	60	63
n02795169_460.JPEG	0	28	63	63
n02795169_276.JPEG	30	26	63	55
n02795169_337.JPEG	32	4	63	57
n02795169_360.JPEG	0	0	63	63
n02795169_235.JPEG	4	0	60	63
n02795169_77.JPEG	5	5	35	50
n02795169_125.JPEG	18	10	39	40
n02795169_193.JPEG	1	0	63	63
n02795169_272.JPEG	5	4	35	47
n02795169_222.JPEG	8	12	39	55
n02795169_450.JPEG	34	14	63	58
n02795169_56.JPEG	0	3	35	61
n02795169_404.JPEG	15	1	63	63
n02795169_260.JPEG	0	0	48	63
n02795169_57.JPEG	14	30	57	63
n02795169_475.JPEG	0	7	63	57
n02795169_326.JPEG	6	31	29	63
n02795169_370.JPEG	34	29	63	56
n02795169_422.JPEG	20	33	50	63
n02795169_26.JPEG	12	12	38	52
n02795169_160.JPEG	10	0	52	62
n02795169_348.JPEG	13	0	54	62
n02795169_346.JPEG	23	21	40	47
n02795169_119.JPEG	3	0	62	63
n02795169_288.JPEG	0	26	63	63
n02795169_11.JPEG	0	0	49	63
n02795169_252.JPEG	20	37	57	63
n02795169_180.JPEG	28	41	58	63
n02795169_28.JPEG	7	2	49	63
n02795169_169.JPEG	0	13	45	59
n02795169_6.JPEG	5	33	31	63
n02795169_255.JPEG	8	3	56	63
n02795169_388.JPEG	34	17	63	63
n02795169_403.JPEG	0	0	63	63
n02795169_95.JPEG	17	7	57	55
n02795169_202.JPEG	0	12	45	62
n02795169_182.JPEG	8	0	55	63
n02795169_440.JPEG	9	0	50	55
n02795169_124.JPEG	13	38	41	63
n02795169_147.JPEG	0	7	63	62
n02795169_43.JPEG	40	35	60	61
n02795169_25.JPEG	6	0	58	63
n02795169_36.JPEG	5	9	61	59
n02795169_47.JPEG	0	0	63	63
n02795169_430.JPEG	1	0	63	63
n02795169_289.JPEG	0	0	63	60
n02795169_163.JPEG	0	1	63	63
n02795169_45.JPEG	12	32	44	63
n02795169_479.JPEG	25	8	63	56
n02795169_432.JPEG	25	10	58	55
n02795169_60.JPEG	6	4	40	27
n02795169_368.JPEG	0	0	63	63
n02795169_216.JPEG	6	0	62	49
n02795169_341.JPEG	0	29	59	63
n02795169_367.JPEG	0	0	57	63
n02795169_380.JPEG	0	0	63	63
n02795169_335.JPEG	16	8	48	63
n02795169_245.JPEG	0	0	63	63
n02795169_300.JPEG	15	2	50	63
n02795169_318.JPEG	8	1	63	63
n02795169_184.JPEG	15	0	54	63
n02795169_18.JPEG	0	0	63	63
n02795169_480.JPEG	2	13	31	52
n02795169_302.JPEG	4	0	61	63
n02795169_438.JPEG	11	21	51	56
n02795169_325.JPEG	14	28	50	61
n02795169_87.JPEG	9	1	54	61
n02795169_48.JPEG	1	3	59	44
n02795169_315.JPEG	7	16	45	63
n02795169_143.JPEG	23	37	44	63
n02795169_373.JPEG	0	1	46	61
n02795169_247.JPEG	41	46	63	63
n02795169_431.JPEG	7	0	58	63
n02795169_90.JPEG	0	0	63	43
n02795169_170.JPEG	8	6	53	63
n02795169_237.JPEG	0	11	25	45
n02795169_142.JPEG	0	4	63	62
n02795169_359.JPEG	16	0	58	63
n02795169_129.JPEG	0	16	63	55
n02795169_224.JPEG	14	0	50	52
n02795169_68.JPEG	0	4	17	63
n02795169_183.JPEG	28	1	63	63
n02795169_114.JPEG	10	0	49	63
n02795169_223.JPEG	4	0	62	63
n02795169_374.JPEG	48	35	63	63
n02795169_83.JPEG	21	29	49	63
n02795169_251.JPEG	1	0	63	63
n02795169_391.JPEG	27	25	45	42
n02795169_444.JPEG	8	0	60	63
n02795169_225.JPEG	10	2	53	40
n02795169_191.JPEG	14	2	52	63
n02795169_498.JPEG	15	33	40	54
n02795169_347.JPEG	13	1	59	63
n02795169_22.JPEG	9	5	41	45
n02795169_88.JPEG	7	35	29	63
n02795169_331.JPEG	15	0	63	63
n02795169_116.JPEG	0	0	63	63
n02795169_386.JPEG	15	25	63	63
n02795169_105.JPEG	13	13	54	63
n02795169_485.JPEG	18	8	49	53
n02795169_127.JPEG	25	9	51	47
n02795169_350.JPEG	27	12	61	52
n02795169_408.JPEG	34	15	63	62
n02795169_427.JPEG	35	2	63	28
n02795169_96.JPEG	0	0	58	63
n02795169_149.JPEG	6	9	59	63
n02795169_133.JPEG	12	0	52	63
n02795169_421.JPEG	23	16	53	63
n02795169_203.JPEG	0	13	31	38
n02795169_465.JPEG	15	32	42	63
n02795169_307.JPEG	16	10	49	60
n02795169_362.JPEG	0	7	63	53
n02795169_499.JPEG	31	41	50	51
n02795169_469.JPEG	19	11	50	50
n02795169_0.JPEG	19	0	60	63
n02795169_9.JPEG	3	23	40	63
n02795169_491.JPEG	10	10	52	35
n02795169_97.JPEG	0	11	39	63
n02795169_246.JPEG	23	31	35	48
n02795169_189.JPEG	0	3	46	63
n02795169_8.JPEG	13	7	45	55
n02795169_303.JPEG	3	30	46	63
n02795169_19.JPEG	11	1	55	45
n02795169_375.JPEG	8	14	39	63
n02795169_338.JPEG	0	28	63	60
n02795169_298.JPEG	2	0	62	63
n02795169_425.JPEG	37	18	51	39
n02795169_382.JPEG	18	18	46	63
n02795169_387.JPEG	31	25	63	63
n02795169_239.JPEG	18	17	50	63
n02795169_227.JPEG	21	25	59	63
n02795169_172.JPEG	33	12	63	63
n02795169_232.JPEG	0	42	1	58
n02795169_481.JPEG	9	0	56	63
n02795169_313.JPEG	38	11	63	54
n02795169_248.JPEG	13	0	54	63
n02795169_120.JPEG	0	4	20	56
n02795169_211.JPEG	8	1	63	63
n02795169_86.JPEG	36	23	48	33
n02795169_468.JPEG	0	1	63	63
n02795169_476.JPEG	23	16	63	63
n02795169_417.JPEG	0	0	17	63
n02795169_281.JPEG	0	39	21	63
n02795169_261.JPEG	6	0	57	63
n02795169_38.JPEG	11	0	55	63
n02795169_54.JPEG	6	32	21	63
n02795169_49.JPEG	1	0	63	63
n02795169_264.JPEG	4	0	57	55
n02795169_250.JPEG	0	34	48	63
n02795169_449.JPEG	35	15	59	53
n02795169_447.JPEG	7	0	55	63
n02795169_323.JPEG	14	2	51	62
n02795169_394.JPEG	13	9	55	55
n02795169_85.JPEG	13	6	47	57
n02795169_196.JPEG	8	0	57	63
n02795169_229.JPEG	8	0	63	63
n02795169_291.JPEG	0	13	63	63
n02795169_295.JPEG	21	0	63	63
n02795169_78.JPEG	0	0	16	57
n02795169_115.JPEG	19	0	58	63
n02795169_364.JPEG	20	23	51	63
n02795169_101.JPEG	23	34	63	63
n02795169_89.JPEG	10	3	55	63
n02795169_209.JPEG	18	1	48	63
n02795169_139.JPEG	6	0	59	63
n02795169_343.JPEG	4	18	28	57
n02795169_146.JPEG	2	0	63	63
n02795169_345.JPEG	14	0	40	39
n02795169_21.JPEG	21	15	42	49
n02795169_178.JPEG	5	4	55	55
n02795169_112.JPEG	30	26	54	63
n02795169_53.JPEG	21	19	46	60
n02795169_102.JPEG	7	0	55	63
n02795169_456.JPEG	12	3	55	60
n02795169_17.JPEG	37	5	63	56
n02795169_153.JPEG	8	2	60	63
n02795169_284.JPEG	0	0	63	57
n02795169_148.JPEG	0	0	63	63
n02795169_104.JPEG	0	1	41	63
n02795169_122.JPEG	5	0	56	62
n02795169_453.JPEG	34	25	63	55
n02795169_238.JPEG	33	16	63	63
n02795169_72.JPEG	34	39	52	51
n02795169_384.JPEG	18	2	49	61
n02795169_429.JPEG	0	6	59	50
n02795169_492.JPEG	30	47	63	63
n02795169_207.JPEG	11	8	50	60
n02795169_413.JPEG	29	1	63	63
n02795169_157.JPEG	0	1	55	63
n02795169_73.JPEG	0	17	63	63
n02795169_171.JPEG	0	0	63	53
n02795169_484.JPEG	0	1	63	63
n02795169_435.JPEG	10	5	51	47
n02795169_242.JPEG	13	7	54	49
n02795169_314.JPEG	2	8	58	46
n02795169_158.JPEG	6	4	36	53
n02795169_156.JPEG	12	15	42	63
n02795169_399.JPEG	0	2	49	37
n02795169_50.JPEG	25	25	52	46
n02795169_126.JPEG	4	10	58	57
n02795169_336.JPEG	3	8	63	63
n02795169_29.JPEG	0	7	25	63
n02795169_204.JPEG	13	3	34	55
n02795169_490.JPEG	19	3	63	59
n02795169_14.JPEG	1	8	63	56
n02795169_42.JPEG	12	0	35	22
n02795169_94.JPEG	3	0	58	63
n02795169_461.JPEG	13	0	56	45
n02795169_320.JPEG	9	3	52	56
n02795169_80.JPEG	37	21	63	59
n02795169_256.JPEG	9	2	54	63
n02795169_428.JPEG	4	0	61	48
n02795169_434.JPEG	0	22	34	63
n02795169_278.JPEG	7	11	36	61
n02795169_358.JPEG	39	19	63	59
n02795169_46.JPEG	46	0	63	63
n02795169_241.JPEG	8	5	57	59
n02795169_177.JPEG	0	49	55	63
n02795169_150.JPEG	0	4	60	63
n02795169_200.JPEG	10	10	55	57
n02795169_306.JPEG	5	21	39	63
n02795169_443.JPEG	0	1	58	60
n02795169_344.JPEG	0	0	63	63
n02795169_31.JPEG	19	20	44	58
n02795169_79.JPEG	0	1	63	63
n02795169_420.JPEG	7	7	38	60
n02795169_488.JPEG	1	2	63	59
n02795169_249.JPEG	2	3	58	63
n02795169_99.JPEG	12	0	63	61
n02795169_243.JPEG	4	0	58	63
n02795169_210.JPEG	6	0	52	63
n02795169_40.JPEG	14	13	52	63
n02795169_292.JPEG	16	0	57	62
n02795169_70.JPEG	4	0	61	63
n02795169_16.JPEG	39	14	63	60
n02795169_385.JPEG	15	0	61	63
n02795169_205.JPEG	17	11	53	63
n02795169_459.JPEG	12	4	53	62
n02795169_65.JPEG	1	14	30	63
n02795169_305.JPEG	0	34	9	63
n02795169_356.JPEG	0	15	42	61
n02795169_389.JPEG	0	5	48	62
n02795169_230.JPEG	12	0	62	63
n02795169_270.JPEG	11	2	63	63
n02795169_376.JPEG	16	0	63	63
n02795169_310.JPEG	44	2	63	37
n02795169_283.JPEG	0	3	63	58
n02795169_134.JPEG	51	36	63	60
n02795169_151.JPEG	0	0	63	63
n02795169_414.JPEG	4	0	50	63
n02795169_84.JPEG	4	0	58	63
n02795169_13.JPEG	0	0	60	63
n02795169_357.JPEG	8	21	43	49
n02795169_64.JPEG	11	0	63	57
n02795169_108.JPEG	21	15	47	42
n02795169_201.JPEG	8	0	56	63
n02795169_74.JPEG	0	0	42	63
n02795169_240.JPEG	16	4	53	59
n02795169_353.JPEG	15	5	45	53
n02795169_185.JPEG	18	0	56	40
n02795169_309.JPEG	15	5	36	37
n02795169_257.JPEG	2	0	63	63
n02795169_472.JPEG	10	4	54	62
n02795169_287.JPEG	24	26	51	63
n02795169_181.JPEG	0	32	63	63
n02795169_217.JPEG	10	2	52	62
n02795169_423.JPEG	9	21	52	63
n02795169_262.JPEG	23	24	44	48
n02795169_406.JPEG	28	59	35	63
n02795169_477.JPEG	16	15	47	57
n02795169_197.JPEG	18	21	47	63
n02795169_123.JPEG	30	0	63	62
n02795169_228.JPEG	4	0	60	63
n02795169_339.JPEG	12	0	52	20
n02795169_110.JPEG	14	27	62	63
n02795169_192.JPEG	9	48	51	63
n02795169_186.JPEG	11	2	49	61
n02795169_91.JPEG	0	23	12	44
n02795169_299.JPEG	0	1	63	63
n02795169_329.JPEG	27	21	49	61
n02795169_419.JPEG	24	13	58	61
n02795169_355.JPEG	11	0	60	58
n02795169_467.JPEG	23	29	57	63
n02795169_328.JPEG	0	5	63	59
n02795169_24.JPEG	29	6	47	21
n02795169_379.JPEG	10	27	35	63
n02795169_152.JPEG	10	19	59	63
n02795169_10.JPEG	1	0	63	63
n02795169_486.JPEG	38	30	63	53
n02795169_2.JPEG	22	49	63	63
n02795169_395.JPEG	10	3	52	63
n02795169_206.JPEG	13	5	48	56
n02795169_154.JPEG	18	23	46	63
n02795169_351.JPEG	2	0	63	63
n02795169_23.JPEG	25	7	63	61
n02795169_117.JPEG	27	33	63	63
n02795169_179.JPEG	22	13	63	52
n02795169_416.JPEG	3	0	62	63
n02795169_175.JPEG	15	5	50	47
n02795169_226.JPEG	12	0	63	63
n02795169_34.JPEG	27	14	51	54
n02795169_30.JPEG	43	34	63	63
n02795169_466.JPEG	39	39	52	58
n02795169_333.JPEG	0	32	40	63
n02795169_308.JPEG	9	6	56	62
n02795169_442.JPEG	0	13	48	61
n02795169_130.JPEG	2	0	58	63
n02795169_59.JPEG	0	33	54	63
n02795169_482.JPEG	14	29	37	59
n02795169_121.JPEG	31	31	45	50
n02795169_495.JPEG	5	0	54	63
n02795169_231.JPEG	7	9	47	44
n02795169_208.JPEG	1	40	60	63
n02795169_266.JPEG	5	6	61	54
n02795169_161.JPEG	3	0	62	63
n02795169_12.JPEG	1	33	19	62
n02795169_474.JPEG	0	0	63	63
n02795169_176.JPEG	22	9	63	45
n02795169_213.JPEG	44	32	63	63
n02795169_173.JPEG	0	0	63	63
n02795169_332.JPEG	0	12	25	48
n02795169_446.JPEG	17	0	53	56
n02795169_301.JPEG	18	12	48	63
n02795169_377.JPEG	1	0	63	63
n02795169_455.JPEG	12	12	30	39
val_5758.JPEG	5	12	21	25
val_111.JPEG	27	24	49	62
val_6389.JPEG	4	34	21	60
val_8744.JPEG	13	3	55	54
val_5033.JPEG	3	0	63	63
val_2037.JPEG	23	16	60	63
val_6249.JPEG	39	34	63	63
val_1481.JPEG	4	9	58	53
val_309.JPEG	37	5	57	33
val_3208.JPEG	4	0	63	63
val_3412.JPEG	1	0	62	63
val_3005.JPEG	28	45	52	59
val_5681.JPEG	14	2	47	60
val_9808.JPEG	38	0	63	33
val_4215.JPEG	0	0	63	63
val_9704.JPEG	10	2	48	60
val_3367.JPEG	10	0	57	63
val_3965.JPEG	3	0	63	63
val_2364.JPEG	2	0	60	63
val_7032.JPEG	5	0	57	36
val_8330.JPEG	22	10	63	63
val_4555.JPEG	2	21	63	63
val_4435.JPEG	28	27	58	50
val_9001.JPEG	16	0	63	63
val_1208.JPEG	0	0	34	60
val_4012.JPEG	15	11	53	63
val_6886.JPEG	0	18	30	53
val_6013.JPEG	0	7	63	63
val_4772.JPEG	4	12	47	63
val_9270.JPEG	18	0	54	58
val_5981.JPEG	8	5	58	52
val_3904.JPEG	24	27	46	61
val_4851.JPEG	0	0	63	63
val_8382.JPEG	8	3	63	63
val_7242.JPEG	7	0	51	63
