n01641577_72.JPEG	0	6	63	62
n01641577_136.JPEG	18	28	46	45
n01641577_371.JPEG	0	24	40	53
n01641577_438.JPEG	13	16	63	47
n01641577_33.JPEG	0	10	63	63
n01641577_70.JPEG	4	9	62	44
n01641577_163.JPEG	0	12	63	51
n01641577_66.JPEG	0	8	63	58
n01641577_470.JPEG	17	37	39	52
n01641577_119.JPEG	12	22	53	46
n01641577_207.JPEG	0	20	57	63
n01641577_352.JPEG	6	25	43	49
n01641577_216.JPEG	0	8	46	43
n01641577_178.JPEG	9	18	59	50
n01641577_143.JPEG	13	13	63	63
n01641577_135.JPEG	0	21	52	53
n01641577_370.JPEG	4	18	54	57
n01641577_78.JPEG	0	13	63	63
n01641577_339.JPEG	6	5	56	61
n01641577_20.JPEG	3	17	63	52
n01641577_9.JPEG	0	6	63	63
n01641577_340.JPEG	0	0	63	63
n01641577_57.JPEG	1	8	59	63
n01641577_52.JPEG	14	3	63	52
n01641577_441.JPEG	12	6	63	55
n01641577_290.JPEG	11	16	34	28
n01641577_154.JPEG	20	23	43	45
n01641577_101.JPEG	0	13	63	48
n01641577_435.JPEG	12	19	63	53
n01641577_166.JPEG	0	7	63	63
n01641577_83.JPEG	3	6	63	56
n01641577_3.JPEG	16	19	63	63
n01641577_231.JPEG	4	5	63	63
n01641577_491.JPEG	7	12	63	47
n01641577_486.JPEG	5	27	60	58
n01641577_448.JPEG	0	14	63	60
n01641577_282.JPEG	5	11	63	52
n01641577_167.JPEG	0	16	63	63
n01641577_62.JPEG	0	9	63	59
n01641577_266.JPEG	0	12	63	60
n01641577_221.JPEG	7	13	62	59
n01641577_468.JPEG	0	6	59	63
n01641577_89.JPEG	30	28	49	53
n01641577_95.JPEG	7	16	60	53
n01641577_28.JPEG	20	22	50	33
n01641577_472.JPEG	1	13	63	62
n01641577_233.JPEG	15	20	47	42
n01641577_137.JPEG	0	17	63	63
n01641577_353.JPEG	0	18	50	58
n01641577_499.JPEG	6	14	63	62
n01641577_48.JPEG	12	20	63	58
n01641577_162.JPEG	0	9	63	63
n01641577_399.JPEG	0	8	63	55
n01641577_194.JPEG	3	26	43	56
n01641577_23.JPEG	0	9	63	50
n01641577_384.JPEG	7	23	46	58
n01641577_159.JPEG	5	5	63	57
n01641577_449.JPEG	4	12	41	51
n01641577_49.JPEG	5	21	63	57
n01641577_478.JPEG	4	1	61	63
n01641577_338.JPEG	7	8	61	47
n01641577_77.JPEG	24	14	63	56
n01641577_302.JPEG	0	20	54	53
n01641577_53.JPEG	7	11	63	61
n01641577_457.JPEG	0	28	55	55
n01641577_103.JPEG	0	10	50	32
n01641577_382.JPEG	16	17	47	48
n01641577_300.JPEG	6	15	33	36
n01641577_24.JPEG	10	14	63	49
n01641577_451.JPEG	9	32	57	50
n01641577_232.JPEG	0	10	54	58
n01641577_455.JPEG	17	24	61	56
n01641577_489.JPEG	0	13	63	57
n01641577_462.JPEG	8	2	63	63
n01641577_96.JPEG	21	23	41	40
n01641577_129.JPEG	11	20	41	46
n01641577_102.JPEG	5	24	56	52
n01641577_392.JPEG	2	16	56	61
n01641577_7.JPEG	18	30	41	41
n01641577_375.JPEG	7	20	52	43
n01641577_343.JPEG	12	17	63	62
n01641577_215.JPEG	3	12	63	52
n01641577_90.JPEG	10	16	44	45
n01641577_452.JPEG	3	10	63	55
n01641577_316.JPEG	0	17	63	62
n01641577_51.JPEG	9	4	63	47
n01641577_412.JPEG	16	17	52	47
n01641577_423.JPEG	1	0	63	59
n01641577_460.JPEG	25	33	63	56
n01641577_279.JPEG	0	13	63	55
n01641577_45.JPEG	18	4	63	63
n01641577_18.JPEG	12	19	51	45
n01641577_249.JPEG	0	12	59	63
n01641577_433.JPEG	22	21	63	34
n01641577_220.JPEG	4	7	56	56
n01641577_180.JPEG	15	22	63	47
n01641577_187.JPEG	0	23	63	52
n01641577_104.JPEG	10	24	54	52
n01641577_209.JPEG	19	20	50	45
n01641577_307.JPEG	11	18	63	58
n01641577_326.JPEG	6	10	63	48
n01641577_127.JPEG	0	19	60	63
n01641577_308.JPEG	6	26	63	51
n01641577_142.JPEG	0	1	63	63
n01641577_131.JPEG	5	7	54	54
n01641577_253.JPEG	0	11	56	59
n01641577_97.JPEG	0	19	30	42
n01641577_2.JPEG	0	30	43	50
n01641577_447.JPEG	0	3	63	63
n01641577_481.JPEG	19	28	39	51
n01641577_330.JPEG	16	21	63	61
n01641577_381.JPEG	0	8	63	63
n01641577_126.JPEG	18	15	60	63
n01641577_168.JPEG	0	8	63	56
n01641577_355.JPEG	10	14	60	56
n01641577_247.JPEG	17	17	42	38
n01641577_443.JPEG	0	12	63	62
n01641577_58.JPEG	7	17	63	63
n01641577_241.JPEG	25	17	63	50
n01641577_211.JPEG	0	14	53	52
n01641577_270.JPEG	0	17	46	49
n01641577_120.JPEG	0	16	52	55
n01641577_109.JPEG	0	6	63	63
n01641577_158.JPEG	6	26	39	51
n01641577_350.JPEG	0	10	63	49
n01641577_416.JPEG	14	20	53	54
n01641577_477.JPEG	0	12	63	53
n01641577_26.JPEG	16	20	63	37
n01641577_61.JPEG	20	22	47	38
n01641577_397.JPEG	2	9	33	26
n01641577_181.JPEG	20	14	63	50
n01641577_404.JPEG	1	1	62	63
n01641577_442.JPEG	2	5	54	59
n01641577_246.JPEG	1	13	63	63
n01641577_122.JPEG	19	13	43	33
n01641577_197.JPEG	5	10	50	54
n01641577_315.JPEG	6	20	47	49
n01641577_490.JPEG	1	26	38	55
n01641577_292.JPEG	0	16	32	46
n01641577_267.JPEG	26	24	54	40
n01641577_128.JPEG	9	17	59	45
n01641577_256.JPEG	0	18	63	52
n01641577_238.JPEG	6	0	61	63
n01641577_287.JPEG	1	22	56	53
n01641577_32.JPEG	0	10	63	63
n01641577_434.JPEG	32	26	63	44
n01641577_303.JPEG	9	18	44	45
n01641577_286.JPEG	14	12	55	61
n01641577_396.JPEG	0	12	63	56
n01641577_361.JPEG	0	21	63	46
n01641577_417.JPEG	9	22	63	50
n01641577_63.JPEG	0	0	63	63
n01641577_44.JPEG	0	17	63	63
n01641577_218.JPEG	1	27	52	63
n01641577_312.JPEG	0	15	35	45
n01641577_261.JPEG	0	16	52	50
n01641577_141.JPEG	0	6	63	60
n01641577_191.JPEG	17	4	63	63
n01641577_204.JPEG	1	14	63	53
n01641577_324.JPEG	2	24	63	55
n01641577_230.JPEG	0	20	44	59
n01641577_408.JPEG	8	13	61	50
n01641577_174.JPEG	5	10	63	48
n01641577_81.JPEG	0	7	60	47
n01641577_35.JPEG	3	22	54	50
n01641577_362.JPEG	17	31	43	47
n01641577_262.JPEG	8	6	61	40
n01641577_217.JPEG	0	14	63	58
n01641577_145.JPEG	13	22	63	55
n01641577_280.JPEG	0	15	57	56
n01641577_271.JPEG	5	12	63	63
n01641577_64.JPEG	1	0	57	55
n01641577_86.JPEG	17	26	51	48
n01641577_327.JPEG	12	13	63	47
n01641577_497.JPEG	0	7	63	60
n01641577_348.JPEG	0	24	49	63
n01641577_242.JPEG	0	17	44	42
n01641577_393.JPEG	1	22	63	60
n01641577_50.JPEG	0	12	63	63
n01641577_177.JPEG	1	20	62	63
n01641577_444.JPEG	0	7	63	55
n01641577_153.JPEG	7	10	52	38
n01641577_79.JPEG	4	14	63	63
n01641577_488.JPEG	7	16	45	45
n01641577_305.JPEG	0	1	63	57
n01641577_189.JPEG	19	23	63	52
n01641577_148.JPEG	0	0	63	63
n01641577_84.JPEG	2	12	63	63
n01641577_176.JPEG	0	12	51	63
n01641577_463.JPEG	1	5	60	62
n01641577_196.JPEG	6	8	63	53
n01641577_146.JPEG	21	18	53	61
n01641577_465.JPEG	17	11	63	63
n01641577_156.JPEG	0	12	56	50
n01641577_498.JPEG	0	12	63	58
n01641577_46.JPEG	0	9	63	50
n01641577_152.JPEG	0	6	63	59
n01641577_188.JPEG	3	11	62	53
n01641577_332.JPEG	4	15	56	49
n01641577_110.JPEG	6	14	63	44
n01641577_250.JPEG	0	3	63	61
n01641577_10.JPEG	25	11	63	43
n01641577_391.JPEG	18	21	48	47
n01641577_288.JPEG	0	25	45	53
n01641577_116.JPEG	0	31	56	57
n01641577_59.JPEG	4	14	56	49
n01641577_419.JPEG	13	18	63	60
n01641577_173.JPEG	8	15	59	55
n01641577_422.JPEG	0	6	63	45
n01641577_301.JPEG	21	16	53	55
n01641577_487.JPEG	4	7	63	61
n01641577_389.JPEG	0	11	61	53
n01641577_420.JPEG	12	17	58	58
n01641577_222.JPEG	1	18	63	50
n01641577_395.JPEG	0	16	63	62
n01641577_337.JPEG	0	10	63	52
n01641577_364.JPEG	0	22	44	62
n01641577_38.JPEG	3	10	63	58
n01641577_115.JPEG	0	6	53	37
n01641577_27.JPEG	0	11	59	37
n01641577_483.JPEG	7	15	61	50
n01641577_403.JPEG	16	18	63	50
n01641577_5.JPEG	17	5	61	48
n01641577_40.JPEG	37	49	52	63
n01641577_130.JPEG	21	25	48	54
n01641577_227.JPEG	9	10	63	38
n01641577_459.JPEG	0	6	63	63
n01641577_74.JPEG	0	10	63	59
n01641577_431.JPEG	7	15	63	45
n01641577_71.JPEG	5	13	56	49
n01641577_259.JPEG	9	0	61	43
n01641577_368.JPEG	0	5	60	63
n01641577_82.JPEG	11	9	63	50
n01641577_252.JPEG	0	8	63	63
n01641577_471.JPEG	23	35	39	45
n01641577_383.JPEG	0	4	55	62
n01641577_390.JPEG	0	7	52	56
n01641577_6.JPEG	4	3	61	61
n01641577_342.JPEG	0	10	63	58
n01641577_400.JPEG	20	17	63	50
n01641577_124.JPEG	2	17	63	56
n01641577_492.JPEG	0	13	56	53
n01641577_236.JPEG	0	2	63	63
n01641577_198.JPEG	31	21	49	38
n01641577_258.JPEG	0	17	51	63
n01641577_160.JPEG	0	9	62	51
n01641577_309.JPEG	0	21	36	43
n01641577_304.JPEG	8	22	63	55
n01641577_406.JPEG	0	19	48	63
n01641577_19.JPEG	16	20	63	57
n01641577_118.JPEG	21	21	59	47
n01641577_47.JPEG	5	15	54	51
n01641577_105.JPEG	12	26	63	62
n01641577_25.JPEG	8	17	60	54
n01641577_223.JPEG	7	7	61	57
n01641577_380.JPEG	3	13	42	55
n01641577_351.JPEG	0	12	61	62
n01641577_31.JPEG	15	8	56	43
n01641577_144.JPEG	0	26	21	42
n01641577_87.JPEG	0	7	63	61
n01641577_310.JPEG	9	22	54	63
n01641577_414.JPEG	7	6	63	57
n01641577_476.JPEG	11	20	45	49
n01641577_179.JPEG	16	25	51	61
n01641577_199.JPEG	0	27	48	47
n01641577_466.JPEG	4	15	55	58
n01641577_369.JPEG	0	17	60	50
n01641577_268.JPEG	0	24	63	63
n01641577_73.JPEG	2	18	39	50
n01641577_201.JPEG	7	11	61	48
n01641577_366.JPEG	9	8	63	59
n01641577_155.JPEG	7	18	55	52
n01641577_206.JPEG	0	10	63	63
n01641577_193.JPEG	0	9	63	54
n01641577_133.JPEG	0	7	63	63
n01641577_260.JPEG	0	12	63	59
n01641577_320.JPEG	0	0	63	63
n01641577_373.JPEG	0	26	36	58
n01641577_277.JPEG	4	21	62	63
n01641577_496.JPEG	3	21	41	52
n01641577_228.JPEG	0	3	63	63
n01641577_91.JPEG	0	9	63	63
n01641577_402.JPEG	12	27	63	62
n01641577_43.JPEG	6	17	63	48
n01641577_175.JPEG	0	6	59	61
n01641577_213.JPEG	0	3	63	60
n01641577_190.JPEG	0	7	54	38
n01641577_121.JPEG	2	27	38	47
n01641577_363.JPEG	0	7	63	63
n01641577_430.JPEG	0	21	45	57
n01641577_365.JPEG	0	1	63	63
n01641577_150.JPEG	5	14	63	55
n01641577_473.JPEG	17	23	38	45
n01641577_138.JPEG	16	19	47	35
n01641577_186.JPEG	0	18	63	49
n01641577_464.JPEG	0	0	63	61
n01641577_325.JPEG	24	31	51	55
n01641577_151.JPEG	20	11	63	61
n01641577_224.JPEG	25	27	44	43
n01641577_331.JPEG	4	9	57	57
n01641577_164.JPEG	0	16	48	44
n01641577_346.JPEG	0	3	61	59
n01641577_184.JPEG	0	9	63	57
n01641577_240.JPEG	6	19	55	62
n01641577_172.JPEG	2	15	60	58
n01641577_114.JPEG	0	16	51	45
n01641577_317.JPEG	6	19	56	57
n01641577_298.JPEG	0	6	63	62
n01641577_243.JPEG	11	6	61	63
n01641577_311.JPEG	0	18	49	61
n01641577_437.JPEG	2	9	59	63
n01641577_275.JPEG	0	25	43	47
n01641577_328.JPEG	5	22	63	63
n01641577_21.JPEG	2	12	42	63
n01641577_98.JPEG	19	25	43	47
n01641577_407.JPEG	0	18	63	55
n01641577_424.JPEG	0	24	49	63
n01641577_281.JPEG	16	25	38	46
n01641577_17.JPEG	0	12	39	62
n01641577_41.JPEG	1	9	63	58
n01641577_450.JPEG	23	35	41	45
n01641577_345.JPEG	0	6	63	58
n01641577_359.JPEG	0	10	63	59
n01641577_333.JPEG	0	12	63	61
n01641577_306.JPEG	0	4	48	63
n01641577_405.JPEG	11	12	49	42
n01641577_55.JPEG	1	9	57	48
n01641577_139.JPEG	0	9	63	53
n01641577_132.JPEG	12	17	63	63
n01641577_225.JPEG	1	11	63	50
n01641577_285.JPEG	28	20	63	58
n01641577_378.JPEG	0	8	56	51
n01641577_293.JPEG	14	31	50	58
n01641577_318.JPEG	0	17	49	55
n01641577_140.JPEG	6	3	62	58
n01641577_182.JPEG	20	23	52	42
n01641577_251.JPEG	0	13	63	63
n01641577_125.JPEG	0	6	63	63
n01641577_248.JPEG	0	15	63	45
n01641577_291.JPEG	0	14	63	58
n01641577_185.JPEG	2	5	63	56
n01641577_418.JPEG	11	0	53	63
n01641577_319.JPEG	5	6	63	58
n01641577_113.JPEG	3	23	63	55
n01641577_372.JPEG	1	18	63	63
n01641577_394.JPEG	33	30	49	50
n01641577_479.JPEG	0	8	63	42
n01641577_421.JPEG	0	1	63	63
n01641577_200.JPEG	0	8	63	60
n01641577_296.JPEG	0	25	41	37
val_7494.JPEG	25	10	56	34
val_2672.JPEG	26	3	63	52
val_5728.JPEG	34	20	54	42
val_5978.JPEG	9	21	61	59
val_7772.JPEG	0	0	63	59
val_2073.JPEG	9	20	63	51
val_3418.JPEG	19	23	40	39
val_1930.JPEG	0	16	58	46
val_6136.JPEG	1	11	53	44
val_9980.JPEG	7	18	48	47
val_3893.JPEG	4	17	63	50
val_7259.JPEG	0	2	63	57
val_130.JPEG	5	11	63	55
val_8422.JPEG	0	11	63	63
val_6029.JPEG	20	12	63	41
val_1251.JPEG	0	6	63	61
val_3978.JPEG	19	29	53	52
val_1405.JPEG	1	14	63	54
val_9503.JPEG	4	11	61	55
val_2311.JPEG	8	13	45	44
val_3734.JPEG	0	21	61	39
val_8899.JPEG	6	18	45	63
val_7436.JPEG	18	20	45	40
val_5401.JPEG	0	16	63	63
val_8313.JPEG	19	22	59	42
val_410.JPEG	12	27	59	63
val_9262.JPEG	10	16	56	50
val_7063.JPEG	0	13	63	57
val_7899.JPEG	10	27	55	56
val_8776.JPEG	24	21	48	36
val_2642.JPEG	20	28	48	43
val_1352.JPEG	6	9	59	50
val_5084.JPEG	0	10	63	61
val_4081.JPEG	0	21	59	55
val_3903.JPEG	3	11	59	61
