n03937543_291.JPEG	52	21	63	49
n03937543_178.JPEG	9	5	35	56
n03937543_236.JPEG	22	0	63	63
n03937543_370.JPEG	37	21	63	46
n03937543_490.JPEG	0	40	13	63
n03937543_174.JPEG	0	0	19	24
n03937543_375.JPEG	11	18	63	51
n03937543_30.JPEG	22	0	62	63
n03937543_340.JPEG	6	3	31	61
n03937543_299.JPEG	8	1	56	63
n03937543_228.JPEG	20	15	43	63
n03937543_473.JPEG	29	1	63	63
n03937543_359.JPEG	4	14	31	62
n03937543_305.JPEG	19	0	61	28
n03937543_416.JPEG	40	2	63	59
n03937543_282.JPEG	28	14	41	35
n03937543_311.JPEG	0	11	36	38
n03937543_97.JPEG	17	9	40	36
n03937543_45.JPEG	23	12	59	44
n03937543_47.JPEG	0	0	49	33
n03937543_498.JPEG	27	25	42	50
n03937543_437.JPEG	47	4	63	58
n03937543_190.JPEG	36	21	52	50
n03937543_204.JPEG	17	0	53	63
n03937543_85.JPEG	16	1	49	63
n03937543_230.JPEG	7	0	55	63
n03937543_431.JPEG	9	0	56	63
n03937543_240.JPEG	2	0	62	63
n03937543_456.JPEG	32	5	63	26
n03937543_338.JPEG	42	7	62	51
n03937543_213.JPEG	5	0	22	32
n03937543_253.JPEG	22	9	63	63
n03937543_328.JPEG	13	20	50	44
n03937543_77.JPEG	14	0	62	63
n03937543_123.JPEG	20	6	48	61
n03937543_52.JPEG	0	0	63	63
n03937543_244.JPEG	14	3	63	51
n03937543_117.JPEG	0	2	47	45
n03937543_132.JPEG	0	0	41	22
n03937543_53.JPEG	18	14	49	60
n03937543_280.JPEG	12	9	48	45
n03937543_38.JPEG	38	0	63	37
n03937543_98.JPEG	0	5	22	44
n03937543_376.JPEG	0	0	63	63
n03937543_177.JPEG	3	4	33	57
n03937543_184.JPEG	0	0	38	38
n03937543_175.JPEG	0	29	61	59
n03937543_151.JPEG	9	0	53	63
n03937543_329.JPEG	46	37	63	62
n03937543_400.JPEG	0	1	29	28
n03937543_251.JPEG	7	0	47	44
n03937543_367.JPEG	19	11	42	58
n03937543_249.JPEG	21	5	36	31
n03937543_346.JPEG	0	0	32	27
n03937543_41.JPEG	6	0	58	38
n03937543_76.JPEG	10	1	42	61
n03937543_300.JPEG	6	1	49	63
n03937543_438.JPEG	9	0	45	55
n03937543_323.JPEG	25	13	40	48
n03937543_80.JPEG	17	11	37	35
n03937543_356.JPEG	39	2	63	21
n03937543_470.JPEG	44	12	63	33
n03937543_433.JPEG	8	3	53	63
n03937543_276.JPEG	11	11	31	61
n03937543_164.JPEG	12	0	53	63
n03937543_428.JPEG	30	41	39	53
n03937543_57.JPEG	29	9	51	57
n03937543_19.JPEG	38	16	63	54
n03937543_372.JPEG	1	5	30	60
n03937543_381.JPEG	8	0	63	41
n03937543_413.JPEG	25	16	52	32
n03937543_391.JPEG	27	0	62	63
n03937543_73.JPEG	24	3	63	47
n03937543_364.JPEG	18	3	47	63
n03937543_349.JPEG	6	0	50	63
n03937543_198.JPEG	3	0	45	51
n03937543_182.JPEG	31	0	62	63
n03937543_150.JPEG	50	0	63	23
n03937543_153.JPEG	15	22	63	63
n03937543_201.JPEG	10	3	32	61
n03937543_239.JPEG	27	16	39	63
n03937543_352.JPEG	33	12	57	49
n03937543_128.JPEG	0	18	18	52
n03937543_23.JPEG	23	14	41	47
n03937543_422.JPEG	0	0	27	31
n03937543_255.JPEG	36	5	63	63
n03937543_5.JPEG	16	1	35	62
n03937543_29.JPEG	54	20	63	51
n03937543_350.JPEG	14	0	50	36
n03937543_126.JPEG	0	0	63	63
n03937543_316.JPEG	24	2	46	46
n03937543_95.JPEG	3	20	13	38
n03937543_336.JPEG	12	0	52	63
n03937543_163.JPEG	16	16	48	60
n03937543_261.JPEG	0	1	33	55
n03937543_383.JPEG	23	7	63	39
n03937543_183.JPEG	2	0	55	63
n03937543_459.JPEG	0	2	51	49
n03937543_339.JPEG	13	0	53	61
n03937543_275.JPEG	0	13	28	38
n03937543_227.JPEG	21	20	63	44
n03937543_302.JPEG	22	40	41	63
n03937543_2.JPEG	13	1	54	58
n03937543_447.JPEG	0	15	63	56
n03937543_297.JPEG	28	0	49	40
n03937543_492.JPEG	20	0	50	63
n03937543_472.JPEG	32	18	56	43
n03937543_219.JPEG	18	30	34	59
n03937543_313.JPEG	15	16	43	63
n03937543_172.JPEG	31	2	63	41
n03937543_56.JPEG	10	1	60	63
n03937543_386.JPEG	26	0	63	22
n03937543_166.JPEG	20	9	49	47
n03937543_135.JPEG	0	1	27	58
n03937543_481.JPEG	7	13	28	49
n03937543_159.JPEG	7	27	38	63
n03937543_426.JPEG	0	3	38	59
n03937543_20.JPEG	0	1	33	27
n03937543_436.JPEG	16	15	44	63
n03937543_443.JPEG	3	11	49	63
n03937543_214.JPEG	22	9	43	46
n03937543_137.JPEG	6	1	61	63
n03937543_215.JPEG	21	10	44	58
n03937543_134.JPEG	0	14	19	53
n03937543_480.JPEG	11	10	42	51
n03937543_417.JPEG	28	24	56	62
n03937543_91.JPEG	18	1	55	63
n03937543_12.JPEG	8	13	31	58
n03937543_176.JPEG	32	0	63	21
n03937543_396.JPEG	26	10	63	39
n03937543_393.JPEG	0	1	63	63
n03937543_321.JPEG	11	9	31	63
n03937543_471.JPEG	7	0	58	63
n03937543_277.JPEG	4	0	36	54
n03937543_138.JPEG	0	0	63	63
n03937543_449.JPEG	19	52	41	63
n03937543_324.JPEG	5	45	14	58
n03937543_130.JPEG	13	0	46	26
n03937543_162.JPEG	47	14	63	52
n03937543_306.JPEG	15	0	63	28
n03937543_327.JPEG	14	0	53	63
n03937543_334.JPEG	0	1	37	32
n03937543_354.JPEG	8	0	47	63
n03937543_455.JPEG	10	8	36	56
n03937543_92.JPEG	9	0	56	63
n03937543_319.JPEG	14	0	53	63
n03937543_469.JPEG	29	19	38	40
n03937543_243.JPEG	46	26	61	50
n03937543_397.JPEG	8	0	57	63
n03937543_199.JPEG	19	0	61	15
n03937543_457.JPEG	31	7	61	59
n03937543_310.JPEG	27	0	55	61
n03937543_100.JPEG	33	0	63	46
n03937543_24.JPEG	10	0	56	63
n03937543_298.JPEG	23	18	38	43
n03937543_384.JPEG	8	0	55	63
n03937543_34.JPEG	8	2	48	31
n03937543_186.JPEG	7	0	58	63
n03937543_488.JPEG	31	14	53	49
n03937543_351.JPEG	17	1	49	63
n03937543_403.JPEG	13	15	44	40
n03937543_238.JPEG	13	11	35	39
n03937543_344.JPEG	25	12	45	52
n03937543_9.JPEG	0	17	48	48
n03937543_333.JPEG	14	6	38	52
n03937543_241.JPEG	0	9	21	55
n03937543_325.JPEG	10	0	41	26
n03937543_474.JPEG	32	10	63	42
n03937543_495.JPEG	5	8	61	63
n03937543_435.JPEG	0	5	17	39
n03937543_318.JPEG	10	9	46	30
n03937543_200.JPEG	42	0	63	36
n03937543_440.JPEG	0	0	63	63
n03937543_74.JPEG	1	1	63	63
n03937543_460.JPEG	0	7	8	37
n03937543_79.JPEG	52	61	63	63
n03937543_54.JPEG	26	10	42	52
n03937543_308.JPEG	14	5	53	63
n03937543_465.JPEG	0	28	18	50
n03937543_348.JPEG	21	0	63	47
n03937543_170.JPEG	0	29	10	61
n03937543_283.JPEG	0	21	40	52
n03937543_191.JPEG	0	24	10	60
n03937543_110.JPEG	5	3	35	63
n03937543_245.JPEG	3	0	58	63
n03937543_89.JPEG	0	16	24	49
n03937543_287.JPEG	7	0	54	36
n03937543_499.JPEG	37	21	45	28
n03937543_232.JPEG	0	1	63	63
n03937543_82.JPEG	17	6	54	63
n03937543_265.JPEG	30	10	63	33
n03937543_406.JPEG	13	0	53	63
n03937543_489.JPEG	20	10	43	52
n03937543_304.JPEG	49	50	58	63
n03937543_434.JPEG	0	11	63	50
n03937543_405.JPEG	33	31	63	56
n03937543_87.JPEG	3	0	47	63
n03937543_119.JPEG	0	0	22	59
n03937543_315.JPEG	48	44	61	63
n03937543_70.JPEG	6	0	58	63
n03937543_461.JPEG	45	0	63	63
n03937543_430.JPEG	5	1	59	27
n03937543_379.JPEG	0	1	40	38
n03937543_187.JPEG	11	16	30	57
n03937543_59.JPEG	21	1	38	33
n03937543_369.JPEG	43	52	58	63
n03937543_337.JPEG	26	3	63	54
n03937543_120.JPEG	43	26	63	43
n03937543_68.JPEG	0	40	63	63
n03937543_281.JPEG	7	1	52	15
n03937543_264.JPEG	33	4	54	44
n03937543_58.JPEG	17	14	43	63
n03937543_179.JPEG	28	34	47	60
n03937543_444.JPEG	4	0	42	63
n03937543_168.JPEG	18	15	58	57
n03937543_181.JPEG	19	1	44	62
n03937543_355.JPEG	8	0	49	33
n03937543_16.JPEG	0	1	24	42
n03937543_357.JPEG	16	2	42	20
n03937543_479.JPEG	0	0	46	63
n03937543_143.JPEG	10	15	55	56
n03937543_36.JPEG	15	5	44	56
n03937543_131.JPEG	30	5	44	39
n03937543_407.JPEG	0	1	63	32
n03937543_454.JPEG	42	17	63	44
n03937543_139.JPEG	0	0	63	63
n03937543_0.JPEG	0	1	63	63
n03937543_415.JPEG	26	11	43	39
n03937543_307.JPEG	9	26	32	46
n03937543_382.JPEG	0	3	63	62
n03937543_303.JPEG	0	0	63	63
n03937543_246.JPEG	24	20	47	42
n03937543_309.JPEG	0	0	39	43
n03937543_114.JPEG	26	0	61	40
n03937543_193.JPEG	18	0	63	35
n03937543_67.JPEG	39	5	63	57
n03937543_288.JPEG	20	4	57	38
n03937543_78.JPEG	4	0	60	63
n03937543_211.JPEG	23	43	37	54
n03937543_42.JPEG	10	0	47	40
n03937543_256.JPEG	5	0	48	63
n03937543_231.JPEG	21	0	63	37
n03937543_205.JPEG	23	18	59	63
n03937543_84.JPEG	19	27	42	44
n03937543_107.JPEG	9	0	38	58
n03937543_192.JPEG	31	0	63	28
n03937543_389.JPEG	10	0	36	40
n03937543_125.JPEG	11	0	45	28
n03937543_248.JPEG	8	0	60	63
n03937543_225.JPEG	11	24	31	62
n03937543_158.JPEG	34	9	56	59
n03937543_171.JPEG	17	0	60	58
n03937543_21.JPEG	0	0	63	63
n03937543_64.JPEG	17	21	34	40
n03937543_122.JPEG	34	28	46	46
n03937543_421.JPEG	9	27	25	44
n03937543_161.JPEG	0	1	36	44
n03937543_345.JPEG	40	2	63	63
n03937543_419.JPEG	3	0	59	63
n03937543_13.JPEG	7	0	47	27
n03937543_342.JPEG	0	0	63	63
n03937543_377.JPEG	5	0	55	63
n03937543_146.JPEG	6	4	34	62
n03937543_217.JPEG	26	4	51	51
n03937543_149.JPEG	0	0	63	63
n03937543_446.JPEG	39	0	63	26
n03937543_206.JPEG	30	0	50	23
n03937543_475.JPEG	23	8	46	58
n03937543_441.JPEG	10	1	52	32
n03937543_180.JPEG	0	1	40	41
n03937543_330.JPEG	19	24	48	60
n03937543_408.JPEG	35	16	63	57
n03937543_208.JPEG	7	0	54	63
n03937543_385.JPEG	30	43	40	63
n03937543_26.JPEG	31	0	63	57
n03937543_203.JPEG	26	5	59	39
n03937543_90.JPEG	45	51	58	63
n03937543_289.JPEG	20	0	63	25
n03937543_445.JPEG	24	19	41	59
n03937543_127.JPEG	29	1	60	26
n03937543_374.JPEG	25	2	51	50
n03937543_320.JPEG	0	0	15	28
n03937543_380.JPEG	10	27	17	42
n03937543_152.JPEG	0	7	19	63
n03937543_15.JPEG	14	0	48	58
n03937543_486.JPEG	4	1	56	63
n03937543_452.JPEG	0	0	63	60
n03937543_94.JPEG	31	2	61	63
n03937543_301.JPEG	7	9	37	52
n03937543_27.JPEG	0	13	37	36
n03937543_6.JPEG	4	8	63	54
n03937543_81.JPEG	11	30	50	54
n03937543_133.JPEG	30	26	39	34
n03937543_210.JPEG	14	0	48	63
n03937543_343.JPEG	24	10	63	53
n03937543_258.JPEG	21	8	43	61
n03937543_88.JPEG	0	1	42	34
n03937543_496.JPEG	0	3	58	63
n03937543_154.JPEG	23	33	42	63
n03937543_106.JPEG	5	0	30	63
n03937543_103.JPEG	13	6	63	43
n03937543_394.JPEG	44	19	63	63
n03937543_242.JPEG	25	45	44	62
n03937543_69.JPEG	3	0	61	63
n03937543_314.JPEG	3	0	60	63
n03937543_237.JPEG	0	0	17	35
n03937543_414.JPEG	13	0	52	63
n03937543_101.JPEG	20	9	46	55
n03937543_464.JPEG	17	1	63	38
n03937543_483.JPEG	0	24	42	63
n03937543_427.JPEG	0	21	21	63
n03937543_312.JPEG	11	0	53	63
n03937543_112.JPEG	16	0	50	60
n03937543_477.JPEG	20	1	38	38
n03937543_373.JPEG	1	0	36	63
n03937543_254.JPEG	0	1	28	58
n03937543_105.JPEG	11	29	57	50
n03937543_223.JPEG	0	30	38	58
n03937543_221.JPEG	0	0	52	28
n03937543_322.JPEG	8	1	55	62
n03937543_207.JPEG	20	30	43	41
n03937543_360.JPEG	7	8	57	56
n03937543_75.JPEG	7	2	33	20
n03937543_235.JPEG	0	0	28	63
n03937543_247.JPEG	23	39	48	63
n03937543_33.JPEG	26	50	35	63
n03937543_458.JPEG	2	1	55	38
n03937543_341.JPEG	19	0	56	60
n03937543_478.JPEG	20	7	41	63
n03937543_155.JPEG	30	0	48	32
n03937543_484.JPEG	7	0	35	48
n03937543_173.JPEG	1	0	62	63
n03937543_295.JPEG	38	13	54	53
n03937543_11.JPEG	13	2	53	56
n03937543_462.JPEG	23	0	53	63
n03937543_476.JPEG	12	0	53	63
n03937543_140.JPEG	31	32	58	56
n03937543_347.JPEG	12	9	33	49
n03937543_332.JPEG	0	0	19	32
n03937543_118.JPEG	22	33	55	51
n03937543_442.JPEG	16	26	31	53
n03937543_293.JPEG	0	4	53	39
n03937543_418.JPEG	3	0	52	56
n03937543_286.JPEG	0	1	39	43
n03937543_387.JPEG	0	0	33	28
n03937543_86.JPEG	60	34	63	50
n03937543_361.JPEG	14	14	33	42
n03937543_226.JPEG	0	20	32	60
n03937543_390.JPEG	0	1	63	61
n03937543_195.JPEG	20	59	31	63
val_5328.JPEG	5	0	57	63
val_8361.JPEG	2	0	63	37
val_7728.JPEG	0	21	23	61
val_3811.JPEG	15	8	48	57
val_9296.JPEG	33	8	63	54
val_5092.JPEG	12	0	46	39
val_4879.JPEG	50	18	63	44
val_5073.JPEG	21	14	61	55
val_4184.JPEG	0	0	56	63
val_1222.JPEG	16	0	54	30
val_2824.JPEG	24	11	48	44
val_5146.JPEG	4	1	44	63
val_4386.JPEG	3	3	63	63
val_2248.JPEG	15	7	63	63
val_6373.JPEG	5	0	47	49
val_9645.JPEG	0	7	63	63
val_8942.JPEG	16	0	56	63
val_33.JPEG	2	0	52	55
val_2718.JPEG	27	34	47	45
val_3227.JPEG	1	0	38	62
val_5441.JPEG	28	21	33	29
val_3076.JPEG	0	1	63	57
val_4110.JPEG	36	2	63	45
val_5706.JPEG	19	18	61	42
val_1315.JPEG	42	1	63	29
val_6357.JPEG	0	1	25	33
val_3649.JPEG	0	8	21	63
val_5490.JPEG	0	0	63	63
val_3843.JPEG	23	16	61	63
val_4556.JPEG	20	14	52	33
val_8267.JPEG	0	3	18	38
val_1280.JPEG	47	18	62	42
val_9532.JPEG	26	14	55	42
val_5833.JPEG	47	32	55	60
val_2519.JPEG	34	3	61	44
