n03733131_481.JPEG	32	21	34	54
n03733131_98.JPEG	0	9	63	62
n03733131_89.JPEG	8	21	63	60
n03733131_349.JPEG	27	0	56	63
n03733131_127.JPEG	30	1	35	46
n03733131_40.JPEG	0	1	63	59
n03733131_42.JPEG	29	0	45	42
n03733131_179.JPEG	0	11	63	57
n03733131_91.JPEG	0	0	63	49
n03733131_254.JPEG	27	0	36	63
n03733131_332.JPEG	0	0	63	63
n03733131_0.JPEG	3	0	62	63
n03733131_469.JPEG	47	0	63	63
n03733131_109.JPEG	0	6	63	49
n03733131_330.JPEG	0	0	63	50
n03733131_23.JPEG	24	0	33	63
n03733131_113.JPEG	33	7	39	35
n03733131_412.JPEG	0	0	63	63
n03733131_83.JPEG	11	17	50	54
n03733131_273.JPEG	17	7	24	63
n03733131_301.JPEG	2	12	60	36
n03733131_137.JPEG	0	2	63	37
n03733131_82.JPEG	27	1	35	50
n03733131_357.JPEG	1	0	8	47
n03733131_125.JPEG	22	0	27	48
n03733131_38.JPEG	2	1	63	61
n03733131_358.JPEG	34	0	63	63
n03733131_191.JPEG	10	0	47	63
n03733131_492.JPEG	0	11	63	53
n03733131_402.JPEG	40	2	47	33
n03733131_159.JPEG	0	1	63	51
n03733131_150.JPEG	10	0	63	48
n03733131_428.JPEG	27	1	32	17
n03733131_414.JPEG	30	6	36	63
n03733131_435.JPEG	16	10	41	63
n03733131_498.JPEG	0	0	63	63
n03733131_338.JPEG	47	10	51	43
n03733131_278.JPEG	9	1	50	51
n03733131_368.JPEG	0	0	59	41
n03733131_382.JPEG	35	1	39	53
n03733131_483.JPEG	29	6	47	58
n03733131_452.JPEG	19	0	27	58
n03733131_413.JPEG	29	4	40	63
n03733131_9.JPEG	46	0	54	60
n03733131_28.JPEG	3	0	63	63
n03733131_140.JPEG	24	8	27	40
n03733131_324.JPEG	22	0	63	41
n03733131_280.JPEG	30	4	43	45
n03733131_351.JPEG	38	0	49	45
n03733131_173.JPEG	0	0	50	63
n03733131_138.JPEG	0	24	63	53
n03733131_458.JPEG	47	0	55	59
n03733131_176.JPEG	26	0	40	63
n03733131_205.JPEG	0	0	63	63
n03733131_50.JPEG	7	0	63	50
n03733131_431.JPEG	0	0	63	42
n03733131_207.JPEG	19	0	57	53
n03733131_270.JPEG	27	0	38	63
n03733131_288.JPEG	11	0	54	63
n03733131_58.JPEG	23	0	41	56
n03733131_392.JPEG	27	25	38	63
n03733131_395.JPEG	29	0	38	51
n03733131_370.JPEG	28	0	40	59
n03733131_156.JPEG	0	15	63	48
n03733131_381.JPEG	0	3	63	51
n03733131_94.JPEG	29	11	34	63
n03733131_75.JPEG	24	2	38	45
n03733131_115.JPEG	28	0	48	48
n03733131_188.JPEG	0	9	63	50
n03733131_313.JPEG	7	0	22	63
n03733131_388.JPEG	0	5	63	49
n03733131_459.JPEG	24	16	29	48
n03733131_441.JPEG	0	18	63	63
n03733131_311.JPEG	37	0	42	53
n03733131_148.JPEG	10	18	50	43
n03733131_155.JPEG	36	7	42	38
n03733131_486.JPEG	50	3	55	63
n03733131_279.JPEG	0	8	63	60
n03733131_100.JPEG	11	5	41	40
n03733131_401.JPEG	0	4	54	42
n03733131_343.JPEG	33	3	41	42
n03733131_444.JPEG	24	1	27	53
n03733131_317.JPEG	1	0	63	63
n03733131_499.JPEG	24	0	37	63
n03733131_43.JPEG	49	7	51	41
n03733131_132.JPEG	0	9	58	39
n03733131_485.JPEG	0	0	63	63
n03733131_185.JPEG	23	6	27	23
n03733131_97.JPEG	0	5	63	47
n03733131_482.JPEG	18	7	31	43
n03733131_430.JPEG	31	0	34	54
n03733131_77.JPEG	0	2	63	53
n03733131_6.JPEG	1	0	63	63
n03733131_448.JPEG	0	7	61	54
n03733131_236.JPEG	26	1	29	48
n03733131_119.JPEG	5	2	9	41
n03733131_390.JPEG	0	11	63	63
n03733131_334.JPEG	4	0	63	51
n03733131_73.JPEG	12	9	29	52
n03733131_426.JPEG	30	1	43	33
n03733131_323.JPEG	22	0	35	45
n03733131_231.JPEG	31	11	33	43
n03733131_134.JPEG	22	9	40	61
n03733131_460.JPEG	36	4	63	33
n03733131_463.JPEG	7	0	40	62
n03733131_491.JPEG	49	17	58	63
n03733131_321.JPEG	28	7	35	36
n03733131_466.JPEG	37	0	46	63
n03733131_223.JPEG	17	0	28	54
n03733131_182.JPEG	6	5	63	63
n03733131_106.JPEG	0	0	63	55
n03733131_409.JPEG	14	9	31	57
n03733131_48.JPEG	20	0	56	63
n03733131_300.JPEG	23	0	32	52
n03733131_403.JPEG	0	18	63	61
n03733131_32.JPEG	30	0	39	63
n03733131_68.JPEG	32	4	37	31
n03733131_449.JPEG	36	0	44	48
n03733131_354.JPEG	0	1	63	52
n03733131_84.JPEG	14	0	24	48
n03733131_122.JPEG	0	2	63	54
n03733131_462.JPEG	8	0	13	44
n03733131_424.JPEG	27	14	35	63
n03733131_389.JPEG	37	1	40	55
n03733131_372.JPEG	0	0	63	30
n03733131_290.JPEG	16	0	60	63
n03733131_292.JPEG	0	0	63	60
n03733131_103.JPEG	18	3	40	41
n03733131_356.JPEG	6	0	51	63
n03733131_367.JPEG	6	6	44	36
n03733131_218.JPEG	0	30	63	63
n03733131_31.JPEG	37	14	38	32
n03733131_243.JPEG	4	1	61	63
n03733131_60.JPEG	19	0	22	3
n03733131_214.JPEG	0	17	61	48
n03733131_385.JPEG	0	0	63	47
n03733131_268.JPEG	33	7	39	15
n03733131_167.JPEG	0	3	63	48
n03733131_90.JPEG	8	22	51	39
n03733131_420.JPEG	0	0	63	63
n03733131_224.JPEG	39	3	44	39
n03733131_287.JPEG	28	1	35	50
n03733131_440.JPEG	8	3	63	46
n03733131_198.JPEG	0	14	31	55
n03733131_202.JPEG	28	5	34	58
n03733131_228.JPEG	0	4	63	39
n03733131_497.JPEG	2	0	37	63
n03733131_277.JPEG	5	6	59	45
n03733131_246.JPEG	25	3	30	48
n03733131_196.JPEG	11	15	63	36
n03733131_25.JPEG	0	2	63	60
n03733131_99.JPEG	0	1	63	51
n03733131_70.JPEG	0	1	63	63
n03733131_2.JPEG	0	0	63	47
n03733131_373.JPEG	30	15	34	43
n03733131_145.JPEG	35	1	45	35
n03733131_380.JPEG	0	1	63	52
n03733131_181.JPEG	0	0	59	58
n03733131_371.JPEG	0	19	63	56
n03733131_5.JPEG	38	3	41	44
n03733131_248.JPEG	0	0	63	27
n03733131_410.JPEG	17	0	34	60
n03733131_265.JPEG	0	12	63	42
n03733131_421.JPEG	2	0	63	43
n03733131_427.JPEG	0	0	63	38
n03733131_326.JPEG	53	0	63	63
n03733131_187.JPEG	0	1	63	63
n03733131_174.JPEG	32	22	38	52
n03733131_399.JPEG	30	13	33	38
n03733131_204.JPEG	0	3	63	43
n03733131_180.JPEG	34	1	40	30
n03733131_12.JPEG	44	0	49	60
n03733131_41.JPEG	0	0	63	63
n03733131_433.JPEG	25	0	42	63
n03733131_394.JPEG	0	5	0	42
n03733131_264.JPEG	24	20	27	48
n03733131_220.JPEG	22	0	38	57
n03733131_178.JPEG	0	0	63	63
n03733131_329.JPEG	19	0	25	63
n03733131_344.JPEG	24	0	36	45
n03733131_325.JPEG	54	0	56	55
n03733131_141.JPEG	34	18	38	38
n03733131_209.JPEG	25	0	35	27
n03733131_398.JPEG	28	4	37	49
n03733131_350.JPEG	30	12	33	33
n03733131_88.JPEG	5	0	63	60
n03733131_316.JPEG	21	0	42	63
n03733131_299.JPEG	19	0	24	63
n03733131_387.JPEG	0	9	63	50
n03733131_352.JPEG	0	0	63	63
n03733131_384.JPEG	0	0	63	63
n03733131_186.JPEG	32	5	44	50
n03733131_310.JPEG	36	19	40	39
n03733131_128.JPEG	45	0	52	63
n03733131_85.JPEG	0	0	63	45
n03733131_359.JPEG	24	0	37	34
n03733131_242.JPEG	0	6	59	51
n03733131_124.JPEG	0	1	63	36
n03733131_102.JPEG	1	0	63	37
n03733131_54.JPEG	0	4	56	40
n03733131_400.JPEG	0	1	7	50
n03733131_110.JPEG	31	17	35	31
n03733131_142.JPEG	10	0	38	53
n03733131_216.JPEG	0	6	63	63
n03733131_423.JPEG	1	1	63	42
n03733131_78.JPEG	0	4	63	50
n03733131_468.JPEG	25	0	37	63
n03733131_487.JPEG	14	0	54	63
n03733131_345.JPEG	5	12	10	43
n03733131_437.JPEG	0	8	63	42
n03733131_285.JPEG	40	0	50	60
n03733131_309.JPEG	37	0	45	59
n03733131_55.JPEG	28	0	35	63
n03733131_222.JPEG	7	3	18	58
n03733131_434.JPEG	25	0	32	47
n03733131_21.JPEG	12	0	53	63
n03733131_123.JPEG	6	0	14	63
n03733131_453.JPEG	33	0	40	29
n03733131_377.JPEG	36	6	41	26
n03733131_44.JPEG	0	6	63	52
n03733131_11.JPEG	32	19	37	45
n03733131_422.JPEG	6	10	63	63
n03733131_20.JPEG	28	0	37	9
n03733131_303.JPEG	17	29	63	50
n03733131_319.JPEG	57	0	63	20
n03733131_7.JPEG	53	1	63	32
n03733131_144.JPEG	29	4	32	25
n03733131_406.JPEG	49	1	58	63
n03733131_362.JPEG	18	0	21	50
n03733131_203.JPEG	19	0	26	63
n03733131_81.JPEG	0	9	63	63
n03733131_116.JPEG	28	1	41	58
n03733131_266.JPEG	3	11	7	56
n03733131_249.JPEG	0	22	63	59
n03733131_49.JPEG	0	4	63	63
n03733131_157.JPEG	0	0	63	43
n03733131_71.JPEG	28	0	48	58
n03733131_16.JPEG	28	2	36	53
n03733131_294.JPEG	29	0	40	47
n03733131_476.JPEG	21	0	42	41
n03733131_64.JPEG	23	3	44	63
n03733131_164.JPEG	28	0	30	34
n03733131_337.JPEG	35	0	43	63
n03733131_112.JPEG	46	1	50	44
n03733131_355.JPEG	2	8	63	63
n03733131_96.JPEG	24	2	41	62
n03733131_166.JPEG	27	4	31	37
n03733131_415.JPEG	23	0	55	63
n03733131_120.JPEG	24	9	37	63
n03733131_376.JPEG	15	14	60	59
n03733131_365.JPEG	7	1	63	60
n03733131_146.JPEG	3	12	62	47
n03733131_302.JPEG	17	0	36	63
n03733131_76.JPEG	1	0	63	38
n03733131_162.JPEG	23	0	48	63
n03733131_494.JPEG	14	0	46	63
n03733131_396.JPEG	26	0	30	63
n03733131_467.JPEG	0	1	63	63
n03733131_443.JPEG	30	19	35	40
n03733131_92.JPEG	26	0	44	63
n03733131_210.JPEG	0	0	39	63
n03733131_260.JPEG	51	0	58	39
n03733131_170.JPEG	1	0	61	63
n03733131_143.JPEG	20	24	42	63
n03733131_133.JPEG	1	0	63	61
n03733131_229.JPEG	33	0	37	58
n03733131_135.JPEG	1	0	63	63
n03733131_183.JPEG	1	15	63	63
n03733131_36.JPEG	0	8	63	44
n03733131_438.JPEG	23	11	31	34
n03733131_404.JPEG	4	6	63	58
n03733131_66.JPEG	13	0	34	63
n03733131_269.JPEG	27	38	35	63
n03733131_169.JPEG	28	1	59	63
n03733131_275.JPEG	0	0	63	63
n03733131_429.JPEG	0	0	63	63
n03733131_328.JPEG	0	2	63	63
n03733131_35.JPEG	7	0	52	63
n03733131_190.JPEG	0	15	63	63
n03733131_262.JPEG	0	14	49	52
n03733131_184.JPEG	16	1	25	50
n03733131_419.JPEG	24	8	39	56
n03733131_464.JPEG	54	11	63	63
n03733131_296.JPEG	24	0	33	63
n03733131_341.JPEG	31	10	34	36
n03733131_230.JPEG	0	16	63	63
n03733131_446.JPEG	33	10	37	48
n03733131_4.JPEG	0	0	63	63
n03733131_171.JPEG	24	0	41	63
n03733131_307.JPEG	0	1	63	63
n03733131_361.JPEG	26	0	41	46
n03733131_281.JPEG	37	0	42	56
n03733131_479.JPEG	31	15	37	35
n03733131_364.JPEG	42	0	51	63
n03733131_232.JPEG	0	0	63	63
n03733131_258.JPEG	0	0	63	63
n03733131_104.JPEG	0	3	63	50
n03733131_165.JPEG	24	0	28	63
n03733131_257.JPEG	20	0	49	63
n03733131_131.JPEG	1	0	63	63
n03733131_175.JPEG	0	12	63	50
n03733131_391.JPEG	30	0	47	63
n03733131_353.JPEG	33	1	45	45
n03733131_86.JPEG	0	16	63	30
n03733131_327.JPEG	37	0	46	63
n03733131_10.JPEG	0	3	63	36
n03733131_117.JPEG	29	14	30	32
n03733131_418.JPEG	30	0	39	63
n03733131_26.JPEG	0	0	63	48
n03733131_286.JPEG	9	14	63	52
n03733131_339.JPEG	26	0	45	63
n03733131_342.JPEG	0	1	63	63
n03733131_14.JPEG	32	3	41	46
n03733131_22.JPEG	24	0	45	63
n03733131_256.JPEG	0	0	63	53
n03733131_312.JPEG	11	0	63	51
n03733131_29.JPEG	4	11	48	63
n03733131_347.JPEG	1	19	53	37
n03733131_163.JPEG	4	20	63	63
n03733131_1.JPEG	28	1	31	44
n03733131_298.JPEG	0	1	63	50
n03733131_118.JPEG	1	0	63	59
n03733131_52.JPEG	63	0	63	39
n03733131_17.JPEG	0	18	62	63
n03733131_93.JPEG	60	2	63	40
n03733131_477.JPEG	1	0	63	63
n03733131_457.JPEG	0	7	63	37
n03733131_238.JPEG	29	9	32	49
n03733131_95.JPEG	0	0	58	63
n03733131_383.JPEG	0	6	63	40
n03733131_375.JPEG	8	10	49	63
n03733131_34.JPEG	0	1	63	43
n03733131_189.JPEG	17	1	45	59
n03733131_213.JPEG	25	8	39	53
n03733131_151.JPEG	0	6	63	62
n03733131_366.JPEG	22	0	28	59
n03733131_3.JPEG	29	11	37	50
n03733131_212.JPEG	0	16	63	63
n03733131_495.JPEG	0	5	63	54
n03733131_436.JPEG	20	0	36	63
n03733131_461.JPEG	0	0	63	45
n03733131_121.JPEG	35	0	38	41
n03733131_250.JPEG	38	1	45	63
n03733131_225.JPEG	10	24	63	51
n03733131_108.JPEG	0	0	63	63
n03733131_129.JPEG	32	0	34	27
n03733131_114.JPEG	0	0	63	63
n03733131_474.JPEG	25	4	63	61
n03733131_411.JPEG	30	2	36	42
n03733131_308.JPEG	4	22	6	38
val_8326.JPEG	31	3	35	44
val_9518.JPEG	28	0	40	63
val_4195.JPEG	23	8	63	63
val_6509.JPEG	0	0	63	63
val_6846.JPEG	6	0	63	42
val_1364.JPEG	35	26	38	42
val_3763.JPEG	1	0	63	63
val_4667.JPEG	29	0	33	61
val_2777.JPEG	0	0	63	63
val_3630.JPEG	35	22	38	35
val_5474.JPEG	33	6	41	56
val_107.JPEG	0	1	63	63
val_3705.JPEG	26	0	39	63
val_3201.JPEG	0	1	63	63
val_4105.JPEG	0	0	63	58
val_8694.JPEG	10	22	63	43
val_7152.JPEG	25	0	38	48
val_7142.JPEG	13	0	42	62
val_629.JPEG	22	0	28	39
val_6188.JPEG	8	4	47	55
val_5984.JPEG	1	0	63	63
val_4237.JPEG	31	0	50	55
val_2411.JPEG	26	3	32	37
val_8114.JPEG	27	3	36	44
val_781.JPEG	35	17	42	46
val_3161.JPEG	27	0	63	63
val_2047.JPEG	10	19	52	39
val_9843.JPEG	0	0	63	63
val_4674.JPEG	0	13	63	40
val_4663.JPEG	42	0	47	19
val_775.JPEG	0	6	63	51
val_6471.JPEG	0	0	63	54
val_3026.JPEG	25	0	35	55
val_8574.JPEG	0	10	60	63
val_3396.JPEG	28	8	30	33
