n02509815_318.JPEG	7	0	61	63
n02509815_221.JPEG	2	1	57	63
n02509815_272.JPEG	5	19	31	50
n02509815_350.JPEG	0	0	63	63
n02509815_63.JPEG	7	8	59	60
n02509815_249.JPEG	18	2	63	63
n02509815_88.JPEG	18	1	59	57
n02509815_161.JPEG	0	1	63	62
n02509815_135.JPEG	21	23	44	44
n02509815_203.JPEG	32	4	51	62
n02509815_476.JPEG	4	14	63	55
n02509815_136.JPEG	13	13	63	53
n02509815_57.JPEG	0	22	59	56
n02509815_429.JPEG	17	30	43	48
n02509815_35.JPEG	0	9	63	63
n02509815_107.JPEG	14	33	38	48
n02509815_30.JPEG	18	23	63	46
n02509815_140.JPEG	0	0	63	63
n02509815_53.JPEG	0	6	49	63
n02509815_227.JPEG	1	12	63	63
n02509815_408.JPEG	0	14	63	57
n02509815_105.JPEG	0	0	63	62
n02509815_185.JPEG	11	10	63	63
n02509815_355.JPEG	10	9	63	57
n02509815_159.JPEG	0	13	63	50
n02509815_420.JPEG	0	1	63	63
n02509815_496.JPEG	56	19	62	25
n02509815_172.JPEG	0	17	63	61
n02509815_389.JPEG	13	0	53	63
n02509815_407.JPEG	3	17	56	63
n02509815_326.JPEG	0	4	63	63
n02509815_494.JPEG	25	32	41	54
n02509815_103.JPEG	0	2	63	63
n02509815_235.JPEG	10	23	34	43
n02509815_28.JPEG	0	12	63	46
n02509815_468.JPEG	28	14	63	34
n02509815_418.JPEG	0	1	63	52
n02509815_359.JPEG	0	14	58	61
n02509815_19.JPEG	0	20	63	62
n02509815_209.JPEG	4	22	62	63
n02509815_384.JPEG	17	20	46	53
n02509815_441.JPEG	18	9	63	52
n02509815_217.JPEG	0	7	63	63
n02509815_181.JPEG	11	10	52	63
n02509815_469.JPEG	12	17	63	55
n02509815_25.JPEG	3	3	57	63
n02509815_312.JPEG	0	14	63	44
n02509815_246.JPEG	15	16	63	51
n02509815_22.JPEG	15	17	42	59
n02509815_122.JPEG	17	0	48	63
n02509815_10.JPEG	0	0	49	63
n02509815_201.JPEG	1	0	63	63
n02509815_377.JPEG	0	4	63	62
n02509815_467.JPEG	7	6	63	63
n02509815_442.JPEG	0	14	43	44
n02509815_428.JPEG	0	13	36	47
n02509815_301.JPEG	11	2	49	59
n02509815_475.JPEG	15	24	49	42
n02509815_471.JPEG	0	18	63	63
n02509815_258.JPEG	0	3	63	60
n02509815_485.JPEG	27	20	62	57
n02509815_292.JPEG	0	2	63	60
n02509815_108.JPEG	0	9	63	63
n02509815_257.JPEG	19	18	63	63
n02509815_414.JPEG	25	10	62	63
n02509815_379.JPEG	4	1	60	63
n02509815_348.JPEG	7	18	43	44
n02509815_352.JPEG	19	21	59	63
n02509815_340.JPEG	12	19	63	60
n02509815_317.JPEG	0	14	48	53
n02509815_219.JPEG	6	0	46	63
n02509815_47.JPEG	1	22	57	52
n02509815_491.JPEG	13	2	63	63
n02509815_464.JPEG	0	0	63	63
n02509815_129.JPEG	0	5	56	63
n02509815_206.JPEG	0	0	63	63
n02509815_48.JPEG	44	25	52	63
n02509815_120.JPEG	6	14	35	54
n02509815_403.JPEG	0	18	45	57
n02509815_126.JPEG	20	17	63	63
n02509815_270.JPEG	5	8	56	63
n02509815_341.JPEG	0	15	56	63
n02509815_483.JPEG	0	4	63	63
n02509815_96.JPEG	17	2	57	44
n02509815_23.JPEG	31	1	63	43
n02509815_488.JPEG	2	9	45	59
n02509815_329.JPEG	22	11	53	50
n02509815_439.JPEG	0	11	25	48
n02509815_125.JPEG	18	13	56	63
n02509815_252.JPEG	9	24	59	46
n02509815_296.JPEG	22	2	57	60
n02509815_73.JPEG	0	6	53	63
n02509815_79.JPEG	4	0	55	63
n02509815_205.JPEG	11	11	37	47
n02509815_288.JPEG	12	10	56	59
n02509815_98.JPEG	0	15	58	63
n02509815_453.JPEG	12	18	63	51
n02509815_232.JPEG	18	25	63	62
n02509815_3.JPEG	16	11	63	49
n02509815_192.JPEG	12	2	63	63
n02509815_444.JPEG	17	13	54	59
n02509815_248.JPEG	0	11	63	58
n02509815_415.JPEG	0	0	63	63
n02509815_290.JPEG	15	10	59	61
n02509815_223.JPEG	7	4	63	63
n02509815_380.JPEG	6	13	63	63
n02509815_204.JPEG	0	2	55	59
n02509815_314.JPEG	12	5	44	51
n02509815_336.JPEG	4	7	53	61
n02509815_328.JPEG	16	5	55	50
n02509815_398.JPEG	0	6	63	63
n02509815_356.JPEG	14	20	42	47
n02509815_495.JPEG	0	12	63	56
n02509815_74.JPEG	0	5	63	58
n02509815_417.JPEG	14	14	63	63
n02509815_339.JPEG	17	32	36	60
n02509815_33.JPEG	11	9	63	63
n02509815_435.JPEG	7	26	42	42
n02509815_24.JPEG	8	18	61	55
n02509815_208.JPEG	31	28	63	63
n02509815_400.JPEG	0	22	33	63
n02509815_289.JPEG	27	22	48	49
n02509815_215.JPEG	0	7	54	63
n02509815_343.JPEG	13	2	47	41
n02509815_433.JPEG	0	3	62	63
n02509815_295.JPEG	0	20	13	63
n02509815_166.JPEG	19	0	63	45
n02509815_153.JPEG	4	26	40	39
n02509815_15.JPEG	0	2	63	63
n02509815_202.JPEG	2	2	63	63
n02509815_402.JPEG	2	19	59	43
n02509815_394.JPEG	0	23	46	61
n02509815_499.JPEG	26	29	60	52
n02509815_357.JPEG	16	0	50	63
n02509815_134.JPEG	8	3	63	58
n02509815_274.JPEG	0	20	60	63
n02509815_382.JPEG	18	15	63	63
n02509815_242.JPEG	3	11	55	57
n02509815_178.JPEG	0	2	47	59
n02509815_431.JPEG	25	13	56	63
n02509815_43.JPEG	0	9	63	62
n02509815_70.JPEG	19	0	59	45
n02509815_5.JPEG	13	0	61	61
n02509815_354.JPEG	0	0	63	63
n02509815_255.JPEG	0	0	63	63
n02509815_157.JPEG	13	0	59	63
n02509815_282.JPEG	14	12	63	63
n02509815_71.JPEG	9	1	63	53
n02509815_174.JPEG	8	0	43	44
n02509815_116.JPEG	0	0	53	63
n02509815_207.JPEG	25	25	56	47
n02509815_17.JPEG	0	16	62	58
n02509815_34.JPEG	24	20	63	60
n02509815_51.JPEG	0	13	53	63
n02509815_281.JPEG	0	3	42	63
n02509815_424.JPEG	21	27	49	51
n02509815_459.JPEG	0	4	63	63
n02509815_104.JPEG	0	5	62	63
n02509815_50.JPEG	0	13	48	63
n02509815_371.JPEG	0	12	59	54
n02509815_347.JPEG	8	13	60	61
n02509815_190.JPEG	20	2	55	63
n02509815_78.JPEG	0	9	49	51
n02509815_112.JPEG	8	8	59	60
n02509815_176.JPEG	15	8	48	60
n02509815_144.JPEG	0	14	56	63
n02509815_262.JPEG	0	1	63	62
n02509815_97.JPEG	10	0	57	63
n02509815_36.JPEG	0	1	63	53
n02509815_162.JPEG	1	4	63	52
n02509815_383.JPEG	11	0	63	63
n02509815_91.JPEG	2	14	63	63
n02509815_42.JPEG	17	10	51	63
n02509815_58.JPEG	23	6	60	32
n02509815_8.JPEG	5	2	58	44
n02509815_463.JPEG	0	12	55	52
n02509815_346.JPEG	0	11	63	46
n02509815_406.JPEG	3	7	63	63
n02509815_448.JPEG	0	12	51	63
n02509815_113.JPEG	19	16	63	63
n02509815_130.JPEG	0	0	63	45
n02509815_321.JPEG	0	0	54	56
n02509815_472.JPEG	0	8	63	48
n02509815_189.JPEG	0	0	48	63
n02509815_143.JPEG	21	18	38	39
n02509815_85.JPEG	11	3	57	63
n02509815_11.JPEG	12	8	63	51
n02509815_111.JPEG	0	2	63	63
n02509815_155.JPEG	0	6	63	59
n02509815_244.JPEG	5	0	63	63
n02509815_438.JPEG	5	19	63	45
n02509815_423.JPEG	3	11	54	63
n02509815_119.JPEG	0	19	31	40
n02509815_489.JPEG	13	9	54	63
n02509815_99.JPEG	26	14	63	52
n02509815_325.JPEG	16	18	44	49
n02509815_388.JPEG	0	5	63	61
n02509815_264.JPEG	36	19	63	52
n02509815_278.JPEG	1	9	63	63
n02509815_261.JPEG	0	16	51	60
n02509815_449.JPEG	31	13	59	35
n02509815_21.JPEG	0	1	56	51
n02509815_214.JPEG	0	19	63	53
n02509815_154.JPEG	10	17	50	57
n02509815_110.JPEG	23	12	49	61
n02509815_434.JPEG	7	0	63	63
n02509815_41.JPEG	3	3	63	63
n02509815_303.JPEG	0	11	63	55
n02509815_77.JPEG	18	12	54	54
n02509815_409.JPEG	0	13	63	57
n02509815_196.JPEG	9	0	63	61
n02509815_392.JPEG	0	6	63	63
n02509815_273.JPEG	0	1	63	62
n02509815_450.JPEG	0	17	63	60
n02509815_139.JPEG	0	9	63	63
n02509815_177.JPEG	29	19	42	37
n02509815_267.JPEG	5	17	45	52
n02509815_436.JPEG	1	3	63	55
n02509815_458.JPEG	0	7	49	63
n02509815_170.JPEG	5	0	63	63
n02509815_2.JPEG	5	10	61	56
n02509815_0.JPEG	0	1	27	42
n02509815_460.JPEG	7	24	50	59
n02509815_426.JPEG	20	13	55	63
n02509815_179.JPEG	0	1	63	63
n02509815_62.JPEG	10	2	53	63
n02509815_168.JPEG	21	20	47	45
n02509815_175.JPEG	0	0	63	63
n02509815_275.JPEG	0	12	63	63
n02509815_160.JPEG	41	33	58	49
n02509815_391.JPEG	6	19	63	63
n02509815_49.JPEG	0	2	63	63
n02509815_164.JPEG	11	13	61	55
n02509815_404.JPEG	0	5	63	60
n02509815_338.JPEG	0	1	63	63
n02509815_265.JPEG	0	3	58	63
n02509815_490.JPEG	10	19	63	57
n02509815_360.JPEG	0	36	22	57
n02509815_243.JPEG	0	1	63	63
n02509815_123.JPEG	0	11	54	63
n02509815_180.JPEG	0	24	63	52
n02509815_305.JPEG	0	17	54	63
n02509815_64.JPEG	17	16	42	52
n02509815_100.JPEG	11	16	63	63
n02509815_222.JPEG	7	5	61	63
n02509815_373.JPEG	0	14	43	37
n02509815_197.JPEG	0	0	63	63
n02509815_276.JPEG	14	21	47	58
n02509815_309.JPEG	5	1	63	63
n02509815_20.JPEG	0	21	36	49
n02509815_7.JPEG	0	1	63	62
n02509815_163.JPEG	8	0	56	46
n02509815_89.JPEG	1	12	54	61
n02509815_287.JPEG	22	22	37	49
n02509815_283.JPEG	18	14	51	59
n02509815_187.JPEG	2	14	60	51
n02509815_65.JPEG	0	5	60	60
n02509815_385.JPEG	31	15	60	42
n02509815_218.JPEG	8	0	63	63
n02509815_498.JPEG	7	0	63	63
n02509815_90.JPEG	28	17	48	45
n02509815_353.JPEG	9	24	58	55
n02509815_440.JPEG	0	6	63	60
n02509815_228.JPEG	12	0	50	60
n02509815_95.JPEG	19	12	39	42
n02509815_200.JPEG	13	3	56	57
n02509815_367.JPEG	0	8	63	62
n02509815_6.JPEG	0	15	42	63
n02509815_259.JPEG	1	5	63	63
n02509815_59.JPEG	0	0	63	62
n02509815_311.JPEG	6	27	53	63
n02509815_94.JPEG	14	0	63	63
n02509815_132.JPEG	12	1	63	51
n02509815_193.JPEG	8	0	63	63
n02509815_115.JPEG	0	6	44	53
n02509815_293.JPEG	19	3	48	61
n02509815_234.JPEG	0	3	63	63
n02509815_114.JPEG	0	2	63	57
n02509815_240.JPEG	0	17	60	63
n02509815_83.JPEG	0	1	24	59
n02509815_466.JPEG	7	8	63	50
n02509815_141.JPEG	2	0	63	63
n02509815_344.JPEG	0	0	63	63
n02509815_86.JPEG	0	0	63	63
n02509815_199.JPEG	2	0	63	63
n02509815_286.JPEG	1	19	45	60
n02509815_124.JPEG	11	9	54	62
n02509815_271.JPEG	0	12	48	63
n02509815_425.JPEG	8	24	46	51
n02509815_29.JPEG	3	18	53	49
n02509815_188.JPEG	2	9	63	63
n02509815_386.JPEG	0	6	62	61
n02509815_470.JPEG	0	11	44	63
n02509815_101.JPEG	3	11	45	63
n02509815_40.JPEG	0	1	63	53
n02509815_454.JPEG	8	6	63	63
n02509815_376.JPEG	0	8	63	42
n02509815_412.JPEG	0	16	47	40
n02509815_333.JPEG	14	22	48	45
n02509815_12.JPEG	0	7	63	63
n02509815_445.JPEG	0	0	46	63
n02509815_224.JPEG	4	22	43	43
n02509815_432.JPEG	9	13	35	59
n02509815_315.JPEG	25	2	63	51
n02509815_372.JPEG	2	4	54	46
n02509815_462.JPEG	19	22	43	47
n02509815_277.JPEG	19	20	57	54
n02509815_102.JPEG	11	8	57	60
n02509815_378.JPEG	2	0	63	58
n02509815_413.JPEG	6	11	53	60
n02509815_14.JPEG	1	0	63	62
n02509815_480.JPEG	0	1	62	63
n02509815_430.JPEG	28	27	46	37
n02509815_416.JPEG	1	11	63	53
n02509815_93.JPEG	0	13	60	63
n02509815_253.JPEG	11	1	51	54
n02509815_260.JPEG	0	0	57	63
n02509815_225.JPEG	15	17	63	42
n02509815_165.JPEG	0	0	63	63
n02509815_327.JPEG	13	16	58	40
n02509815_106.JPEG	11	17	57	60
n02509815_332.JPEG	2	8	43	63
n02509815_82.JPEG	14	0	54	62
n02509815_212.JPEG	0	11	50	40
n02509815_198.JPEG	0	0	63	63
n02509815_213.JPEG	0	1	63	59
n02509815_147.JPEG	1	24	45	43
n02509815_269.JPEG	8	26	37	43
n02509815_75.JPEG	0	1	63	63
n02509815_297.JPEG	0	9	48	61
n02509815_313.JPEG	13	31	37	53
n02509815_60.JPEG	17	10	63	55
n02509815_437.JPEG	6	28	31	54
n02509815_158.JPEG	23	9	63	56
n02509815_171.JPEG	0	2	36	63
n02509815_169.JPEG	0	1	63	63
n02509815_182.JPEG	0	18	45	62
n02509815_32.JPEG	6	7	41	59
n02509815_349.JPEG	7	1	63	63
n02509815_361.JPEG	25	22	42	39
n02509815_1.JPEG	17	24	43	50
n02509815_80.JPEG	0	1	42	45
n02509815_142.JPEG	6	0	63	47
n02509815_390.JPEG	0	0	63	63
n02509815_127.JPEG	24	28	56	40
n02509815_320.JPEG	14	10	51	63
n02509815_375.JPEG	2	10	63	63
n02509815_369.JPEG	0	0	57	63
n02509815_250.JPEG	30	2	49	42
n02509815_254.JPEG	0	0	51	53
val_7601.JPEG	5	7	53	59
val_4213.JPEG	0	0	40	60
val_4217.JPEG	2	3	63	63
val_6680.JPEG	0	8	53	55
val_4369.JPEG	0	15	55	53
val_7214.JPEG	0	5	58	63
val_4430.JPEG	20	15	54	63
val_4343.JPEG	0	3	63	63
val_922.JPEG	18	11	63	50
val_1313.JPEG	6	30	39	49
val_5102.JPEG	12	0	59	63
val_1641.JPEG	25	20	63	56
val_8135.JPEG	0	20	38	63
val_5689.JPEG	10	12	63	58
val_2847.JPEG	0	6	63	55
val_1807.JPEG	33	14	48	30
val_3406.JPEG	9	13	55	61
val_8041.JPEG	26	5	63	27
val_6769.JPEG	4	16	56	44
val_503.JPEG	10	22	60	55
val_5884.JPEG	18	17	63	54
val_1215.JPEG	1	0	63	63
val_1500.JPEG	0	1	62	63
val_199.JPEG	13	23	63	43
val_3069.JPEG	0	14	52	63
val_7561.JPEG	20	0	63	43
val_1734.JPEG	0	5	54	63
val_3499.JPEG	4	9	63	62
val_6861.JPEG	0	2	61	63
val_1195.JPEG	19	17	62	45
val_8977.JPEG	0	7	54	63
val_1676.JPEG	8	1	63	63
val_6162.JPEG	11	23	63	47
val_6968.JPEG	0	15	63	62
val_5772.JPEG	12	12	36	61
