n03393912_429.JPEG	0	0	63	51
n03393912_395.JPEG	0	1	63	55
n03393912_132.JPEG	0	0	63	54
n03393912_414.JPEG	0	1	63	60
n03393912_416.JPEG	0	24	63	49
n03393912_43.JPEG	0	1	63	58
n03393912_235.JPEG	0	2	63	55
n03393912_417.JPEG	0	24	63	62
n03393912_149.JPEG	0	1	63	55
n03393912_20.JPEG	0	0	63	50
n03393912_246.JPEG	0	0	63	53
n03393912_432.JPEG	0	1	63	59
n03393912_477.JPEG	0	16	63	38
n03393912_73.JPEG	0	23	63	45
n03393912_187.JPEG	0	1	63	60
n03393912_9.JPEG	0	0	63	52
n03393912_180.JPEG	0	1	63	51
n03393912_78.JPEG	0	0	63	56
n03393912_218.JPEG	0	34	8	43
n03393912_31.JPEG	0	0	63	56
n03393912_494.JPEG	0	8	63	49
n03393912_240.JPEG	0	1	63	60
n03393912_410.JPEG	0	0	63	50
n03393912_224.JPEG	0	0	63	50
n03393912_313.JPEG	0	1	63	46
n03393912_175.JPEG	0	1	63	63
n03393912_247.JPEG	0	0	63	57
n03393912_260.JPEG	0	0	63	50
n03393912_486.JPEG	0	0	63	63
n03393912_365.JPEG	1	0	63	63
n03393912_249.JPEG	0	1	63	59
n03393912_444.JPEG	0	1	63	56
n03393912_118.JPEG	0	0	63	63
n03393912_5.JPEG	0	1	63	63
n03393912_435.JPEG	0	1	63	58
n03393912_412.JPEG	0	25	63	48
n03393912_480.JPEG	0	0	63	47
n03393912_245.JPEG	0	22	63	50
n03393912_343.JPEG	0	0	63	61
n03393912_211.JPEG	0	0	63	58
n03393912_358.JPEG	0	9	63	61
n03393912_402.JPEG	0	1	63	51
n03393912_263.JPEG	0	1	63	63
n03393912_328.JPEG	5	4	63	63
n03393912_446.JPEG	0	0	63	54
n03393912_204.JPEG	0	20	63	44
n03393912_125.JPEG	0	0	63	59
n03393912_166.JPEG	0	0	63	61
n03393912_26.JPEG	0	1	63	48
n03393912_360.JPEG	0	1	63	58
n03393912_335.JPEG	0	1	63	61
n03393912_407.JPEG	0	18	63	50
n03393912_93.JPEG	0	1	63	51
n03393912_2.JPEG	15	1	63	53
n03393912_448.JPEG	0	0	63	48
n03393912_498.JPEG	0	14	63	58
n03393912_68.JPEG	0	0	63	49
n03393912_332.JPEG	0	1	63	55
n03393912_315.JPEG	0	0	63	51
n03393912_39.JPEG	0	1	63	61
n03393912_465.JPEG	0	1	63	63
n03393912_447.JPEG	14	34	54	49
n03393912_455.JPEG	1	35	63	63
n03393912_131.JPEG	0	0	63	53
n03393912_134.JPEG	0	0	63	58
n03393912_41.JPEG	0	0	63	50
n03393912_367.JPEG	0	1	63	53
n03393912_256.JPEG	0	0	63	54
n03393912_466.JPEG	0	0	63	49
n03393912_380.JPEG	0	0	63	63
n03393912_14.JPEG	0	1	63	57
n03393912_108.JPEG	0	0	63	55
n03393912_408.JPEG	0	0	63	63
n03393912_167.JPEG	0	4	63	63
n03393912_101.JPEG	0	5	60	58
n03393912_338.JPEG	0	0	63	63
n03393912_490.JPEG	0	1	63	51
n03393912_99.JPEG	0	0	63	56
n03393912_483.JPEG	0	0	63	54
n03393912_459.JPEG	0	5	63	63
n03393912_297.JPEG	0	1	63	56
n03393912_499.JPEG	0	31	63	50
n03393912_207.JPEG	0	0	63	58
n03393912_303.JPEG	0	0	63	49
n03393912_255.JPEG	0	0	63	49
n03393912_281.JPEG	0	0	63	63
n03393912_210.JPEG	0	0	63	45
n03393912_60.JPEG	0	0	63	48
n03393912_370.JPEG	0	18	63	55
n03393912_168.JPEG	0	0	63	46
n03393912_353.JPEG	0	28	63	62
n03393912_279.JPEG	0	24	63	47
n03393912_463.JPEG	0	6	63	63
n03393912_110.JPEG	0	29	63	59
n03393912_341.JPEG	0	1	63	53
n03393912_261.JPEG	0	0	63	63
n03393912_231.JPEG	0	0	63	59
n03393912_440.JPEG	0	1	63	58
n03393912_202.JPEG	0	1	63	50
n03393912_274.JPEG	0	13	63	50
n03393912_473.JPEG	0	0	63	57
n03393912_470.JPEG	0	1	63	59
n03393912_308.JPEG	0	0	63	53
n03393912_192.JPEG	0	19	63	63
n03393912_188.JPEG	10	21	63	47
n03393912_106.JPEG	0	1	63	50
n03393912_478.JPEG	0	3	63	44
n03393912_348.JPEG	0	0	63	51
n03393912_487.JPEG	0	1	63	56
n03393912_46.JPEG	0	1	63	52
n03393912_286.JPEG	0	0	63	57
n03393912_495.JPEG	0	0	63	47
n03393912_403.JPEG	0	20	60	49
n03393912_314.JPEG	0	0	63	59
n03393912_461.JPEG	0	0	63	52
n03393912_310.JPEG	0	1	63	57
n03393912_182.JPEG	0	1	63	57
n03393912_322.JPEG	0	0	63	56
n03393912_438.JPEG	0	1	63	48
n03393912_373.JPEG	0	9	63	33
n03393912_392.JPEG	0	26	21	42
n03393912_280.JPEG	0	24	63	48
n03393912_195.JPEG	0	0	63	54
n03393912_488.JPEG	0	34	63	53
n03393912_296.JPEG	0	0	63	52
n03393912_153.JPEG	0	21	63	48
n03393912_251.JPEG	0	2	63	62
n03393912_243.JPEG	0	0	63	56
n03393912_17.JPEG	0	1	63	45
n03393912_381.JPEG	0	0	63	63
n03393912_271.JPEG	0	1	63	61
n03393912_62.JPEG	0	13	63	63
n03393912_112.JPEG	0	1	63	46
n03393912_213.JPEG	2	0	63	63
n03393912_94.JPEG	0	19	63	53
n03393912_157.JPEG	0	1	63	61
n03393912_57.JPEG	0	0	63	55
n03393912_272.JPEG	0	8	63	43
n03393912_19.JPEG	0	7	63	48
n03393912_172.JPEG	0	1	63	58
n03393912_421.JPEG	0	1	63	61
n03393912_275.JPEG	13	21	51	35
n03393912_467.JPEG	0	24	63	53
n03393912_27.JPEG	0	12	63	43
n03393912_290.JPEG	0	0	63	52
n03393912_400.JPEG	0	0	63	57
n03393912_384.JPEG	0	0	63	52
n03393912_433.JPEG	0	22	56	44
n03393912_226.JPEG	0	0	63	63
n03393912_40.JPEG	5	20	63	50
n03393912_345.JPEG	0	0	63	63
n03393912_198.JPEG	0	0	63	51
n03393912_16.JPEG	0	0	63	56
n03393912_67.JPEG	0	7	63	63
n03393912_208.JPEG	0	0	63	57
n03393912_70.JPEG	0	17	63	39
n03393912_190.JPEG	0	0	63	52
n03393912_420.JPEG	0	1	63	43
n03393912_350.JPEG	0	1	63	58
n03393912_397.JPEG	0	1	63	56
n03393912_96.JPEG	0	0	63	55
n03393912_330.JPEG	0	8	63	43
n03393912_468.JPEG	0	1	63	56
n03393912_155.JPEG	0	0	63	57
n03393912_334.JPEG	0	17	52	55
n03393912_479.JPEG	0	19	63	50
n03393912_216.JPEG	1	14	63	54
n03393912_173.JPEG	0	0	63	56
n03393912_6.JPEG	0	0	63	60
n03393912_209.JPEG	0	0	63	50
n03393912_377.JPEG	0	0	63	62
n03393912_95.JPEG	0	0	63	53
n03393912_482.JPEG	0	2	63	56
n03393912_331.JPEG	0	4	63	53
n03393912_264.JPEG	0	1	63	60
n03393912_317.JPEG	0	1	63	60
n03393912_321.JPEG	0	0	63	52
n03393912_8.JPEG	0	0	63	54
n03393912_72.JPEG	0	2	63	59
n03393912_406.JPEG	0	1	63	59
n03393912_61.JPEG	0	1	63	61
n03393912_346.JPEG	0	0	63	63
n03393912_369.JPEG	3	18	63	48
n03393912_293.JPEG	0	5	63	57
n03393912_50.JPEG	0	1	63	59
n03393912_374.JPEG	8	12	53	46
n03393912_83.JPEG	0	1	63	49
n03393912_233.JPEG	7	51	44	63
n03393912_458.JPEG	0	12	63	55
n03393912_426.JPEG	0	0	63	50
n03393912_142.JPEG	0	1	63	63
n03393912_266.JPEG	0	0	63	57
n03393912_481.JPEG	0	0	63	53
n03393912_42.JPEG	14	14	58	53
n03393912_156.JPEG	0	1	63	63
n03393912_103.JPEG	0	0	63	50
n03393912_259.JPEG	0	0	63	55
n03393912_82.JPEG	0	0	63	63
n03393912_496.JPEG	0	0	63	41
n03393912_84.JPEG	0	1	63	50
n03393912_257.JPEG	0	0	63	49
n03393912_454.JPEG	0	1	63	49
n03393912_282.JPEG	0	0	63	55
n03393912_25.JPEG	0	0	63	51
n03393912_363.JPEG	0	0	63	57
n03393912_234.JPEG	0	0	63	63
n03393912_165.JPEG	0	4	63	46
n03393912_312.JPEG	0	0	63	52
n03393912_116.JPEG	0	0	63	50
n03393912_29.JPEG	0	0	63	63
n03393912_427.JPEG	0	13	63	58
n03393912_316.JPEG	0	0	63	63
n03393912_219.JPEG	0	1	63	49
n03393912_33.JPEG	3	19	63	55
n03393912_36.JPEG	0	0	63	63
n03393912_37.JPEG	0	0	63	55
n03393912_277.JPEG	15	30	27	39
n03393912_203.JPEG	0	21	63	48
n03393912_428.JPEG	0	0	63	62
n03393912_232.JPEG	0	0	63	62
n03393912_298.JPEG	0	1	63	47
n03393912_284.JPEG	0	0	63	55
n03393912_364.JPEG	0	1	63	51
n03393912_201.JPEG	0	0	63	60
n03393912_253.JPEG	0	17	20	38
n03393912_126.JPEG	0	21	63	47
n03393912_189.JPEG	0	10	63	59
n03393912_378.JPEG	0	10	63	42
n03393912_28.JPEG	0	0	63	57
n03393912_119.JPEG	12	10	63	39
n03393912_398.JPEG	0	0	63	57
n03393912_305.JPEG	0	1	63	51
n03393912_185.JPEG	0	8	63	57
n03393912_146.JPEG	0	0	63	58
n03393912_225.JPEG	0	0	63	60
n03393912_151.JPEG	0	1	63	51
n03393912_299.JPEG	0	1	63	57
n03393912_76.JPEG	0	1	63	56
n03393912_161.JPEG	0	1	63	61
n03393912_133.JPEG	0	22	24	43
n03393912_319.JPEG	0	0	63	57
n03393912_71.JPEG	0	0	63	50
n03393912_87.JPEG	0	1	63	59
n03393912_445.JPEG	1	25	63	47
n03393912_323.JPEG	0	14	63	51
n03393912_91.JPEG	0	0	63	52
n03393912_349.JPEG	0	5	63	61
n03393912_164.JPEG	0	0	63	57
n03393912_221.JPEG	0	4	63	41
n03393912_127.JPEG	0	0	63	49
n03393912_162.JPEG	0	1	63	61
n03393912_472.JPEG	0	0	63	62
n03393912_90.JPEG	0	0	63	49
n03393912_362.JPEG	0	0	63	63
n03393912_425.JPEG	0	0	63	61
n03393912_79.JPEG	0	0	63	55
n03393912_386.JPEG	0	1	63	59
n03393912_38.JPEG	0	6	63	58
n03393912_422.JPEG	0	0	63	54
n03393912_376.JPEG	0	0	63	49
n03393912_58.JPEG	0	0	63	59
n03393912_30.JPEG	0	14	63	42
n03393912_137.JPEG	0	0	63	53
n03393912_287.JPEG	0	15	63	55
n03393912_394.JPEG	0	0	63	55
n03393912_141.JPEG	1	0	63	51
n03393912_117.JPEG	0	0	63	47
n03393912_163.JPEG	0	9	63	43
n03393912_462.JPEG	0	0	63	51
n03393912_22.JPEG	0	0	63	52
n03393912_267.JPEG	0	0	63	48
n03393912_107.JPEG	0	0	63	63
n03393912_311.JPEG	0	1	63	45
n03393912_439.JPEG	0	1	63	50
n03393912_302.JPEG	0	0	63	56
n03393912_325.JPEG	0	0	63	60
n03393912_102.JPEG	0	1	63	60
n03393912_295.JPEG	0	9	63	61
n03393912_45.JPEG	0	0	63	60
n03393912_309.JPEG	0	0	63	55
n03393912_372.JPEG	0	1	63	59
n03393912_320.JPEG	0	0	63	40
n03393912_158.JPEG	0	0	63	62
n03393912_239.JPEG	1	0	59	63
n03393912_92.JPEG	0	13	63	53
n03393912_214.JPEG	0	0	63	63
n03393912_306.JPEG	0	1	63	59
n03393912_390.JPEG	0	0	63	55
n03393912_206.JPEG	0	1	63	51
n03393912_238.JPEG	0	1	63	63
n03393912_283.JPEG	0	23	63	53
n03393912_49.JPEG	0	1	63	58
n03393912_81.JPEG	0	15	63	47
n03393912_123.JPEG	0	0	63	63
n03393912_197.JPEG	0	14	63	62
n03393912_359.JPEG	0	17	63	45
n03393912_24.JPEG	0	0	63	54
n03393912_174.JPEG	0	1	63	61
n03393912_23.JPEG	0	22	63	41
n03393912_176.JPEG	0	1	63	58
n03393912_152.JPEG	0	11	63	63
n03393912_383.JPEG	0	0	63	58
n03393912_63.JPEG	0	1	63	55
n03393912_476.JPEG	0	0	63	50
n03393912_104.JPEG	0	24	63	49
n03393912_181.JPEG	0	27	51	37
n03393912_270.JPEG	0	0	63	44
n03393912_352.JPEG	0	4	63	51
n03393912_404.JPEG	0	0	63	47
n03393912_452.JPEG	0	1	63	63
n03393912_44.JPEG	0	0	63	44
n03393912_375.JPEG	0	5	63	56
n03393912_371.JPEG	0	14	63	46
n03393912_7.JPEG	0	0	63	46
n03393912_449.JPEG	0	1	63	50
n03393912_105.JPEG	0	0	63	47
n03393912_387.JPEG	0	0	63	57
n03393912_342.JPEG	0	12	63	38
n03393912_150.JPEG	34	5	63	63
n03393912_489.JPEG	0	1	63	51
n03393912_147.JPEG	0	0	63	60
n03393912_111.JPEG	0	0	63	63
n03393912_170.JPEG	0	9	63	50
n03393912_215.JPEG	0	0	63	59
n03393912_354.JPEG	0	0	63	57
n03393912_89.JPEG	0	1	63	62
n03393912_139.JPEG	34	0	63	63
n03393912_418.JPEG	1	2	63	58
n03393912_34.JPEG	0	1	63	48
n03393912_193.JPEG	0	1	63	51
n03393912_262.JPEG	7	4	63	60
n03393912_121.JPEG	0	0	63	63
n03393912_3.JPEG	0	0	63	50
n03393912_223.JPEG	0	0	63	63
n03393912_183.JPEG	0	7	63	50
n03393912_471.JPEG	0	0	63	52
n03393912_85.JPEG	0	1	63	49
n03393912_122.JPEG	0	1	63	53
n03393912_388.JPEG	0	0	63	54
n03393912_434.JPEG	0	0	63	59
n03393912_86.JPEG	0	1	63	48
n03393912_69.JPEG	0	12	63	48
n03393912_1.JPEG	0	30	58	51
n03393912_289.JPEG	0	0	63	58
n03393912_191.JPEG	0	1	63	61
n03393912_344.JPEG	0	1	63	63
n03393912_18.JPEG	0	1	63	53
n03393912_389.JPEG	0	1	63	59
n03393912_196.JPEG	0	10	63	49
n03393912_242.JPEG	0	6	63	62
val_5962.JPEG	0	28	63	57
val_2857.JPEG	34	25	58	51
val_1469.JPEG	0	0	63	60
val_8546.JPEG	0	15	63	43
val_5960.JPEG	0	35	3	63
val_5079.JPEG	0	0	63	52
val_9018.JPEG	0	24	63	50
val_7825.JPEG	0	1	63	60
val_9032.JPEG	0	0	63	59
val_258.JPEG	0	0	63	63
val_3959.JPEG	0	1	63	56
val_6894.JPEG	0	0	63	61
val_6617.JPEG	0	0	63	63
val_7558.JPEG	0	0	63	37
val_5676.JPEG	0	0	63	63
val_4887.JPEG	0	1	63	62
val_6640.JPEG	0	0	63	49
val_2218.JPEG	0	0	63	59
val_2408.JPEG	0	1	63	44
val_9641.JPEG	0	4	63	57
val_1578.JPEG	0	0	63	47
val_9135.JPEG	0	0	49	63
val_4289.JPEG	0	0	63	57
val_1593.JPEG	0	0	63	63
val_6260.JPEG	0	0	63	54
val_6655.JPEG	0	1	63	51
val_3368.JPEG	0	1	63	60
val_3128.JPEG	0	1	63	62
val_776.JPEG	0	9	63	47
val_1863.JPEG	0	0	63	44
val_9741.JPEG	0	0	63	55
val_2420.JPEG	0	0	63	51
val_6021.JPEG	0	0	63	57
val_2297.JPEG	0	0	63	50
val_3397.JPEG	0	1	63	50
