n04179913_84.JPEG	19	0	63	63
n04179913_219.JPEG	4	5	58	38
n04179913_346.JPEG	9	40	33	63
n04179913_285.JPEG	0	0	63	63
n04179913_439.JPEG	61	6	63	21
n04179913_319.JPEG	21	0	59	34
n04179913_232.JPEG	6	1	63	61
n04179913_482.JPEG	0	4	63	61
n04179913_71.JPEG	0	7	63	55
n04179913_138.JPEG	2	13	63	56
n04179913_424.JPEG	2	1	63	63
n04179913_159.JPEG	0	3	63	61
n04179913_268.JPEG	14	0	48	55
n04179913_331.JPEG	4	5	63	62
n04179913_324.JPEG	4	16	62	54
n04179913_493.JPEG	6	1	63	63
n04179913_167.JPEG	0	4	63	60
n04179913_322.JPEG	1	5	56	51
n04179913_60.JPEG	0	12	56	57
n04179913_286.JPEG	0	0	58	63
n04179913_368.JPEG	14	12	52	43
n04179913_287.JPEG	0	1	39	38
n04179913_474.JPEG	0	4	63	63
n04179913_53.JPEG	0	0	63	63
n04179913_453.JPEG	0	4	63	62
n04179913_96.JPEG	0	23	63	63
n04179913_166.JPEG	22	24	44	40
n04179913_316.JPEG	10	1	63	63
n04179913_80.JPEG	1	0	63	63
n04179913_463.JPEG	25	19	63	51
n04179913_351.JPEG	0	1	63	63
n04179913_87.JPEG	16	10	31	23
n04179913_184.JPEG	0	3	63	61
n04179913_390.JPEG	13	23	47	52
n04179913_15.JPEG	38	19	56	36
n04179913_492.JPEG	2	9	63	56
n04179913_271.JPEG	9	8	63	51
n04179913_189.JPEG	0	1	63	59
n04179913_105.JPEG	32	22	63	63
n04179913_326.JPEG	6	2	53	40
n04179913_436.JPEG	0	1	63	59
n04179913_327.JPEG	41	24	63	38
n04179913_479.JPEG	13	1	59	58
n04179913_224.JPEG	8	22	51	62
n04179913_312.JPEG	0	0	63	63
n04179913_257.JPEG	1	0	63	63
n04179913_230.JPEG	2	6	63	60
n04179913_152.JPEG	33	9	63	40
n04179913_315.JPEG	0	2	63	54
n04179913_487.JPEG	28	11	63	54
n04179913_115.JPEG	0	5	37	54
n04179913_404.JPEG	8	0	60	63
n04179913_290.JPEG	4	47	18	57
n04179913_164.JPEG	0	8	26	63
n04179913_272.JPEG	10	26	25	55
n04179913_269.JPEG	0	0	63	63
n04179913_451.JPEG	0	5	63	63
n04179913_186.JPEG	0	0	63	63
n04179913_298.JPEG	32	35	54	54
n04179913_135.JPEG	0	1	63	63
n04179913_213.JPEG	4	2	61	62
n04179913_245.JPEG	1	26	44	55
n04179913_437.JPEG	1	0	63	56
n04179913_317.JPEG	0	2	63	55
n04179913_456.JPEG	0	0	63	63
n04179913_310.JPEG	5	0	56	63
n04179913_449.JPEG	34	8	63	30
n04179913_394.JPEG	0	0	58	52
n04179913_288.JPEG	0	0	59	63
n04179913_407.JPEG	0	1	63	63
n04179913_422.JPEG	0	0	63	63
n04179913_22.JPEG	0	1	63	63
n04179913_458.JPEG	0	1	63	63
n04179913_383.JPEG	0	5	63	63
n04179913_240.JPEG	31	6	55	23
n04179913_222.JPEG	0	14	61	63
n04179913_427.JPEG	4	9	61	53
n04179913_471.JPEG	4	9	60	53
n04179913_231.JPEG	0	0	63	63
n04179913_299.JPEG	14	37	63	63
n04179913_313.JPEG	1	5	63	63
n04179913_353.JPEG	0	0	63	63
n04179913_90.JPEG	0	0	63	56
n04179913_99.JPEG	0	1	63	62
n04179913_263.JPEG	19	26	33	39
n04179913_225.JPEG	0	7	63	57
n04179913_443.JPEG	24	5	63	46
n04179913_214.JPEG	27	17	58	55
n04179913_393.JPEG	0	0	63	63
n04179913_426.JPEG	0	4	63	61
n04179913_470.JPEG	0	0	63	63
n04179913_304.JPEG	32	5	63	63
n04179913_28.JPEG	0	0	63	63
n04179913_283.JPEG	3	0	63	63
n04179913_247.JPEG	0	1	32	50
n04179913_46.JPEG	34	15	63	43
n04179913_98.JPEG	0	0	63	62
n04179913_370.JPEG	42	19	54	29
n04179913_61.JPEG	0	23	63	63
n04179913_476.JPEG	0	21	28	58
n04179913_92.JPEG	0	8	63	58
n04179913_237.JPEG	23	19	51	60
n04179913_47.JPEG	0	0	61	63
n04179913_205.JPEG	0	1	63	63
n04179913_281.JPEG	0	0	63	63
n04179913_38.JPEG	1	4	63	63
n04179913_220.JPEG	0	16	43	51
n04179913_418.JPEG	0	0	63	63
n04179913_13.JPEG	28	26	53	58
n04179913_332.JPEG	6	10	41	33
n04179913_282.JPEG	0	0	63	63
n04179913_396.JPEG	0	1	63	63
n04179913_86.JPEG	30	15	48	26
n04179913_171.JPEG	0	1	63	63
n04179913_273.JPEG	0	3	63	63
n04179913_417.JPEG	0	1	63	63
n04179913_388.JPEG	2	6	63	59
n04179913_118.JPEG	3	10	63	55
n04179913_10.JPEG	1	3	63	61
n04179913_35.JPEG	0	10	63	63
n04179913_253.JPEG	1	0	62	63
n04179913_293.JPEG	0	2	63	63
n04179913_24.JPEG	9	38	25	51
n04179913_82.JPEG	0	0	63	56
n04179913_295.JPEG	0	3	63	59
n04179913_469.JPEG	29	27	63	49
n04179913_256.JPEG	0	1	63	63
n04179913_251.JPEG	0	0	63	55
n04179913_192.JPEG	35	0	63	63
n04179913_88.JPEG	0	0	63	63
n04179913_48.JPEG	40	6	63	37
n04179913_361.JPEG	0	2	63	59
n04179913_223.JPEG	1	4	59	62
n04179913_431.JPEG	14	4	63	48
n04179913_112.JPEG	12	8	59	55
n04179913_89.JPEG	1	15	19	40
n04179913_81.JPEG	9	4	55	42
n04179913_124.JPEG	26	16	63	58
n04179913_229.JPEG	0	0	63	63
n04179913_371.JPEG	0	1	63	63
n04179913_488.JPEG	0	0	63	62
n04179913_173.JPEG	0	16	37	48
n04179913_91.JPEG	1	0	63	63
n04179913_215.JPEG	11	30	63	63
n04179913_34.JPEG	0	8	58	51
n04179913_252.JPEG	0	0	39	48
n04179913_197.JPEG	0	12	63	63
n04179913_130.JPEG	0	0	63	58
n04179913_412.JPEG	0	2	63	63
n04179913_201.JPEG	3	5	63	44
n04179913_169.JPEG	20	23	54	50
n04179913_120.JPEG	8	5	61	60
n04179913_26.JPEG	6	3	63	63
n04179913_140.JPEG	2	4	63	46
n04179913_446.JPEG	0	2	63	53
n04179913_292.JPEG	0	9	60	61
n04179913_182.JPEG	2	1	62	60
n04179913_249.JPEG	3	20	57	58
n04179913_363.JPEG	0	0	63	63
n04179913_72.JPEG	0	1	63	63
n04179913_114.JPEG	0	3	63	63
n04179913_123.JPEG	0	0	60	63
n04179913_163.JPEG	0	1	63	63
n04179913_143.JPEG	0	9	63	52
n04179913_174.JPEG	4	19	32	42
n04179913_397.JPEG	4	0	63	55
n04179913_31.JPEG	31	17	63	49
n04179913_193.JPEG	1	4	63	62
n04179913_217.JPEG	0	14	51	50
n04179913_36.JPEG	0	1	63	63
n04179913_203.JPEG	41	1	63	33
n04179913_83.JPEG	3	20	63	62
n04179913_75.JPEG	0	5	63	59
n04179913_381.JPEG	0	0	63	51
n04179913_359.JPEG	0	5	63	61
n04179913_208.JPEG	20	0	63	55
n04179913_126.JPEG	14	22	50	59
n04179913_447.JPEG	0	4	63	59
n04179913_401.JPEG	0	1	63	63
n04179913_369.JPEG	9	0	63	63
n04179913_141.JPEG	16	8	63	61
n04179913_179.JPEG	0	1	63	63
n04179913_27.JPEG	0	9	54	51
n04179913_211.JPEG	0	1	63	63
n04179913_309.JPEG	0	0	63	63
n04179913_276.JPEG	37	19	63	54
n04179913_18.JPEG	0	7	63	63
n04179913_484.JPEG	0	0	63	63
n04179913_228.JPEG	0	0	60	63
n04179913_250.JPEG	38	1	63	14
n04179913_297.JPEG	0	7	63	61
n04179913_113.JPEG	18	8	61	60
n04179913_392.JPEG	0	2	56	47
n04179913_41.JPEG	0	0	63	63
n04179913_274.JPEG	25	5	63	57
n04179913_306.JPEG	0	2	63	63
n04179913_17.JPEG	0	0	63	63
n04179913_95.JPEG	28	27	46	41
n04179913_356.JPEG	0	0	63	63
n04179913_157.JPEG	43	10	54	27
n04179913_423.JPEG	1	0	63	63
n04179913_421.JPEG	14	29	54	58
n04179913_379.JPEG	4	0	41	53
n04179913_188.JPEG	0	1	63	63
n04179913_395.JPEG	0	6	63	58
n04179913_19.JPEG	60	24	63	57
n04179913_461.JPEG	0	27	30	47
n04179913_142.JPEG	0	10	63	62
n04179913_473.JPEG	3	0	63	63
n04179913_207.JPEG	44	28	61	41
n04179913_364.JPEG	36	6	58	24
n04179913_200.JPEG	0	1	63	63
n04179913_495.JPEG	8	22	61	63
n04179913_329.JPEG	0	3	63	63
n04179913_444.JPEG	0	0	63	63
n04179913_70.JPEG	0	1	63	51
n04179913_335.JPEG	8	8	49	52
n04179913_235.JPEG	0	1	62	59
n04179913_23.JPEG	3	0	34	55
n04179913_366.JPEG	15	2	59	30
n04179913_45.JPEG	0	2	63	63
n04179913_198.JPEG	5	5	50	54
n04179913_405.JPEG	15	21	48	49
n04179913_74.JPEG	0	3	63	61
n04179913_433.JPEG	4	25	62	63
n04179913_39.JPEG	13	6	63	61
n04179913_373.JPEG	17	27	63	63
n04179913_330.JPEG	1	3	63	52
n04179913_357.JPEG	35	22	63	40
n04179913_202.JPEG	0	5	63	52
n04179913_145.JPEG	34	34	61	63
n04179913_387.JPEG	0	0	63	63
n04179913_399.JPEG	0	19	56	63
n04179913_175.JPEG	3	1	63	47
n04179913_384.JPEG	0	0	63	63
n04179913_266.JPEG	0	1	63	63
n04179913_66.JPEG	0	11	63	61
n04179913_56.JPEG	26	0	57	22
n04179913_410.JPEG	0	3	63	60
n04179913_238.JPEG	0	1	63	63
n04179913_239.JPEG	16	13	60	63
n04179913_243.JPEG	0	2	63	63
n04179913_136.JPEG	0	7	63	63
n04179913_49.JPEG	5	17	26	52
n04179913_133.JPEG	1	8	63	54
n04179913_455.JPEG	0	1	63	63
n04179913_103.JPEG	28	31	40	37
n04179913_177.JPEG	0	5	63	49
n04179913_254.JPEG	19	0	63	63
n04179913_196.JPEG	44	13	63	40
n04179913_452.JPEG	21	20	63	55
n04179913_32.JPEG	17	24	36	40
n04179913_347.JPEG	0	15	63	63
n04179913_42.JPEG	20	0	47	16
n04179913_318.JPEG	13	13	42	32
n04179913_162.JPEG	13	1	63	63
n04179913_204.JPEG	0	8	63	52
n04179913_349.JPEG	0	16	63	63
n04179913_457.JPEG	17	27	40	49
n04179913_398.JPEG	1	22	62	61
n04179913_289.JPEG	0	0	63	63
n04179913_168.JPEG	8	23	28	38
n04179913_148.JPEG	1	7	62	48
n04179913_338.JPEG	1	20	37	46
n04179913_20.JPEG	0	0	63	63
n04179913_354.JPEG	0	0	63	59
n04179913_481.JPEG	10	6	56	53
n04179913_107.JPEG	0	8	57	52
n04179913_191.JPEG	3	1	63	52
n04179913_57.JPEG	11	9	38	30
n04179913_411.JPEG	12	3	55	39
n04179913_325.JPEG	18	0	63	55
n04179913_498.JPEG	0	31	17	56
n04179913_442.JPEG	0	0	63	63
n04179913_185.JPEG	0	9	61	63
n04179913_106.JPEG	0	1	63	63
n04179913_307.JPEG	0	5	63	61
n04179913_93.JPEG	0	11	63	63
n04179913_375.JPEG	0	0	63	63
n04179913_303.JPEG	0	9	37	60
n04179913_156.JPEG	18	24	48	43
n04179913_480.JPEG	0	0	63	63
n04179913_445.JPEG	6	0	55	63
n04179913_270.JPEG	11	27	56	57
n04179913_497.JPEG	0	1	63	63
n04179913_367.JPEG	0	18	63	49
n04179913_277.JPEG	20	10	52	33
n04179913_460.JPEG	0	5	62	58
n04179913_340.JPEG	5	0	63	48
n04179913_76.JPEG	0	5	63	62
n04179913_261.JPEG	0	8	63	58
n04179913_33.JPEG	7	1	63	59
n04179913_117.JPEG	1	0	63	63
n04179913_12.JPEG	0	1	47	63
n04179913_2.JPEG	0	1	63	56
n04179913_294.JPEG	8	21	63	63
n04179913_154.JPEG	0	4	63	63
n04179913_348.JPEG	17	34	50	62
n04179913_409.JPEG	0	0	39	48
n04179913_391.JPEG	14	23	53	44
n04179913_218.JPEG	0	2	63	62
n04179913_255.JPEG	21	19	42	42
n04179913_73.JPEG	0	5	63	54
n04179913_402.JPEG	0	8	63	53
n04179913_385.JPEG	1	0	44	63
n04179913_430.JPEG	0	10	63	63
n04179913_323.JPEG	0	0	63	63
n04179913_210.JPEG	0	0	63	63
n04179913_104.JPEG	0	0	63	63
n04179913_111.JPEG	0	0	63	63
n04179913_416.JPEG	1	5	63	62
n04179913_450.JPEG	2	0	63	63
n04179913_477.JPEG	10	13	54	49
n04179913_438.JPEG	0	0	32	50
n04179913_178.JPEG	0	10	63	63
n04179913_221.JPEG	40	8	63	25
n04179913_149.JPEG	1	0	61	40
n04179913_489.JPEG	10	5	63	63
n04179913_406.JPEG	12	0	59	47
n04179913_360.JPEG	0	38	32	63
n04179913_467.JPEG	0	0	63	63
n04179913_150.JPEG	2	3	52	62
n04179913_127.JPEG	0	2	55	63
n04179913_190.JPEG	0	1	63	63
n04179913_386.JPEG	1	11	57	61
n04179913_414.JPEG	0	0	63	63
n04179913_55.JPEG	1	3	63	61
n04179913_321.JPEG	10	3	63	63
n04179913_408.JPEG	0	0	63	63
n04179913_137.JPEG	8	23	63	63
n04179913_491.JPEG	17	9	37	27
n04179913_284.JPEG	0	0	63	63
n04179913_108.JPEG	0	1	63	63
n04179913_134.JPEG	0	4	63	62
n04179913_362.JPEG	0	0	63	50
n04179913_308.JPEG	15	4	62	60
n04179913_109.JPEG	0	1	63	63
n04179913_314.JPEG	4	6	63	53
n04179913_160.JPEG	2	2	58	59
n04179913_40.JPEG	1	0	63	63
n04179913_21.JPEG	2	8	59	56
n04179913_305.JPEG	13	0	53	58
n04179913_67.JPEG	3	0	57	58
n04179913_131.JPEG	11	26	62	63
n04179913_468.JPEG	0	1	63	63
n04179913_466.JPEG	0	3	63	48
n04179913_8.JPEG	4	7	63	40
n04179913_64.JPEG	0	0	63	62
n04179913_376.JPEG	21	6	45	22
n04179913_499.JPEG	0	6	63	53
val_3650.JPEG	17	0	56	30
val_7849.JPEG	0	1	63	63
val_6650.JPEG	0	4	63	63
val_3211.JPEG	22	29	42	49
val_6936.JPEG	0	3	63	63
val_9960.JPEG	22	13	56	44
val_2230.JPEG	0	5	63	63
val_8757.JPEG	22	7	63	52
val_9033.JPEG	0	0	63	59
val_2973.JPEG	7	13	63	56
val_7883.JPEG	0	0	63	58
val_3834.JPEG	16	5	51	26
val_5319.JPEG	28	33	42	40
val_8668.JPEG	20	0	63	63
val_1098.JPEG	0	0	63	63
val_1154.JPEG	0	1	63	63
val_9167.JPEG	0	1	63	38
val_2963.JPEG	19	0	45	63
val_3256.JPEG	2	4	60	43
val_9366.JPEG	2	17	63	63
val_1601.JPEG	0	6	63	63
val_3938.JPEG	0	10	63	61
val_420.JPEG	0	2	63	51
val_6461.JPEG	7	2	59	58
val_1673.JPEG	0	12	63	57
val_5517.JPEG	0	7	63	57
val_7823.JPEG	0	0	63	63
val_6255.JPEG	11	10	56	52
val_7897.JPEG	22	7	62	45
val_4738.JPEG	27	3	63	40
val_849.JPEG	6	12	63	63
val_6551.JPEG	7	17	60	57
val_4858.JPEG	10	1	47	63
val_1567.JPEG	20	34	62	63
val_675.JPEG	0	11	62	56
