n07711569_79.JPEG	0	10	63	54
n07711569_496.JPEG	0	1	63	62
n07711569_275.JPEG	31	16	62	47
n07711569_320.JPEG	24	32	54	57
n07711569_451.JPEG	0	6	37	44
n07711569_432.JPEG	15	21	31	45
n07711569_371.JPEG	0	35	54	63
n07711569_69.JPEG	1	0	63	63
n07711569_238.JPEG	27	0	51	19
n07711569_461.JPEG	0	15	63	55
n07711569_75.JPEG	1	3	63	54
n07711569_290.JPEG	31	7	63	54
n07711569_470.JPEG	8	8	61	40
n07711569_184.JPEG	0	11	63	60
n07711569_298.JPEG	0	21	49	51
n07711569_424.JPEG	7	0	54	23
n07711569_443.JPEG	16	37	63	63
n07711569_154.JPEG	3	2	56	56
n07711569_110.JPEG	0	9	63	62
n07711569_409.JPEG	0	8	46	45
n07711569_213.JPEG	25	2	55	32
n07711569_261.JPEG	1	0	48	9
n07711569_129.JPEG	2	4	62	62
n07711569_149.JPEG	8	1	33	23
n07711569_243.JPEG	5	11	63	62
n07711569_457.JPEG	0	9	63	63
n07711569_326.JPEG	33	33	63	63
n07711569_263.JPEG	3	7	63	62
n07711569_402.JPEG	22	23	42	33
n07711569_375.JPEG	1	20	39	63
n07711569_46.JPEG	29	1	63	52
n07711569_410.JPEG	5	15	63	61
n07711569_458.JPEG	36	14	63	52
n07711569_136.JPEG	11	15	63	63
n07711569_145.JPEG	1	0	34	46
n07711569_473.JPEG	0	5	54	54
n07711569_341.JPEG	0	1	63	63
n07711569_127.JPEG	0	26	33	63
n07711569_251.JPEG	8	13	38	59
n07711569_197.JPEG	0	8	63	63
n07711569_442.JPEG	22	7	59	29
n07711569_117.JPEG	0	8	63	63
n07711569_223.JPEG	0	8	42	35
n07711569_53.JPEG	0	1	63	63
n07711569_394.JPEG	0	29	63	63
n07711569_188.JPEG	9	19	60	58
n07711569_294.JPEG	0	14	63	56
n07711569_133.JPEG	17	25	63	53
n07711569_332.JPEG	0	40	63	63
n07711569_312.JPEG	4	2	63	28
n07711569_106.JPEG	0	2	63	60
n07711569_373.JPEG	23	28	61	58
n07711569_306.JPEG	0	1	63	63
n07711569_489.JPEG	9	15	30	41
n07711569_369.JPEG	18	13	63	63
n07711569_186.JPEG	0	6	47	63
n07711569_119.JPEG	33	23	63	50
n07711569_157.JPEG	0	0	63	63
n07711569_472.JPEG	0	7	63	63
n07711569_486.JPEG	10	11	63	63
n07711569_452.JPEG	0	7	35	34
n07711569_56.JPEG	0	8	63	55
n07711569_390.JPEG	28	5	63	37
n07711569_189.JPEG	0	8	63	47
n07711569_296.JPEG	1	3	62	63
n07711569_300.JPEG	35	20	63	45
n07711569_40.JPEG	16	1	63	35
n07711569_299.JPEG	7	13	55	63
n07711569_98.JPEG	3	15	56	56
n07711569_165.JPEG	1	11	56	52
n07711569_235.JPEG	0	0	63	63
n07711569_150.JPEG	26	31	62	63
n07711569_485.JPEG	14	6	63	62
n07711569_8.JPEG	13	29	42	51
n07711569_57.JPEG	0	0	63	63
n07711569_26.JPEG	12	15	63	63
n07711569_368.JPEG	2	18	61	51
n07711569_380.JPEG	0	11	57	60
n07711569_286.JPEG	25	12	53	34
n07711569_159.JPEG	35	19	60	48
n07711569_387.JPEG	11	27	58	63
n07711569_39.JPEG	24	24	58	60
n07711569_400.JPEG	34	12	63	41
n07711569_82.JPEG	31	9	62	36
n07711569_391.JPEG	14	15	61	56
n07711569_63.JPEG	0	7	63	58
n07711569_203.JPEG	8	29	53	57
n07711569_335.JPEG	40	27	63	41
n07711569_308.JPEG	3	3	60	44
n07711569_179.JPEG	0	13	63	63
n07711569_236.JPEG	4	0	63	63
n07711569_211.JPEG	0	1	63	63
n07711569_2.JPEG	0	0	43	63
n07711569_413.JPEG	0	4	63	63
n07711569_450.JPEG	21	7	52	36
n07711569_342.JPEG	21	2	44	28
n07711569_370.JPEG	0	0	63	49
n07711569_422.JPEG	25	27	50	40
n07711569_323.JPEG	0	7	32	61
n07711569_17.JPEG	0	5	62	63
n07711569_498.JPEG	0	14	60	58
n07711569_49.JPEG	16	29	61	58
n07711569_102.JPEG	6	27	32	51
n07711569_199.JPEG	13	10	43	34
n07711569_322.JPEG	18	1	63	63
n07711569_130.JPEG	0	1	41	21
n07711569_124.JPEG	3	5	63	58
n07711569_21.JPEG	22	13	63	45
n07711569_309.JPEG	0	5	49	63
n07711569_105.JPEG	0	6	41	35
n07711569_33.JPEG	0	1	63	63
n07711569_283.JPEG	3	1	63	59
n07711569_361.JPEG	19	7	63	40
n07711569_227.JPEG	0	5	63	63
n07711569_303.JPEG	14	3	63	57
n07711569_449.JPEG	0	8	63	51
n07711569_208.JPEG	18	45	47	63
n07711569_87.JPEG	0	5	63	63
n07711569_229.JPEG	5	14	63	49
n07711569_156.JPEG	27	7	63	39
n07711569_376.JPEG	5	0	60	60
n07711569_441.JPEG	0	0	63	63
n07711569_313.JPEG	35	43	57	63
n07711569_367.JPEG	3	12	63	53
n07711569_7.JPEG	0	5	63	56
n07711569_403.JPEG	20	27	49	47
n07711569_11.JPEG	0	1	63	63
n07711569_328.JPEG	0	1	63	51
n07711569_448.JPEG	1	1	62	39
n07711569_140.JPEG	22	10	63	56
n07711569_209.JPEG	26	0	63	26
n07711569_51.JPEG	32	0	63	28
n07711569_420.JPEG	14	7	38	33
n07711569_66.JPEG	0	1	63	63
n07711569_484.JPEG	47	8	63	37
n07711569_389.JPEG	9	20	63	59
n07711569_348.JPEG	0	4	37	28
n07711569_234.JPEG	0	9	63	63
n07711569_64.JPEG	11	38	37	63
n07711569_459.JPEG	10	0	63	39
n07711569_233.JPEG	0	5	36	31
n07711569_76.JPEG	0	20	41	63
n07711569_176.JPEG	1	7	60	63
n07711569_89.JPEG	0	1	63	61
n07711569_284.JPEG	15	2	63	26
n07711569_48.JPEG	0	6	25	63
n07711569_401.JPEG	7	5	41	43
n07711569_205.JPEG	0	3	47	42
n07711569_379.JPEG	33	21	63	63
n07711569_345.JPEG	0	0	34	33
n07711569_360.JPEG	36	9	61	40
n07711569_265.JPEG	6	21	27	41
n07711569_319.JPEG	0	4	63	55
n07711569_71.JPEG	0	19	63	54
n07711569_311.JPEG	0	16	33	42
n07711569_70.JPEG	8	9	63	63
n07711569_372.JPEG	0	21	47	60
n07711569_132.JPEG	6	5	36	33
n07711569_415.JPEG	0	19	25	43
n07711569_330.JPEG	8	39	50	63
n07711569_112.JPEG	0	0	63	57
n07711569_271.JPEG	0	6	63	63
n07711569_280.JPEG	34	31	63	56
n07711569_398.JPEG	0	12	63	58
n07711569_249.JPEG	6	12	35	33
n07711569_67.JPEG	0	0	63	63
n07711569_148.JPEG	17	12	54	50
n07711569_463.JPEG	24	43	41	63
n07711569_363.JPEG	19	1	63	37
n07711569_9.JPEG	5	15	29	48
n07711569_162.JPEG	0	14	34	63
n07711569_54.JPEG	36	13	63	42
n07711569_232.JPEG	37	7	63	42
n07711569_353.JPEG	0	17	63	51
n07711569_74.JPEG	1	10	35	41
n07711569_219.JPEG	0	0	63	63
n07711569_439.JPEG	37	25	63	63
n07711569_207.JPEG	0	5	63	63
n07711569_61.JPEG	0	15	63	51
n07711569_499.JPEG	39	21	63	50
n07711569_185.JPEG	0	3	63	63
n07711569_488.JPEG	15	7	61	58
n07711569_239.JPEG	0	25	38	55
n07711569_237.JPEG	1	8	63	48
n07711569_52.JPEG	0	7	57	62
n07711569_325.JPEG	0	5	37	38
n07711569_83.JPEG	0	12	27	56
n07711569_78.JPEG	0	0	63	63
n07711569_196.JPEG	22	37	63	57
n07711569_240.JPEG	13	0	63	50
n07711569_24.JPEG	4	20	63	52
n07711569_366.JPEG	9	0	63	27
n07711569_137.JPEG	14	4	63	43
n07711569_266.JPEG	0	12	63	63
n07711569_93.JPEG	0	0	63	42
n07711569_285.JPEG	0	0	63	63
n07711569_216.JPEG	0	0	59	63
n07711569_228.JPEG	6	35	33	55
n07711569_357.JPEG	2	10	63	63
n07711569_122.JPEG	24	4	63	49
n07711569_121.JPEG	5	23	53	50
n07711569_382.JPEG	11	17	52	43
n07711569_85.JPEG	15	18	46	49
n07711569_138.JPEG	23	14	63	63
n07711569_374.JPEG	0	0	63	63
n07711569_447.JPEG	0	3	63	63
n07711569_198.JPEG	14	0	57	34
n07711569_302.JPEG	0	23	44	57
n07711569_259.JPEG	8	2	37	40
n07711569_273.JPEG	10	1	63	30
n07711569_491.JPEG	16	27	39	48
n07711569_6.JPEG	15	8	43	35
n07711569_412.JPEG	0	9	32	53
n07711569_15.JPEG	43	14	63	50
n07711569_193.JPEG	0	24	14	61
n07711569_120.JPEG	0	6	44	59
n07711569_476.JPEG	15	15	59	49
n07711569_224.JPEG	10	15	63	58
n07711569_393.JPEG	0	1	63	60
n07711569_23.JPEG	17	21	54	44
n07711569_260.JPEG	0	0	58	63
n07711569_95.JPEG	0	2	35	29
n07711569_383.JPEG	6	19	63	58
n07711569_244.JPEG	6	23	58	39
n07711569_480.JPEG	26	22	51	43
n07711569_161.JPEG	36	12	63	51
n07711569_190.JPEG	1	5	63	32
n07711569_334.JPEG	37	11	62	47
n07711569_30.JPEG	42	39	63	63
n07711569_427.JPEG	25	15	42	28
n07711569_96.JPEG	0	7	26	40
n07711569_142.JPEG	0	4	25	42
n07711569_405.JPEG	0	7	63	61
n07711569_99.JPEG	0	1	63	63
n07711569_471.JPEG	0	22	63	63
n07711569_492.JPEG	0	1	22	58
n07711569_256.JPEG	0	29	63	63
n07711569_72.JPEG	5	58	32	63
n07711569_438.JPEG	0	1	63	63
n07711569_455.JPEG	0	0	63	63
n07711569_169.JPEG	0	12	30	46
n07711569_386.JPEG	0	18	46	54
n07711569_349.JPEG	34	1	63	60
n07711569_495.JPEG	0	5	63	63
n07711569_474.JPEG	0	3	63	62
n07711569_178.JPEG	23	17	63	59
n07711569_421.JPEG	0	35	32	58
n07711569_182.JPEG	0	9	63	63
n07711569_191.JPEG	0	2	29	63
n07711569_31.JPEG	0	0	63	63
n07711569_365.JPEG	2	25	32	52
n07711569_331.JPEG	0	4	63	60
n07711569_272.JPEG	5	6	63	63
n07711569_352.JPEG	0	12	63	50
n07711569_469.JPEG	36	28	63	50
n07711569_279.JPEG	23	0	63	33
n07711569_164.JPEG	0	9	58	58
n07711569_316.JPEG	29	16	58	44
n07711569_4.JPEG	0	10	63	43
n07711569_466.JPEG	0	23	38	57
n07711569_202.JPEG	0	1	63	54
n07711569_381.JPEG	0	0	63	57
n07711569_404.JPEG	36	13	62	45
n07711569_77.JPEG	11	13	60	50
n07711569_214.JPEG	27	0	63	36
n07711569_277.JPEG	29	28	55	51
n07711569_212.JPEG	29	4	62	51
n07711569_32.JPEG	0	25	63	62
n07711569_103.JPEG	11	14	51	52
n07711569_177.JPEG	0	33	31	63
n07711569_20.JPEG	0	10	63	59
n07711569_173.JPEG	0	3	26	33
n07711569_343.JPEG	25	0	63	60
n07711569_107.JPEG	0	3	63	50
n07711569_440.JPEG	0	0	63	63
n07711569_29.JPEG	0	13	63	63
n07711569_419.JPEG	0	10	31	46
n07711569_429.JPEG	40	11	63	44
n07711569_269.JPEG	0	0	63	63
n07711569_90.JPEG	0	3	46	40
n07711569_456.JPEG	36	16	63	63
n07711569_194.JPEG	5	24	28	54
n07711569_151.JPEG	1	0	47	46
n07711569_248.JPEG	29	1	63	31
n07711569_444.JPEG	8	12	61	53
n07711569_354.JPEG	0	17	63	61
n07711569_408.JPEG	0	0	63	63
n07711569_288.JPEG	2	12	52	39
n07711569_206.JPEG	0	1	39	45
n07711569_225.JPEG	0	5	25	32
n07711569_304.JPEG	0	32	34	63
n07711569_5.JPEG	0	0	63	61
n07711569_324.JPEG	0	2	63	63
n07711569_293.JPEG	0	0	59	63
n07711569_135.JPEG	34	8	63	30
n07711569_241.JPEG	11	13	46	38
n07711569_158.JPEG	32	6	63	46
n07711569_417.JPEG	0	7	63	63
n07711569_115.JPEG	0	13	63	63
n07711569_42.JPEG	12	33	58	63
n07711569_183.JPEG	30	12	63	58
n07711569_467.JPEG	7	33	47	56
n07711569_37.JPEG	0	6	63	59
n07711569_231.JPEG	1	23	63	57
n07711569_295.JPEG	0	16	63	60
n07711569_168.JPEG	25	13	58	42
n07711569_257.JPEG	22	40	41	52
n07711569_314.JPEG	21	26	63	53
n07711569_355.JPEG	3	23	37	56
n07711569_181.JPEG	0	0	63	63
n07711569_143.JPEG	0	0	63	63
n07711569_14.JPEG	24	33	49	59
n07711569_434.JPEG	36	32	63	63
n07711569_274.JPEG	0	0	63	63
n07711569_446.JPEG	0	0	63	53
n07711569_18.JPEG	0	28	25	53
n07711569_478.JPEG	0	0	63	63
n07711569_118.JPEG	5	11	60	63
n07711569_301.JPEG	5	20	30	58
n07711569_258.JPEG	34	21	63	55
n07711569_287.JPEG	12	7	57	43
n07711569_362.JPEG	30	0	63	34
n07711569_187.JPEG	0	8	36	42
n07711569_88.JPEG	0	2	60	53
n07711569_94.JPEG	29	31	63	63
n07711569_310.JPEG	0	0	50	51
n07711569_200.JPEG	36	0	63	44
n07711569_92.JPEG	36	30	63	50
n07711569_220.JPEG	0	21	53	46
n07711569_35.JPEG	0	0	63	63
n07711569_454.JPEG	17	15	58	51
n07711569_172.JPEG	0	5	57	58
n07711569_262.JPEG	12	20	54	51
n07711569_134.JPEG	0	13	63	58
n07711569_163.JPEG	0	21	63	55
n07711569_340.JPEG	32	8	63	28
n07711569_44.JPEG	0	7	63	63
n07711569_254.JPEG	6	1	53	22
n07711569_128.JPEG	0	11	63	53
n07711569_50.JPEG	0	29	57	53
n07711569_0.JPEG	5	8	52	23
n07711569_246.JPEG	0	14	63	55
n07711569_282.JPEG	9	20	35	48
n07711569_192.JPEG	2	13	57	60
n07711569_34.JPEG	21	15	61	43
n07711569_97.JPEG	0	19	46	63
n07711569_477.JPEG	9	2	63	47
n07711569_242.JPEG	24	26	63	63
n07711569_462.JPEG	0	2	56	57
n07711569_217.JPEG	0	11	22	32
val_6754.JPEG	38	0	63	19
val_6513.JPEG	0	0	63	63
val_6715.JPEG	0	11	63	62
val_7010.JPEG	0	32	35	53
val_8444.JPEG	0	12	63	63
val_9477.JPEG	0	6	63	57
val_6348.JPEG	0	3	63	57
val_906.JPEG	25	1	63	34
val_2460.JPEG	0	1	63	63
val_4406.JPEG	7	16	56	59
val_1759.JPEG	0	5	57	55
val_2404.JPEG	0	32	54	63
val_8856.JPEG	0	0	63	58
val_3929.JPEG	0	31	32	61
val_336.JPEG	0	30	48	56
val_2429.JPEG	35	17	63	42
val_5005.JPEG	1	17	59	52
val_2917.JPEG	32	15	56	35
val_7096.JPEG	24	36	63	63
val_3661.JPEG	0	13	49	63
val_3278.JPEG	10	0	49	26
val_2141.JPEG	6	16	63	52
val_3889.JPEG	43	7	63	33
val_4111.JPEG	29	18	63	59
val_7575.JPEG	22	15	55	53
val_8697.JPEG	0	1	63	63
val_4694.JPEG	26	17	63	35
val_4531.JPEG	29	48	59	63
val_2241.JPEG	0	25	29	63
val_3304.JPEG	8	13	53	41
val_5704.JPEG	3	9	63	53
val_7546.JPEG	0	10	29	41
val_5109.JPEG	0	0	63	63
val_7272.JPEG	12	37	52	63
val_9712.JPEG	2	9	63	63
