n01917289_490.JPEG	0	8	63	63
n01917289_276.JPEG	3	39	26	54
n01917289_462.JPEG	0	7	63	63
n01917289_168.JPEG	0	4	63	63
n01917289_153.JPEG	0	0	63	63
n01917289_140.JPEG	0	1	63	63
n01917289_210.JPEG	0	1	61	60
n01917289_103.JPEG	13	11	56	62
n01917289_452.JPEG	4	2	62	63
n01917289_78.JPEG	0	3	63	60
n01917289_224.JPEG	12	20	50	55
n01917289_349.JPEG	0	0	63	63
n01917289_440.JPEG	0	11	63	60
n01917289_331.JPEG	0	14	44	57
n01917289_299.JPEG	0	1	63	63
n01917289_111.JPEG	1	0	62	63
n01917289_105.JPEG	12	19	43	53
n01917289_191.JPEG	2	1	60	48
n01917289_206.JPEG	0	1	63	51
n01917289_307.JPEG	0	4	63	63
n01917289_142.JPEG	17	17	52	48
n01917289_91.JPEG	8	11	47	54
n01917289_287.JPEG	0	14	48	63
n01917289_273.JPEG	0	1	63	50
n01917289_40.JPEG	0	1	63	63
n01917289_47.JPEG	23	15	57	39
n01917289_184.JPEG	4	19	63	63
n01917289_358.JPEG	0	5	63	63
n01917289_56.JPEG	7	1	63	63
n01917289_321.JPEG	0	0	33	26
n01917289_308.JPEG	0	0	63	63
n01917289_262.JPEG	4	4	63	61
n01917289_306.JPEG	0	6	63	63
n01917289_215.JPEG	0	0	63	63
n01917289_338.JPEG	1	35	54	63
n01917289_88.JPEG	10	0	63	62
n01917289_289.JPEG	8	14	43	48
n01917289_297.JPEG	14	11	50	56
n01917289_201.JPEG	0	1	63	63
n01917289_381.JPEG	0	0	63	63
n01917289_335.JPEG	0	4	62	61
n01917289_378.JPEG	0	0	63	63
n01917289_33.JPEG	13	1	57	50
n01917289_181.JPEG	0	6	61	63
n01917289_412.JPEG	9	31	58	63
n01917289_400.JPEG	0	6	63	63
n01917289_467.JPEG	0	6	63	58
n01917289_322.JPEG	0	11	63	63
n01917289_127.JPEG	0	22	63	61
n01917289_74.JPEG	0	7	63	63
n01917289_94.JPEG	24	25	63	58
n01917289_441.JPEG	27	50	53	63
n01917289_455.JPEG	0	0	63	62
n01917289_249.JPEG	9	37	56	63
n01917289_196.JPEG	0	11	59	51
n01917289_417.JPEG	4	8	63	59
n01917289_426.JPEG	8	8	54	48
n01917289_450.JPEG	4	13	61	54
n01917289_97.JPEG	4	28	60	63
n01917289_402.JPEG	0	0	63	63
n01917289_6.JPEG	18	5	63	58
n01917289_255.JPEG	3	20	44	59
n01917289_126.JPEG	1	12	47	63
n01917289_310.JPEG	0	10	58	63
n01917289_176.JPEG	0	6	63	63
n01917289_439.JPEG	13	23	63	63
n01917289_166.JPEG	35	35	63	63
n01917289_235.JPEG	0	0	63	63
n01917289_34.JPEG	0	0	63	63
n01917289_203.JPEG	0	1	63	63
n01917289_220.JPEG	12	0	63	63
n01917289_312.JPEG	0	1	63	63
n01917289_205.JPEG	0	0	63	63
n01917289_100.JPEG	0	3	63	57
n01917289_12.JPEG	0	0	63	63
n01917289_212.JPEG	0	0	63	48
n01917289_158.JPEG	0	0	63	63
n01917289_399.JPEG	0	1	39	63
n01917289_296.JPEG	0	4	60	63
n01917289_233.JPEG	0	2	63	63
n01917289_80.JPEG	0	4	63	63
n01917289_324.JPEG	0	20	63	63
n01917289_185.JPEG	0	37	63	63
n01917289_151.JPEG	2	3	61	56
n01917289_243.JPEG	0	5	59	55
n01917289_222.JPEG	22	12	37	26
n01917289_315.JPEG	0	2	63	60
n01917289_23.JPEG	0	1	63	63
n01917289_77.JPEG	0	5	63	62
n01917289_225.JPEG	0	0	63	36
n01917289_149.JPEG	5	28	30	59
n01917289_37.JPEG	0	1	63	63
n01917289_71.JPEG	0	10	63	63
n01917289_278.JPEG	0	7	63	48
n01917289_498.JPEG	0	0	52	40
n01917289_488.JPEG	0	3	63	63
n01917289_303.JPEG	0	0	50	63
n01917289_170.JPEG	0	0	63	63
n01917289_113.JPEG	18	27	47	57
n01917289_208.JPEG	14	13	50	45
n01917289_267.JPEG	0	6	63	63
n01917289_453.JPEG	0	1	63	63
n01917289_313.JPEG	0	10	63	62
n01917289_459.JPEG	0	4	63	61
n01917289_326.JPEG	4	9	52	54
n01917289_231.JPEG	0	7	47	59
n01917289_340.JPEG	0	0	63	63
n01917289_82.JPEG	0	4	54	61
n01917289_355.JPEG	0	1	63	63
n01917289_275.JPEG	0	2	63	63
n01917289_497.JPEG	0	21	61	60
n01917289_392.JPEG	1	16	63	55
n01917289_165.JPEG	0	1	63	63
n01917289_281.JPEG	0	9	63	61
n01917289_263.JPEG	0	13	63	63
n01917289_448.JPEG	19	18	44	48
n01917289_241.JPEG	0	1	63	63
n01917289_178.JPEG	26	26	47	51
n01917289_431.JPEG	18	0	63	59
n01917289_137.JPEG	0	12	56	63
n01917289_284.JPEG	0	0	63	63
n01917289_418.JPEG	0	1	63	63
n01917289_353.JPEG	0	12	37	63
n01917289_253.JPEG	0	2	63	63
n01917289_221.JPEG	1	2	59	59
n01917289_95.JPEG	0	31	33	63
n01917289_64.JPEG	0	0	63	63
n01917289_438.JPEG	9	29	60	63
n01917289_327.JPEG	0	0	63	63
n01917289_251.JPEG	14	17	48	48
n01917289_49.JPEG	5	5	56	56
n01917289_259.JPEG	0	5	63	63
n01917289_29.JPEG	36	14	63	45
n01917289_328.JPEG	13	17	50	53
n01917289_406.JPEG	0	0	63	63
n01917289_352.JPEG	1	16	63	63
n01917289_383.JPEG	0	0	56	63
n01917289_204.JPEG	8	12	48	55
n01917289_270.JPEG	6	10	63	60
n01917289_389.JPEG	0	7	63	63
n01917289_388.JPEG	0	0	63	63
n01917289_407.JPEG	4	11	63	55
n01917289_197.JPEG	2	23	57	63
n01917289_146.JPEG	0	6	63	63
n01917289_332.JPEG	0	1	63	63
n01917289_414.JPEG	0	7	63	61
n01917289_41.JPEG	13	1	63	61
n01917289_72.JPEG	0	3	63	57
n01917289_374.JPEG	9	10	62	55
n01917289_337.JPEG	0	3	63	62
n01917289_456.JPEG	3	14	63	56
n01917289_211.JPEG	17	4	52	45
n01917289_486.JPEG	0	24	37	63
n01917289_283.JPEG	8	14	55	61
n01917289_420.JPEG	0	7	58	48
n01917289_346.JPEG	0	0	63	63
n01917289_487.JPEG	11	23	43	52
n01917289_242.JPEG	0	2	63	61
n01917289_461.JPEG	0	1	63	63
n01917289_213.JPEG	18	15	36	34
n01917289_190.JPEG	15	18	46	47
n01917289_39.JPEG	0	1	63	63
n01917289_485.JPEG	4	9	61	55
n01917289_391.JPEG	0	7	63	62
n01917289_115.JPEG	35	21	63	56
n01917289_371.JPEG	12	29	63	63
n01917289_416.JPEG	0	5	63	63
n01917289_139.JPEG	0	33	63	63
n01917289_63.JPEG	16	15	51	48
n01917289_472.JPEG	7	18	50	63
n01917289_256.JPEG	2	2	61	62
n01917289_469.JPEG	23	19	46	51
n01917289_477.JPEG	7	3	63	49
n01917289_244.JPEG	1	10	57	63
n01917289_359.JPEG	0	1	63	63
n01917289_271.JPEG	0	23	63	63
n01917289_246.JPEG	0	1	63	63
n01917289_435.JPEG	3	1	63	56
n01917289_425.JPEG	0	1	63	63
n01917289_341.JPEG	5	11	51	46
n01917289_466.JPEG	0	0	63	63
n01917289_120.JPEG	0	22	63	63
n01917289_236.JPEG	0	26	63	63
n01917289_15.JPEG	8	29	46	55
n01917289_445.JPEG	0	1	63	63
n01917289_290.JPEG	10	18	47	55
n01917289_316.JPEG	5	5	63	57
n01917289_157.JPEG	7	0	56	63
n01917289_446.JPEG	14	30	53	61
n01917289_62.JPEG	0	1	63	63
n01917289_114.JPEG	7	2	63	63
n01917289_419.JPEG	1	0	63	48
n01917289_192.JPEG	0	6	34	63
n01917289_194.JPEG	0	6	50	62
n01917289_162.JPEG	4	10	63	57
n01917289_471.JPEG	27	15	63	63
n01917289_102.JPEG	0	0	63	63
n01917289_318.JPEG	2	1	62	57
n01917289_279.JPEG	0	13	63	63
n01917289_25.JPEG	0	1	63	63
n01917289_314.JPEG	9	8	54	53
n01917289_159.JPEG	2	9	62	61
n01917289_42.JPEG	0	0	63	63
n01917289_240.JPEG	8	9	53	55
n01917289_216.JPEG	22	6	59	40
n01917289_32.JPEG	0	0	55	61
n01917289_489.JPEG	1	0	63	63
n01917289_300.JPEG	0	0	63	63
n01917289_85.JPEG	3	0	63	63
n01917289_156.JPEG	5	0	61	16
n01917289_83.JPEG	2	10	63	63
n01917289_177.JPEG	19	13	63	63
n01917289_320.JPEG	2	6	63	62
n01917289_404.JPEG	0	7	63	52
n01917289_175.JPEG	0	0	63	63
n01917289_496.JPEG	3	7	63	60
n01917289_386.JPEG	0	1	63	63
n01917289_339.JPEG	15	6	63	63
n01917289_379.JPEG	8	9	63	55
n01917289_108.JPEG	0	38	62	63
n01917289_484.JPEG	0	19	58	63
n01917289_18.JPEG	9	18	50	50
n01917289_180.JPEG	0	1	63	63
n01917289_245.JPEG	31	27	60	60
n01917289_14.JPEG	0	1	63	63
n01917289_492.JPEG	0	0	63	63
n01917289_179.JPEG	5	1	63	62
n01917289_294.JPEG	8	24	63	40
n01917289_292.JPEG	0	0	63	63
n01917289_3.JPEG	1	7	63	60
n01917289_27.JPEG	0	0	63	63
n01917289_99.JPEG	7	7	53	53
n01917289_160.JPEG	0	22	63	63
n01917289_98.JPEG	0	2	61	63
n01917289_193.JPEG	0	0	63	63
n01917289_133.JPEG	0	5	63	61
n01917289_317.JPEG	3	16	59	61
n01917289_11.JPEG	0	1	63	63
n01917289_106.JPEG	7	12	41	41
n01917289_367.JPEG	0	0	63	63
n01917289_84.JPEG	1	0	63	62
n01917289_150.JPEG	0	2	60	63
n01917289_200.JPEG	7	3	61	59
n01917289_282.JPEG	0	0	63	63
n01917289_58.JPEG	0	4	63	60
n01917289_155.JPEG	17	19	42	44
n01917289_152.JPEG	28	12	63	48
n01917289_232.JPEG	1	9	45	62
n01917289_187.JPEG	0	1	63	63
n01917289_8.JPEG	0	0	63	63
n01917289_195.JPEG	0	2	63	63
n01917289_376.JPEG	15	9	49	47
n01917289_237.JPEG	5	10	56	50
n01917289_272.JPEG	8	3	58	54
n01917289_264.JPEG	38	17	61	38
n01917289_154.JPEG	0	8	63	63
n01917289_369.JPEG	0	0	63	63
n01917289_429.JPEG	0	1	63	63
n01917289_274.JPEG	4	2	62	48
n01917289_171.JPEG	11	9	63	46
n01917289_325.JPEG	7	24	57	63
n01917289_476.JPEG	11	34	51	60
n01917289_228.JPEG	2	14	58	60
n01917289_442.JPEG	0	0	63	63
n01917289_475.JPEG	5	8	59	63
n01917289_36.JPEG	0	1	63	63
n01917289_333.JPEG	0	0	55	41
n01917289_61.JPEG	16	10	55	62
n01917289_460.JPEG	0	1	63	63
n01917289_46.JPEG	1	1	58	60
n01917289_447.JPEG	6	32	56	63
n01917289_483.JPEG	0	0	63	61
n01917289_354.JPEG	0	1	63	63
n01917289_286.JPEG	0	0	63	63
n01917289_258.JPEG	0	15	63	63
n01917289_93.JPEG	0	1	63	63
n01917289_125.JPEG	17	8	63	62
n01917289_164.JPEG	0	0	63	63
n01917289_51.JPEG	1	15	63	59
n01917289_247.JPEG	0	0	63	63
n01917289_422.JPEG	13	3	63	62
n01917289_494.JPEG	0	3	63	63
n01917289_214.JPEG	0	1	63	63
n01917289_334.JPEG	17	6	63	63
n01917289_468.JPEG	0	1	63	63
n01917289_30.JPEG	0	0	63	63
n01917289_342.JPEG	3	6	60	61
n01917289_67.JPEG	2	13	62	60
n01917289_31.JPEG	0	0	63	63
n01917289_141.JPEG	0	1	63	63
n01917289_26.JPEG	0	1	63	63
n01917289_423.JPEG	11	3	46	55
n01917289_375.JPEG	0	1	63	63
n01917289_45.JPEG	0	2	63	61
n01917289_432.JPEG	9	2	63	59
n01917289_189.JPEG	0	1	63	63
n01917289_323.JPEG	1	5	60	52
n01917289_403.JPEG	11	29	58	63
n01917289_430.JPEG	0	0	63	57
n01917289_480.JPEG	0	12	63	63
n01917289_257.JPEG	9	14	63	63
n01917289_434.JPEG	22	1	63	53
n01917289_101.JPEG	33	21	61	51
n01917289_493.JPEG	1	3	63	61
n01917289_199.JPEG	0	6	63	63
n01917289_229.JPEG	0	1	51	63
n01917289_0.JPEG	15	13	63	48
n01917289_136.JPEG	0	18	63	59
n01917289_186.JPEG	0	0	63	60
n01917289_252.JPEG	0	0	63	63
n01917289_443.JPEG	1	10	63	55
n01917289_107.JPEG	0	0	63	63
n01917289_234.JPEG	0	1	63	63
n01917289_428.JPEG	5	13	59	47
n01917289_372.JPEG	3	34	46	63
n01917289_427.JPEG	10	4	59	54
n01917289_351.JPEG	0	0	63	63
n01917289_348.JPEG	0	0	63	63
n01917289_347.JPEG	14	6	63	50
n01917289_465.JPEG	0	14	54	62
n01917289_134.JPEG	0	0	63	63
n01917289_57.JPEG	0	24	36	63
n01917289_474.JPEG	12	13	54	53
n01917289_79.JPEG	0	1	63	63
n01917289_55.JPEG	17	13	49	37
n01917289_298.JPEG	0	2	59	58
n01917289_104.JPEG	0	0	63	63
n01917289_16.JPEG	5	15	44	49
n01917289_70.JPEG	3	5	63	62
n01917289_482.JPEG	0	0	63	63
n01917289_250.JPEG	5	19	63	63
n01917289_202.JPEG	13	18	57	57
n01917289_217.JPEG	0	1	63	63
n01917289_401.JPEG	17	30	52	63
n01917289_35.JPEG	0	7	63	58
n01917289_69.JPEG	15	32	52	55
n01917289_53.JPEG	0	0	63	63
n01917289_395.JPEG	0	9	63	63
n01917289_169.JPEG	0	0	63	63
n01917289_87.JPEG	27	1	63	61
n01917289_390.JPEG	1	13	46	63
n01917289_499.JPEG	0	1	63	63
n01917289_311.JPEG	0	10	63	53
n01917289_173.JPEG	2	3	63	63
n01917289_370.JPEG	0	0	63	63
n01917289_366.JPEG	0	1	63	63
n01917289_248.JPEG	0	7	63	59
n01917289_377.JPEG	3	23	63	63
n01917289_362.JPEG	32	1	63	27
n01917289_239.JPEG	9	37	63	63
val_8712.JPEG	1	6	63	63
val_2204.JPEG	9	11	63	63
val_3359.JPEG	0	5	63	60
val_9357.JPEG	17	19	54	47
val_9109.JPEG	0	10	63	63
val_2716.JPEG	0	17	50	56
val_614.JPEG	10	24	43	57
val_315.JPEG	18	22	45	53
val_9644.JPEG	19	24	44	43
val_2626.JPEG	28	10	63	58
val_4695.JPEG	28	18	63	49
val_224.JPEG	0	3	63	60
val_7940.JPEG	3	4	51	47
val_2645.JPEG	0	31	63	63
val_2244.JPEG	0	0	63	63
val_7719.JPEG	0	1	63	63
val_7639.JPEG	11	36	63	63
val_346.JPEG	0	0	63	63
val_7458.JPEG	0	0	63	63
val_9122.JPEG	0	11	44	63
val_709.JPEG	14	10	58	47
val_470.JPEG	0	0	63	63
val_162.JPEG	0	1	63	63
val_9775.JPEG	6	4	63	44
val_282.JPEG	8	14	56	59
val_8969.JPEG	6	13	43	58
val_9656.JPEG	2	2	63	63
val_9853.JPEG	0	3	63	63
val_2814.JPEG	0	0	63	60
val_977.JPEG	0	4	63	63
val_5592.JPEG	20	0	63	63
val_4150.JPEG	9	6	63	56
val_7194.JPEG	5	21	61	63
val_5708.JPEG	7	10	56	57
val_5851.JPEG	5	9	63	63
