n04399382_461.JPEG	0	23	18	62
n04399382_366.JPEG	27	22	63	63
n04399382_20.JPEG	1	0	63	63
n04399382_264.JPEG	0	0	63	63
n04399382_440.JPEG	2	18	63	57
n04399382_353.JPEG	3	0	63	63
n04399382_80.JPEG	3	0	58	63
n04399382_306.JPEG	1	0	63	63
n04399382_156.JPEG	10	15	45	57
n04399382_403.JPEG	0	1	63	63
n04399382_44.JPEG	9	8	52	57
n04399382_119.JPEG	0	5	38	63
n04399382_378.JPEG	28	43	63	63
n04399382_15.JPEG	13	1	63	63
n04399382_150.JPEG	0	14	63	57
n04399382_241.JPEG	10	5	63	63
n04399382_367.JPEG	0	5	55	63
n04399382_301.JPEG	12	0	44	59
n04399382_490.JPEG	6	2	54	62
n04399382_157.JPEG	0	11	63	63
n04399382_346.JPEG	10	0	57	63
n04399382_215.JPEG	1	26	53	63
n04399382_222.JPEG	1	0	63	63
n04399382_35.JPEG	0	2	63	63
n04399382_364.JPEG	0	0	63	63
n04399382_233.JPEG	29	32	59	63
n04399382_117.JPEG	1	9	49	63
n04399382_275.JPEG	0	5	61	63
n04399382_3.JPEG	0	9	63	63
n04399382_307.JPEG	7	1	63	63
n04399382_249.JPEG	10	12	44	60
n04399382_40.JPEG	8	2	59	63
n04399382_278.JPEG	5	0	57	63
n04399382_311.JPEG	21	13	47	54
n04399382_305.JPEG	0	8	40	59
n04399382_314.JPEG	6	6	39	61
n04399382_386.JPEG	0	4	63	63
n04399382_151.JPEG	11	0	61	63
n04399382_407.JPEG	3	0	63	63
n04399382_191.JPEG	26	15	48	40
n04399382_303.JPEG	3	0	61	63
n04399382_342.JPEG	0	0	63	63
n04399382_23.JPEG	13	8	61	57
n04399382_201.JPEG	23	18	48	46
n04399382_29.JPEG	5	0	60	63
n04399382_479.JPEG	6	0	63	63
n04399382_122.JPEG	0	0	63	63
n04399382_268.JPEG	20	16	60	63
n04399382_369.JPEG	26	32	33	45
n04399382_144.JPEG	0	1	61	58
n04399382_147.JPEG	0	15	52	63
n04399382_398.JPEG	7	36	37	63
n04399382_153.JPEG	0	17	63	60
n04399382_250.JPEG	8	4	63	63
n04399382_190.JPEG	6	9	56	56
n04399382_465.JPEG	20	1	63	63
n04399382_447.JPEG	11	30	33	63
n04399382_170.JPEG	6	0	61	63
n04399382_498.JPEG	11	6	63	50
n04399382_410.JPEG	12	14	63	61
n04399382_33.JPEG	0	1	63	63
n04399382_437.JPEG	8	1	60	63
n04399382_265.JPEG	31	8	63	54
n04399382_279.JPEG	4	0	63	58
n04399382_439.JPEG	0	1	63	63
n04399382_175.JPEG	1	0	60	63
n04399382_429.JPEG	18	3	63	61
n04399382_88.JPEG	5	0	58	61
n04399382_38.JPEG	5	12	37	51
n04399382_290.JPEG	23	36	56	63
n04399382_204.JPEG	0	0	63	63
n04399382_288.JPEG	4	6	58	63
n04399382_13.JPEG	0	1	42	59
n04399382_118.JPEG	13	13	55	60
n04399382_168.JPEG	1	0	59	59
n04399382_375.JPEG	3	0	63	63
n04399382_349.JPEG	0	0	63	63
n04399382_219.JPEG	5	0	61	57
n04399382_360.JPEG	0	3	63	63
n04399382_263.JPEG	2	4	56	61
n04399382_0.JPEG	1	0	62	63
n04399382_400.JPEG	5	6	58	63
n04399382_14.JPEG	17	22	43	46
n04399382_165.JPEG	14	31	60	63
n04399382_189.JPEG	0	3	63	63
n04399382_318.JPEG	8	6	59	57
n04399382_412.JPEG	0	10	39	63
n04399382_246.JPEG	13	11	37	45
n04399382_273.JPEG	22	1	63	63
n04399382_454.JPEG	1	4	55	63
n04399382_41.JPEG	0	7	38	53
n04399382_381.JPEG	2	3	61	63
n04399382_424.JPEG	7	8	56	63
n04399382_6.JPEG	19	23	45	45
n04399382_31.JPEG	0	33	63	63
n04399382_300.JPEG	0	0	63	63
n04399382_356.JPEG	2	10	61	57
n04399382_339.JPEG	17	35	42	57
n04399382_98.JPEG	0	8	61	60
n04399382_387.JPEG	7	6	39	63
n04399382_496.JPEG	7	7	51	57
n04399382_162.JPEG	15	0	63	63
n04399382_126.JPEG	6	6	60	53
n04399382_149.JPEG	5	8	60	63
n04399382_283.JPEG	19	12	57	52
n04399382_459.JPEG	0	0	63	63
n04399382_332.JPEG	8	0	63	63
n04399382_281.JPEG	0	8	48	59
n04399382_359.JPEG	4	6	63	63
n04399382_476.JPEG	0	0	33	62
n04399382_267.JPEG	16	12	60	62
n04399382_207.JPEG	0	1	56	63
n04399382_320.JPEG	4	0	63	63
n04399382_258.JPEG	0	0	38	63
n04399382_145.JPEG	26	13	63	41
n04399382_155.JPEG	0	0	63	63
n04399382_42.JPEG	32	7	59	63
n04399382_2.JPEG	10	12	46	55
n04399382_116.JPEG	8	12	63	63
n04399382_76.JPEG	4	1	63	63
n04399382_63.JPEG	0	6	60	63
n04399382_244.JPEG	29	19	63	61
n04399382_469.JPEG	35	6	63	63
n04399382_345.JPEG	34	24	62	63
n04399382_22.JPEG	0	1	63	63
n04399382_302.JPEG	0	3	63	63
n04399382_338.JPEG	0	0	63	50
n04399382_130.JPEG	13	10	51	48
n04399382_65.JPEG	2	5	62	63
n04399382_9.JPEG	0	0	63	63
n04399382_414.JPEG	1	0	63	63
n04399382_179.JPEG	7	2	50	54
n04399382_458.JPEG	7	8	62	63
n04399382_115.JPEG	11	10	63	58
n04399382_235.JPEG	5	37	28	63
n04399382_388.JPEG	0	0	62	63
n04399382_99.JPEG	1	0	63	63
n04399382_224.JPEG	0	4	36	59
n04399382_52.JPEG	20	25	43	43
n04399382_58.JPEG	1	2	51	63
n04399382_85.JPEG	9	31	58	63
n04399382_227.JPEG	8	1	58	63
n04399382_84.JPEG	0	9	63	63
n04399382_362.JPEG	14	2	59	62
n04399382_322.JPEG	0	16	42	54
n04399382_377.JPEG	0	0	61	63
n04399382_428.JPEG	0	0	63	63
n04399382_228.JPEG	25	11	63	63
n04399382_100.JPEG	39	0	63	38
n04399382_137.JPEG	0	0	54	63
n04399382_449.JPEG	0	0	63	63
n04399382_159.JPEG	0	0	63	63
n04399382_83.JPEG	20	26	40	45
n04399382_422.JPEG	2	4	55	63
n04399382_61.JPEG	1	0	62	59
n04399382_390.JPEG	7	3	58	61
n04399382_200.JPEG	11	0	61	63
n04399382_48.JPEG	7	8	63	58
n04399382_298.JPEG	0	0	63	63
n04399382_489.JPEG	14	1	63	63
n04399382_188.JPEG	2	8	59	63
n04399382_208.JPEG	0	17	44	63
n04399382_132.JPEG	5	2	61	63
n04399382_97.JPEG	0	0	62	63
n04399382_299.JPEG	2	3	63	63
n04399382_271.JPEG	13	23	39	54
n04399382_240.JPEG	0	13	51	62
n04399382_245.JPEG	22	20	36	39
n04399382_420.JPEG	0	14	63	63
n04399382_176.JPEG	5	0	58	53
n04399382_214.JPEG	8	0	63	63
n04399382_10.JPEG	0	15	43	60
n04399382_380.JPEG	0	0	63	63
n04399382_296.JPEG	4	7	59	63
n04399382_55.JPEG	0	1	63	63
n04399382_70.JPEG	0	1	63	63
n04399382_481.JPEG	17	0	51	63
n04399382_234.JPEG	14	11	54	60
n04399382_16.JPEG	3	3	63	62
n04399382_18.JPEG	11	0	54	49
n04399382_344.JPEG	44	17	63	60
n04399382_392.JPEG	0	4	47	63
n04399382_384.JPEG	6	1	63	63
n04399382_427.JPEG	20	0	50	40
n04399382_220.JPEG	20	0	63	21
n04399382_486.JPEG	0	3	63	63
n04399382_172.JPEG	0	4	63	62
n04399382_237.JPEG	4	4	61	60
n04399382_87.JPEG	8	7	51	60
n04399382_77.JPEG	1	5	60	63
n04399382_17.JPEG	8	0	56	63
n04399382_86.JPEG	6	0	59	63
n04399382_485.JPEG	1	0	43	63
n04399382_291.JPEG	0	0	63	63
n04399382_295.JPEG	37	7	63	36
n04399382_103.JPEG	7	23	33	57
n04399382_238.JPEG	1	0	63	63
n04399382_450.JPEG	10	11	45	62
n04399382_212.JPEG	2	0	63	63
n04399382_68.JPEG	6	19	48	63
n04399382_444.JPEG	2	6	61	63
n04399382_257.JPEG	0	1	63	63
n04399382_274.JPEG	0	6	63	63
n04399382_326.JPEG	5	3	62	63
n04399382_453.JPEG	19	7	63	63
n04399382_27.JPEG	15	1	47	54
n04399382_110.JPEG	1	0	63	63
n04399382_184.JPEG	0	3	46	63
n04399382_164.JPEG	13	11	53	48
n04399382_331.JPEG	0	0	63	63
n04399382_475.JPEG	6	0	58	62
n04399382_371.JPEG	0	0	63	63
n04399382_56.JPEG	1	0	63	63
n04399382_203.JPEG	4	0	56	63
n04399382_12.JPEG	21	41	58	63
n04399382_442.JPEG	0	8	34	62
n04399382_134.JPEG	15	0	49	51
n04399382_51.JPEG	0	4	57	63
n04399382_262.JPEG	2	0	63	63
n04399382_368.JPEG	22	1	63	55
n04399382_32.JPEG	7	7	59	61
n04399382_340.JPEG	5	0	63	63
n04399382_370.JPEG	0	9	44	60
n04399382_171.JPEG	2	0	61	63
n04399382_383.JPEG	2	0	63	63
n04399382_167.JPEG	32	19	59	42
n04399382_106.JPEG	1	0	53	63
n04399382_416.JPEG	7	0	58	63
n04399382_457.JPEG	9	9	57	63
n04399382_4.JPEG	0	0	63	63
n04399382_69.JPEG	8	10	62	63
n04399382_431.JPEG	0	0	63	63
n04399382_397.JPEG	12	10	63	57
n04399382_470.JPEG	1	0	63	63
n04399382_483.JPEG	10	12	56	57
n04399382_480.JPEG	7	1	63	63
n04399382_173.JPEG	11	16	63	58
n04399382_355.JPEG	2	0	63	63
n04399382_373.JPEG	7	16	63	56
n04399382_142.JPEG	7	9	63	62
n04399382_408.JPEG	14	16	55	55
n04399382_30.JPEG	24	7	63	57
n04399382_462.JPEG	5	0	61	63
n04399382_210.JPEG	18	18	56	63
n04399382_418.JPEG	4	3	63	63
n04399382_451.JPEG	0	8	63	59
n04399382_121.JPEG	2	0	62	63
n04399382_71.JPEG	4	0	63	63
n04399382_276.JPEG	0	1	63	63
n04399382_482.JPEG	9	0	63	51
n04399382_426.JPEG	51	28	63	63
n04399382_256.JPEG	0	3	41	61
n04399382_221.JPEG	2	2	58	61
n04399382_81.JPEG	0	0	63	63
n04399382_350.JPEG	13	27	36	55
n04399382_452.JPEG	8	0	54	63
n04399382_211.JPEG	1	1	63	63
n04399382_217.JPEG	38	16	58	36
n04399382_104.JPEG	8	0	63	63
n04399382_39.JPEG	1	0	63	63
n04399382_45.JPEG	4	0	62	63
n04399382_239.JPEG	14	18	40	47
n04399382_93.JPEG	0	0	63	63
n04399382_417.JPEG	0	19	18	58
n04399382_289.JPEG	0	3	63	63
n04399382_112.JPEG	9	12	62	63
n04399382_286.JPEG	0	3	63	63
n04399382_467.JPEG	15	0	58	62
n04399382_495.JPEG	25	30	47	56
n04399382_393.JPEG	22	3	53	63
n04399382_133.JPEG	0	3	34	63
n04399382_464.JPEG	0	6	32	63
n04399382_218.JPEG	0	0	63	63
n04399382_90.JPEG	12	0	52	53
n04399382_361.JPEG	36	48	59	58
n04399382_287.JPEG	7	0	57	36
n04399382_474.JPEG	4	0	59	63
n04399382_169.JPEG	0	0	63	63
n04399382_430.JPEG	7	29	26	63
n04399382_357.JPEG	1	0	63	63
n04399382_24.JPEG	1	0	63	63
n04399382_404.JPEG	0	3	63	61
n04399382_421.JPEG	3	4	63	63
n04399382_198.JPEG	0	22	25	54
n04399382_282.JPEG	26	5	63	32
n04399382_226.JPEG	11	5	52	63
n04399382_180.JPEG	7	4	63	63
n04399382_34.JPEG	5	0	53	61
n04399382_186.JPEG	8	22	47	63
n04399382_492.JPEG	6	0	63	63
n04399382_419.JPEG	0	11	63	57
n04399382_411.JPEG	23	0	62	53
n04399382_50.JPEG	9	5	48	62
n04399382_292.JPEG	6	0	58	63
n04399382_333.JPEG	0	0	63	63
n04399382_53.JPEG	5	0	59	63
n04399382_478.JPEG	16	20	56	63
n04399382_236.JPEG	14	4	51	62
n04399382_325.JPEG	14	3	56	63
n04399382_319.JPEG	0	10	62	63
n04399382_312.JPEG	0	1	63	61
n04399382_460.JPEG	5	2	61	63
n04399382_435.JPEG	0	11	41	63
n04399382_47.JPEG	27	6	63	56
n04399382_131.JPEG	1	0	63	63
n04399382_140.JPEG	0	21	63	63
n04399382_5.JPEG	5	0	62	63
n04399382_138.JPEG	5	4	59	63
n04399382_260.JPEG	12	24	61	63
n04399382_309.JPEG	5	0	60	63
n04399382_89.JPEG	0	6	59	63
n04399382_206.JPEG	0	1	59	63
n04399382_376.JPEG	21	12	45	37
n04399382_445.JPEG	1	0	63	63
n04399382_43.JPEG	3	2	63	63
n04399382_154.JPEG	18	0	59	63
n04399382_205.JPEG	2	0	61	63
n04399382_8.JPEG	10	1	49	63
n04399382_247.JPEG	0	15	63	63
n04399382_109.JPEG	15	0	63	63
n04399382_92.JPEG	2	0	63	63
n04399382_161.JPEG	37	26	63	55
n04399382_25.JPEG	3	9	60	63
n04399382_409.JPEG	0	0	63	63
n04399382_96.JPEG	5	3	61	63
n04399382_152.JPEG	0	3	49	62
n04399382_7.JPEG	0	8	63	63
n04399382_328.JPEG	0	9	63	63
n04399382_91.JPEG	14	1	63	63
n04399382_49.JPEG	12	13	49	55
n04399382_57.JPEG	11	12	63	63
n04399382_107.JPEG	0	1	63	63
n04399382_194.JPEG	9	5	61	63
n04399382_199.JPEG	0	1	62	63
n04399382_352.JPEG	16	0	59	62
n04399382_354.JPEG	12	5	51	63
n04399382_293.JPEG	0	0	63	63
n04399382_441.JPEG	23	20	46	40
n04399382_128.JPEG	1	3	63	63
n04399382_160.JPEG	5	6	60	62
n04399382_78.JPEG	6	14	40	55
n04399382_60.JPEG	1	14	60	63
n04399382_174.JPEG	3	1	57	45
n04399382_471.JPEG	8	13	60	63
n04399382_229.JPEG	6	4	61	61
n04399382_108.JPEG	2	0	61	63
n04399382_443.JPEG	7	31	42	63
n04399382_62.JPEG	5	0	56	63
n04399382_330.JPEG	10	0	63	63
n04399382_491.JPEG	0	0	63	63
val_5413.JPEG	0	0	63	63
val_3224.JPEG	0	7	63	63
val_4370.JPEG	6	0	52	63
val_5107.JPEG	0	23	58	63
val_4356.JPEG	0	2	35	62
val_678.JPEG	10	0	55	63
val_9320.JPEG	0	6	29	59
val_3783.JPEG	0	0	60	63
val_4432.JPEG	4	1	58	63
val_4034.JPEG	1	0	63	63
val_1415.JPEG	12	5	55	53
val_6797.JPEG	0	0	63	63
val_6595.JPEG	36	16	63	63
val_791.JPEG	0	3	63	63
val_9147.JPEG	6	1	60	63
val_6144.JPEG	14	2	52	60
val_1152.JPEG	0	12	30	63
val_6802.JPEG	0	0	63	63
val_6135.JPEG	15	0	55	22
val_3819.JPEG	15	12	45	40
val_2931.JPEG	0	0	63	63
val_5351.JPEG	2	0	63	63
val_8345.JPEG	0	0	63	63
val_8921.JPEG	1	0	61	63
val_7181.JPEG	9	10	55	63
val_895.JPEG	0	3	63	63
val_9476.JPEG	2	0	63	63
val_1253.JPEG	0	12	46	63
val_4801.JPEG	19	32	63	62
val_5112.JPEG	1	13	56	55
val_5.JPEG	7	0	59	63
val_4582.JPEG	3	2	56	63
val_9529.JPEG	0	2	63	63
val_5664.JPEG	2	0	63	59
val_5459.JPEG	9	6	57	59
