n04562935_405.JPEG	0	3	63	63
n04562935_345.JPEG	0	0	52	63
n04562935_299.JPEG	19	3	48	58
n04562935_230.JPEG	5	4	62	63
n04562935_129.JPEG	3	5	18	44
n04562935_76.JPEG	31	0	56	63
n04562935_353.JPEG	13	1	63	63
n04562935_352.JPEG	18	0	45	63
n04562935_106.JPEG	13	4	50	53
n04562935_273.JPEG	8	13	52	62
n04562935_312.JPEG	12	0	53	59
n04562935_486.JPEG	0	10	25	56
n04562935_188.JPEG	24	19	40	62
n04562935_455.JPEG	19	7	40	31
n04562935_269.JPEG	9	12	46	63
n04562935_485.JPEG	11	0	38	63
n04562935_410.JPEG	12	14	58	52
n04562935_432.JPEG	12	1	63	57
n04562935_176.JPEG	23	2	45	63
n04562935_328.JPEG	0	0	63	63
n04562935_446.JPEG	19	14	36	56
n04562935_105.JPEG	9	22	26	63
n04562935_326.JPEG	9	0	56	48
n04562935_335.JPEG	24	9	40	44
n04562935_473.JPEG	8	3	23	43
n04562935_39.JPEG	14	0	47	63
n04562935_109.JPEG	2	0	63	63
n04562935_440.JPEG	13	4	61	59
n04562935_33.JPEG	27	5	48	58
n04562935_205.JPEG	23	26	35	50
n04562935_1.JPEG	21	0	43	54
n04562935_278.JPEG	12	1	60	63
n04562935_493.JPEG	27	0	50	63
n04562935_280.JPEG	19	14	42	50
n04562935_291.JPEG	45	0	53	7
n04562935_289.JPEG	15	13	53	63
n04562935_285.JPEG	11	21	42	63
n04562935_30.JPEG	11	0	56	63
n04562935_40.JPEG	19	4	51	63
n04562935_199.JPEG	13	0	55	37
n04562935_196.JPEG	0	0	63	63
n04562935_168.JPEG	11	9	60	63
n04562935_102.JPEG	22	20	37	43
n04562935_118.JPEG	12	0	46	63
n04562935_156.JPEG	11	7	47	63
n04562935_339.JPEG	20	4	40	43
n04562935_362.JPEG	27	22	63	55
n04562935_155.JPEG	12	8	52	62
n04562935_475.JPEG	7	22	48	63
n04562935_144.JPEG	24	9	55	63
n04562935_295.JPEG	15	0	47	63
n04562935_41.JPEG	10	4	33	46
n04562935_344.JPEG	8	5	32	57
n04562935_499.JPEG	2	8	63	63
n04562935_453.JPEG	28	0	53	33
n04562935_177.JPEG	17	0	46	57
n04562935_132.JPEG	9	0	55	63
n04562935_90.JPEG	1	3	62	63
n04562935_306.JPEG	0	3	46	63
n04562935_321.JPEG	34	10	56	63
n04562935_93.JPEG	19	0	47	63
n04562935_28.JPEG	12	3	54	63
n04562935_32.JPEG	11	2	33	22
n04562935_423.JPEG	13	0	49	63
n04562935_8.JPEG	21	20	38	45
n04562935_246.JPEG	9	15	33	63
n04562935_484.JPEG	6	4	59	63
n04562935_136.JPEG	4	5	62	63
n04562935_370.JPEG	4	0	63	63
n04562935_320.JPEG	12	1	30	19
n04562935_127.JPEG	14	4	51	59
n04562935_497.JPEG	11	18	52	55
n04562935_492.JPEG	39	10	62	37
n04562935_404.JPEG	4	3	30	44
n04562935_82.JPEG	0	13	40	51
n04562935_16.JPEG	0	27	0	41
n04562935_141.JPEG	1	0	49	39
n04562935_465.JPEG	28	26	37	47
n04562935_219.JPEG	0	0	63	63
n04562935_333.JPEG	15	12	46	63
n04562935_7.JPEG	0	13	63	63
n04562935_294.JPEG	19	0	46	63
n04562935_450.JPEG	14	3	41	62
n04562935_351.JPEG	34	22	46	45
n04562935_96.JPEG	13	9	36	38
n04562935_190.JPEG	15	4	51	63
n04562935_411.JPEG	18	1	57	63
n04562935_169.JPEG	4	0	61	63
n04562935_235.JPEG	11	12	50	57
n04562935_496.JPEG	21	2	44	63
n04562935_47.JPEG	20	15	43	60
n04562935_276.JPEG	9	0	36	61
n04562935_225.JPEG	14	24	37	44
n04562935_74.JPEG	2	12	41	63
n04562935_282.JPEG	23	17	59	63
n04562935_287.JPEG	0	4	63	63
n04562935_239.JPEG	5	0	28	52
n04562935_394.JPEG	0	4	63	63
n04562935_29.JPEG	22	19	63	63
n04562935_253.JPEG	19	4	43	63
n04562935_448.JPEG	38	20	63	63
n04562935_266.JPEG	3	0	39	63
n04562935_349.JPEG	7	0	44	63
n04562935_498.JPEG	8	0	56	63
n04562935_417.JPEG	19	9	45	63
n04562935_252.JPEG	9	2	31	63
n04562935_271.JPEG	19	0	44	63
n04562935_466.JPEG	22	1	41	49
n04562935_483.JPEG	12	15	46	56
n04562935_122.JPEG	44	0	63	61
n04562935_408.JPEG	0	6	27	63
n04562935_288.JPEG	13	6	45	63
n04562935_245.JPEG	17	7	47	63
n04562935_53.JPEG	3	6	51	62
n04562935_89.JPEG	35	5	46	33
n04562935_4.JPEG	11	0	59	63
n04562935_428.JPEG	15	1	53	63
n04562935_372.JPEG	11	16	28	55
n04562935_31.JPEG	7	12	55	63
n04562935_449.JPEG	0	1	63	63
n04562935_119.JPEG	16	10	60	56
n04562935_154.JPEG	13	7	54	63
n04562935_322.JPEG	14	5	48	54
n04562935_360.JPEG	20	13	43	63
n04562935_262.JPEG	14	0	53	63
n04562935_5.JPEG	17	24	47	55
n04562935_400.JPEG	9	1	55	63
n04562935_25.JPEG	0	0	59	63
n04562935_208.JPEG	10	0	62	63
n04562935_469.JPEG	23	0	42	53
n04562935_78.JPEG	11	0	54	63
n04562935_195.JPEG	31	6	63	60
n04562935_157.JPEG	17	14	46	63
n04562935_479.JPEG	23	3	47	54
n04562935_329.JPEG	17	24	43	63
n04562935_419.JPEG	0	3	20	41
n04562935_341.JPEG	0	7	36	63
n04562935_182.JPEG	13	0	59	63
n04562935_116.JPEG	21	0	63	63
n04562935_121.JPEG	9	5	55	44
n04562935_391.JPEG	5	0	52	63
n04562935_314.JPEG	17	0	44	63
n04562935_371.JPEG	9	1	56	63
n04562935_490.JPEG	26	29	35	46
n04562935_470.JPEG	14	3	49	63
n04562935_445.JPEG	20	8	38	33
n04562935_279.JPEG	28	0	48	59
n04562935_234.JPEG	21	6	44	63
n04562935_189.JPEG	28	30	38	37
n04562935_251.JPEG	14	12	37	24
n04562935_442.JPEG	38	23	63	63
n04562935_332.JPEG	1	5	22	63
n04562935_272.JPEG	18	4	41	51
n04562935_468.JPEG	22	4	54	60
n04562935_175.JPEG	12	2	34	38
n04562935_148.JPEG	8	0	53	63
n04562935_142.JPEG	2	22	44	45
n04562935_227.JPEG	16	2	51	63
n04562935_151.JPEG	0	0	63	63
n04562935_480.JPEG	10	0	49	63
n04562935_15.JPEG	2	0	61	63
n04562935_46.JPEG	49	1	63	56
n04562935_200.JPEG	30	18	54	59
n04562935_316.JPEG	18	11	40	48
n04562935_103.JPEG	7	0	48	63
n04562935_81.JPEG	16	0	46	52
n04562935_192.JPEG	23	0	51	63
n04562935_460.JPEG	6	0	59	63
n04562935_358.JPEG	10	0	52	63
n04562935_164.JPEG	2	0	54	63
n04562935_443.JPEG	0	1	63	63
n04562935_193.JPEG	13	0	51	51
n04562935_223.JPEG	23	0	48	53
n04562935_420.JPEG	12	10	47	55
n04562935_459.JPEG	7	0	45	63
n04562935_26.JPEG	7	0	57	63
n04562935_430.JPEG	0	13	59	63
n04562935_123.JPEG	22	2	35	48
n04562935_152.JPEG	10	15	53	63
n04562935_433.JPEG	8	4	60	63
n04562935_11.JPEG	9	19	22	59
n04562935_396.JPEG	26	0	63	63
n04562935_128.JPEG	31	13	60	63
n04562935_198.JPEG	14	0	52	63
n04562935_170.JPEG	24	23	41	63
n04562935_36.JPEG	16	28	35	63
n04562935_137.JPEG	3	12	38	63
n04562935_451.JPEG	32	26	43	36
n04562935_413.JPEG	5	15	63	63
n04562935_84.JPEG	0	1	61	63
n04562935_50.JPEG	26	0	60	63
n04562935_436.JPEG	19	3	42	33
n04562935_94.JPEG	18	0	49	63
n04562935_304.JPEG	25	0	40	60
n04562935_45.JPEG	18	0	60	63
n04562935_378.JPEG	19	9	47	63
n04562935_135.JPEG	13	0	47	63
n04562935_380.JPEG	13	5	46	57
n04562935_441.JPEG	39	3	50	34
n04562935_63.JPEG	25	10	63	63
n04562935_325.JPEG	5	0	60	63
n04562935_424.JPEG	2	0	61	63
n04562935_416.JPEG	38	31	48	48
n04562935_183.JPEG	22	0	51	63
n04562935_131.JPEG	45	15	63	60
n04562935_261.JPEG	27	14	48	52
n04562935_379.JPEG	4	0	46	60
n04562935_463.JPEG	15	6	54	63
n04562935_382.JPEG	0	3	60	63
n04562935_27.JPEG	22	22	39	57
n04562935_92.JPEG	0	13	23	59
n04562935_218.JPEG	9	3	56	60
n04562935_491.JPEG	27	0	59	63
n04562935_214.JPEG	0	0	63	63
n04562935_143.JPEG	27	0	47	52
n04562935_112.JPEG	19	0	38	42
n04562935_110.JPEG	21	0	49	63
n04562935_389.JPEG	17	12	46	63
n04562935_412.JPEG	15	12	47	63
n04562935_153.JPEG	39	11	56	59
n04562935_263.JPEG	12	1	57	62
n04562935_100.JPEG	24	22	41	53
n04562935_88.JPEG	25	0	63	63
n04562935_277.JPEG	12	1	48	63
n04562935_149.JPEG	0	10	25	63
n04562935_447.JPEG	15	0	42	63
n04562935_97.JPEG	2	7	63	63
n04562935_331.JPEG	17	0	49	63
n04562935_422.JPEG	0	0	55	63
n04562935_495.JPEG	1	0	49	63
n04562935_80.JPEG	0	0	43	63
n04562935_113.JPEG	9	0	46	54
n04562935_48.JPEG	4	0	40	63
n04562935_59.JPEG	26	20	38	63
n04562935_242.JPEG	6	0	56	63
n04562935_431.JPEG	36	10	57	51
n04562935_343.JPEG	7	2	62	63
n04562935_275.JPEG	18	1	40	63
n04562935_224.JPEG	21	0	60	63
n04562935_249.JPEG	17	0	41	63
n04562935_65.JPEG	7	0	61	63
n04562935_444.JPEG	8	0	55	63
n04562935_42.JPEG	32	22	63	63
n04562935_209.JPEG	2	0	43	63
n04562935_69.JPEG	29	5	45	54
n04562935_393.JPEG	17	9	33	41
n04562935_342.JPEG	20	0	49	63
n04562935_72.JPEG	7	6	30	46
n04562935_373.JPEG	0	0	63	63
n04562935_301.JPEG	10	0	58	63
n04562935_300.JPEG	3	1	62	63
n04562935_319.JPEG	1	6	31	63
n04562935_318.JPEG	3	1	63	63
n04562935_409.JPEG	13	0	60	63
n04562935_23.JPEG	31	24	38	36
n04562935_34.JPEG	17	3	46	63
n04562935_401.JPEG	26	20	36	32
n04562935_334.JPEG	4	0	61	63
n04562935_60.JPEG	14	11	48	63
n04562935_228.JPEG	40	0	58	38
n04562935_222.JPEG	21	10	55	63
n04562935_347.JPEG	2	3	63	63
n04562935_415.JPEG	16	0	53	62
n04562935_384.JPEG	13	0	49	63
n04562935_482.JPEG	2	0	63	63
n04562935_150.JPEG	19	12	47	37
n04562935_229.JPEG	19	20	36	48
n04562935_49.JPEG	8	10	57	63
n04562935_471.JPEG	19	0	45	62
n04562935_308.JPEG	29	8	60	63
n04562935_267.JPEG	0	12	63	63
n04562935_85.JPEG	10	12	50	63
n04562935_134.JPEG	13	0	47	61
n04562935_434.JPEG	9	5	53	63
n04562935_146.JPEG	21	2	40	53
n04562935_226.JPEG	11	22	50	63
n04562935_452.JPEG	22	4	45	63
n04562935_297.JPEG	22	13	42	49
n04562935_125.JPEG	30	0	54	28
n04562935_355.JPEG	15	0	41	63
n04562935_215.JPEG	25	8	54	52
n04562935_274.JPEG	6	0	58	63
n04562935_268.JPEG	0	0	63	63
n04562935_487.JPEG	11	6	52	63
n04562935_171.JPEG	0	12	26	63
n04562935_165.JPEG	32	5	60	42
n04562935_281.JPEG	16	0	51	63
n04562935_461.JPEG	12	15	52	63
n04562935_99.JPEG	30	10	58	63
n04562935_111.JPEG	23	3	44	45
n04562935_95.JPEG	7	0	63	63
n04562935_178.JPEG	25	0	48	9
n04562935_233.JPEG	23	11	39	43
n04562935_187.JPEG	14	3	47	29
n04562935_163.JPEG	13	1	51	63
n04562935_79.JPEG	5	1	63	63
n04562935_206.JPEG	21	0	52	63
n04562935_147.JPEG	1	26	13	47
n04562935_20.JPEG	21	0	40	63
n04562935_145.JPEG	17	0	50	63
n04562935_292.JPEG	0	0	63	63
n04562935_255.JPEG	0	1	63	63
n04562935_315.JPEG	28	9	62	63
n04562935_172.JPEG	12	0	46	63
n04562935_346.JPEG	51	18	63	52
n04562935_126.JPEG	4	0	61	63
n04562935_212.JPEG	0	5	58	63
n04562935_19.JPEG	29	10	63	63
n04562935_91.JPEG	14	15	23	37
n04562935_402.JPEG	10	0	52	63
n04562935_35.JPEG	5	0	58	32
n04562935_181.JPEG	13	12	32	57
n04562935_18.JPEG	21	6	63	63
n04562935_250.JPEG	0	0	63	63
n04562935_160.JPEG	28	1	56	63
n04562935_101.JPEG	7	0	60	63
n04562935_220.JPEG	6	24	44	42
n04562935_283.JPEG	16	7	32	56
n04562935_309.JPEG	1	0	63	63
n04562935_365.JPEG	0	10	28	63
n04562935_305.JPEG	19	3	59	46
n04562935_248.JPEG	40	6	51	35
n04562935_296.JPEG	17	16	32	51
n04562935_162.JPEG	19	0	55	56
n04562935_86.JPEG	14	3	54	63
n04562935_340.JPEG	22	0	47	51
n04562935_24.JPEG	21	0	48	63
n04562935_184.JPEG	22	0	46	63
n04562935_439.JPEG	2	5	35	63
n04562935_476.JPEG	5	7	54	63
n04562935_264.JPEG	24	10	44	43
n04562935_237.JPEG	3	0	61	63
n04562935_377.JPEG	6	0	56	63
n04562935_369.JPEG	0	2	22	59
n04562935_425.JPEG	1	0	59	63
n04562935_398.JPEG	12	17	26	62
n04562935_55.JPEG	24	0	45	63
n04562935_317.JPEG	18	0	36	33
n04562935_14.JPEG	0	4	63	63
n04562935_83.JPEG	6	0	57	46
n04562935_70.JPEG	5	0	55	63
n04562935_458.JPEG	11	0	57	57
n04562935_488.JPEG	2	35	12	63
n04562935_115.JPEG	4	0	63	63
n04562935_114.JPEG	31	10	56	60
n04562935_438.JPEG	21	0	47	63
n04562935_293.JPEG	20	0	48	52
n04562935_395.JPEG	21	0	46	62
n04562935_481.JPEG	5	5	22	63
n04562935_284.JPEG	25	29	39	43
val_5340.JPEG	13	0	48	63
val_5427.JPEG	11	17	49	63
val_365.JPEG	0	0	63	63
val_1699.JPEG	19	7	48	63
val_9528.JPEG	2	8	50	63
val_961.JPEG	11	4	53	61
val_9929.JPEG	16	2	47	63
val_7722.JPEG	36	38	63	63
val_5753.JPEG	3	15	60	44
val_5131.JPEG	37	9	63	63
val_4345.JPEG	2	7	62	63
val_7506.JPEG	36	0	62	59
val_143.JPEG	1	0	60	63
val_5766.JPEG	11	8	34	63
val_2405.JPEG	44	10	51	20
val_2524.JPEG	5	40	25	63
val_7859.JPEG	0	0	63	63
val_3394.JPEG	16	2	51	41
val_7663.JPEG	19	6	41	37
val_9743.JPEG	16	0	56	63
val_1322.JPEG	0	0	44	63
val_5814.JPEG	47	7	60	47
val_8756.JPEG	11	1	53	63
val_1438.JPEG	11	13	43	54
val_9371.JPEG	27	3	49	57
val_7131.JPEG	14	8	45	63
val_7465.JPEG	20	0	44	35
val_6612.JPEG	18	1	49	63
val_4795.JPEG	28	17	43	62
val_2975.JPEG	16	0	43	62
val_65.JPEG	28	21	42	56
val_1780.JPEG	0	0	63	63
val_7221.JPEG	18	0	51	61
val_7893.JPEG	0	2	63	63
val_5227.JPEG	13	0	54	63
