n09428293_13.JPEG	0	17	63	63
n09428293_201.JPEG	0	47	63	63
n09428293_402.JPEG	0	32	63	58
n09428293_336.JPEG	0	31	55	42
n09428293_318.JPEG	0	41	63	63
n09428293_168.JPEG	0	18	37	47
n09428293_493.JPEG	0	38	63	56
n09428293_347.JPEG	0	18	63	63
n09428293_222.JPEG	26	29	63	36
n09428293_20.JPEG	0	60	63	63
n09428293_160.JPEG	0	15	63	63
n09428293_302.JPEG	0	28	63	63
n09428293_48.JPEG	0	11	63	63
n09428293_39.JPEG	0	28	63	37
n09428293_188.JPEG	1	0	63	63
n09428293_326.JPEG	0	40	63	49
n09428293_445.JPEG	0	32	63	63
n09428293_491.JPEG	0	0	63	60
n09428293_286.JPEG	0	31	63	63
n09428293_350.JPEG	0	38	63	63
n09428293_448.JPEG	0	12	63	63
n09428293_301.JPEG	0	49	63	63
n09428293_443.JPEG	0	5	63	63
n09428293_26.JPEG	0	17	63	63
n09428293_418.JPEG	0	34	63	39
n09428293_163.JPEG	0	21	63	63
n09428293_268.JPEG	0	0	63	63
n09428293_386.JPEG	0	27	60	63
n09428293_383.JPEG	0	1	63	63
n09428293_413.JPEG	13	13	37	63
n09428293_316.JPEG	0	26	63	63
n09428293_221.JPEG	0	28	63	63
n09428293_166.JPEG	0	25	63	63
n09428293_68.JPEG	17	35	63	63
n09428293_38.JPEG	0	0	63	63
n09428293_434.JPEG	0	18	63	63
n09428293_305.JPEG	0	31	63	33
n09428293_135.JPEG	0	31	63	63
n09428293_267.JPEG	0	13	63	58
n09428293_314.JPEG	35	32	63	46
n09428293_479.JPEG	11	33	63	63
n09428293_69.JPEG	0	23	63	61
n09428293_37.JPEG	0	42	61	44
n09428293_283.JPEG	0	46	63	63
n09428293_490.JPEG	0	38	63	63
n09428293_378.JPEG	0	29	63	44
n09428293_255.JPEG	0	28	63	63
n09428293_482.JPEG	0	8	63	63
n09428293_225.JPEG	0	38	63	63
n09428293_404.JPEG	0	37	57	63
n09428293_272.JPEG	0	51	63	63
n09428293_478.JPEG	0	25	63	63
n09428293_333.JPEG	0	21	63	61
n09428293_108.JPEG	7	14	21	18
n09428293_385.JPEG	0	1	63	63
n09428293_335.JPEG	0	30	63	63
n09428293_111.JPEG	0	34	41	63
n09428293_477.JPEG	0	39	63	63
n09428293_2.JPEG	0	20	63	63
n09428293_348.JPEG	0	25	63	63
n09428293_362.JPEG	0	28	63	63
n09428293_142.JPEG	0	33	62	36
n09428293_71.JPEG	0	51	63	63
n09428293_137.JPEG	0	20	63	63
n09428293_467.JPEG	26	7	48	24
n09428293_216.JPEG	0	18	63	63
n09428293_360.JPEG	0	49	63	63
n09428293_315.JPEG	0	38	55	47
n09428293_281.JPEG	0	37	45	45
n09428293_140.JPEG	0	1	63	63
n09428293_488.JPEG	0	30	63	63
n09428293_472.JPEG	0	41	63	63
n09428293_29.JPEG	0	32	63	63
n09428293_176.JPEG	0	24	63	63
n09428293_412.JPEG	0	12	63	26
n09428293_86.JPEG	0	38	63	60
n09428293_264.JPEG	0	5	63	58
n09428293_438.JPEG	0	52	63	63
n09428293_396.JPEG	16	33	63	51
n09428293_407.JPEG	36	40	63	58
n09428293_247.JPEG	0	30	63	63
n09428293_498.JPEG	0	14	63	63
n09428293_161.JPEG	0	42	63	63
n09428293_415.JPEG	0	37	63	63
n09428293_483.JPEG	0	22	63	63
n09428293_138.JPEG	0	39	63	63
n09428293_175.JPEG	35	41	63	50
n09428293_84.JPEG	0	1	63	63
n09428293_127.JPEG	0	38	63	63
n09428293_43.JPEG	1	54	63	63
n09428293_64.JPEG	0	8	41	34
n09428293_5.JPEG	0	30	63	63
n09428293_474.JPEG	0	41	63	63
n09428293_211.JPEG	0	28	63	63
n09428293_250.JPEG	0	1	63	63
n09428293_457.JPEG	0	44	63	63
n09428293_430.JPEG	0	40	63	63
n09428293_233.JPEG	0	14	63	63
n09428293_186.JPEG	0	56	63	63
n09428293_392.JPEG	0	59	63	63
n09428293_297.JPEG	0	46	63	63
n09428293_210.JPEG	32	26	63	63
n09428293_98.JPEG	0	17	63	26
n09428293_115.JPEG	0	31	41	49
n09428293_289.JPEG	0	40	63	63
n09428293_454.JPEG	15	41	63	60
n09428293_1.JPEG	0	22	63	33
n09428293_19.JPEG	0	7	63	63
n09428293_371.JPEG	0	33	63	41
n09428293_123.JPEG	0	56	63	63
n09428293_487.JPEG	0	17	63	50
n09428293_153.JPEG	0	32	63	63
n09428293_106.JPEG	0	18	63	63
n09428293_217.JPEG	0	41	63	48
n09428293_310.JPEG	11	50	63	63
n09428293_470.JPEG	0	45	63	63
n09428293_196.JPEG	0	3	63	60
n09428293_423.JPEG	1	45	63	63
n09428293_202.JPEG	0	36	63	63
n09428293_205.JPEG	4	47	61	63
n09428293_368.JPEG	0	5	63	53
n09428293_66.JPEG	0	24	63	63
n09428293_406.JPEG	0	0	63	63
n09428293_151.JPEG	26	1	63	18
n09428293_89.JPEG	0	40	63	62
n09428293_293.JPEG	0	29	63	63
n09428293_287.JPEG	0	30	63	63
n09428293_429.JPEG	0	37	63	63
n09428293_388.JPEG	0	35	63	53
n09428293_78.JPEG	0	31	63	63
n09428293_170.JPEG	0	25	63	63
n09428293_254.JPEG	0	39	40	42
n09428293_439.JPEG	0	33	31	47
n09428293_212.JPEG	0	45	63	63
n09428293_34.JPEG	1	51	14	53
n09428293_325.JPEG	20	43	63	63
n09428293_263.JPEG	1	28	63	63
n09428293_403.JPEG	0	23	63	36
n09428293_261.JPEG	0	46	63	63
n09428293_446.JPEG	0	37	63	63
n09428293_7.JPEG	0	38	63	63
n09428293_0.JPEG	0	36	59	63
n09428293_27.JPEG	0	22	63	63
n09428293_441.JPEG	0	2	63	59
n09428293_112.JPEG	0	22	63	63
n09428293_155.JPEG	0	34	63	62
n09428293_427.JPEG	0	29	60	37
n09428293_376.JPEG	11	33	63	63
n09428293_291.JPEG	0	31	55	63
n09428293_428.JPEG	0	40	63	63
n09428293_290.JPEG	0	44	63	63
n09428293_35.JPEG	0	29	58	63
n09428293_431.JPEG	0	35	62	50
n09428293_390.JPEG	0	26	63	63
n09428293_197.JPEG	0	39	63	63
n09428293_311.JPEG	0	34	63	63
n09428293_60.JPEG	0	46	63	63
n09428293_124.JPEG	0	33	63	35
n09428293_475.JPEG	14	16	63	63
n09428293_158.JPEG	0	14	63	63
n09428293_154.JPEG	0	16	63	63
n09428293_245.JPEG	59	19	63	24
n09428293_468.JPEG	0	38	63	63
n09428293_462.JPEG	0	37	63	52
n09428293_181.JPEG	0	0	63	63
n09428293_369.JPEG	0	35	63	50
n09428293_139.JPEG	0	59	53	63
n09428293_494.JPEG	0	42	63	63
n09428293_59.JPEG	0	48	63	63
n09428293_374.JPEG	0	25	63	63
n09428293_203.JPEG	36	34	63	63
n09428293_162.JPEG	0	38	63	63
n09428293_400.JPEG	0	53	63	63
n09428293_292.JPEG	0	29	55	63
n09428293_387.JPEG	0	33	63	63
n09428293_359.JPEG	0	1	63	25
n09428293_96.JPEG	0	46	63	63
n09428293_425.JPEG	0	1	63	63
n09428293_10.JPEG	0	54	63	63
n09428293_100.JPEG	37	28	63	43
n09428293_323.JPEG	0	29	63	63
n09428293_416.JPEG	0	32	63	63
n09428293_8.JPEG	0	1	63	63
n09428293_437.JPEG	0	31	63	63
n09428293_397.JPEG	0	0	63	63
n09428293_67.JPEG	0	43	63	63
n09428293_58.JPEG	0	38	63	63
n09428293_258.JPEG	16	20	51	63
n09428293_207.JPEG	30	35	63	39
n09428293_191.JPEG	0	31	63	63
n09428293_199.JPEG	0	44	63	63
n09428293_296.JPEG	0	29	63	63
n09428293_358.JPEG	0	35	63	51
n09428293_79.JPEG	0	30	63	63
n09428293_56.JPEG	0	22	43	63
n09428293_381.JPEG	0	39	63	63
n09428293_116.JPEG	0	31	63	63
n09428293_375.JPEG	17	36	63	52
n09428293_394.JPEG	2	15	63	48
n09428293_242.JPEG	0	44	63	63
n09428293_128.JPEG	29	51	63	63
n09428293_50.JPEG	0	0	60	63
n09428293_30.JPEG	0	21	63	36
n09428293_120.JPEG	25	53	63	63
n09428293_409.JPEG	0	27	63	56
n09428293_104.JPEG	0	38	63	63
n09428293_227.JPEG	0	32	63	63
n09428293_23.JPEG	0	42	63	50
n09428293_484.JPEG	0	34	63	42
n09428293_122.JPEG	0	25	63	63
n09428293_321.JPEG	0	38	63	63
n09428293_134.JPEG	0	44	63	63
n09428293_226.JPEG	0	31	37	63
n09428293_308.JPEG	0	38	63	63
n09428293_218.JPEG	0	12	63	63
n09428293_83.JPEG	0	42	63	63
n09428293_340.JPEG	0	24	63	55
n09428293_410.JPEG	0	8	63	63
n09428293_382.JPEG	0	35	63	51
n09428293_209.JPEG	0	18	63	42
n09428293_497.JPEG	0	37	63	63
n09428293_451.JPEG	0	34	63	63
n09428293_444.JPEG	0	41	63	54
n09428293_361.JPEG	0	42	63	63
n09428293_75.JPEG	0	56	63	63
n09428293_36.JPEG	0	22	63	63
n09428293_180.JPEG	0	29	63	63
n09428293_270.JPEG	0	49	63	63
n09428293_53.JPEG	0	21	63	56
n09428293_401.JPEG	0	16	63	45
n09428293_393.JPEG	0	36	63	63
n09428293_356.JPEG	0	42	63	63
n09428293_24.JPEG	0	37	63	63
n09428293_452.JPEG	1	50	63	63
n09428293_352.JPEG	0	57	63	61
n09428293_121.JPEG	0	26	63	63
n09428293_433.JPEG	0	30	63	63
n09428293_279.JPEG	0	35	63	63
n09428293_25.JPEG	0	25	63	63
n09428293_224.JPEG	0	13	63	62
n09428293_171.JPEG	0	32	63	63
n09428293_450.JPEG	0	1	63	63
n09428293_405.JPEG	0	42	63	63
n09428293_219.JPEG	0	13	44	63
n09428293_42.JPEG	0	1	63	63
n09428293_40.JPEG	1	46	58	63
n09428293_499.JPEG	0	31	44	42
n09428293_455.JPEG	0	49	63	60
n09428293_231.JPEG	0	35	63	63
n09428293_28.JPEG	0	35	63	49
n09428293_49.JPEG	0	21	63	63
n09428293_80.JPEG	0	41	63	63
n09428293_200.JPEG	0	41	63	49
n09428293_328.JPEG	0	40	63	63
n09428293_460.JPEG	0	21	63	63
n09428293_17.JPEG	0	29	63	43
n09428293_327.JPEG	0	47	63	63
n09428293_241.JPEG	0	40	63	63
n09428293_93.JPEG	0	32	63	63
n09428293_391.JPEG	0	41	63	51
n09428293_453.JPEG	3	19	63	58
n09428293_215.JPEG	0	36	55	63
n09428293_447.JPEG	0	30	63	63
n09428293_52.JPEG	0	41	63	63
n09428293_252.JPEG	0	41	63	63
n09428293_469.JPEG	0	30	63	63
n09428293_230.JPEG	0	0	63	63
n09428293_330.JPEG	0	30	63	39
n09428293_399.JPEG	0	32	63	63
n09428293_41.JPEG	0	35	63	63
n09428293_178.JPEG	0	1	63	63
n09428293_159.JPEG	0	28	63	40
n09428293_152.JPEG	0	36	63	63
n09428293_420.JPEG	0	47	63	63
n09428293_62.JPEG	22	11	63	20
n09428293_332.JPEG	9	31	63	63
n09428293_238.JPEG	0	6	63	53
n09428293_101.JPEG	1	12	63	63
n09428293_426.JPEG	0	37	63	63
n09428293_466.JPEG	0	40	63	63
n09428293_373.JPEG	0	51	50	63
n09428293_194.JPEG	1	32	63	63
n09428293_435.JPEG	0	18	63	63
n09428293_256.JPEG	34	0	63	63
n09428293_341.JPEG	0	40	63	63
n09428293_324.JPEG	0	28	63	46
n09428293_276.JPEG	0	14	63	41
n09428293_129.JPEG	0	1	63	63
n09428293_237.JPEG	0	15	63	63
n09428293_73.JPEG	0	40	63	63
n09428293_243.JPEG	0	32	63	38
n09428293_372.JPEG	0	36	63	63
n09428293_54.JPEG	0	33	63	37
n09428293_458.JPEG	0	26	63	63
n09428293_143.JPEG	0	4	63	54
n09428293_440.JPEG	0	38	63	63
n09428293_165.JPEG	0	0	63	63
n09428293_228.JPEG	0	49	63	62
n09428293_102.JPEG	0	1	63	62
n09428293_269.JPEG	0	19	63	63
n09428293_253.JPEG	0	58	41	63
n09428293_198.JPEG	0	63	42	63
n09428293_61.JPEG	3	0	63	58
n09428293_239.JPEG	0	37	63	63
n09428293_125.JPEG	0	27	63	63
n09428293_353.JPEG	0	31	63	63
n09428293_481.JPEG	0	0	63	63
n09428293_432.JPEG	0	35	63	63
n09428293_449.JPEG	0	58	63	63
n09428293_411.JPEG	0	37	63	63
n09428293_465.JPEG	0	32	63	63
n09428293_147.JPEG	0	45	63	63
n09428293_265.JPEG	0	14	63	63
n09428293_164.JPEG	0	35	63	63
n09428293_249.JPEG	0	26	63	46
n09428293_150.JPEG	0	0	63	63
n09428293_489.JPEG	0	24	63	63
n09428293_33.JPEG	0	4	63	61
n09428293_343.JPEG	0	31	63	63
n09428293_419.JPEG	0	45	63	63
n09428293_15.JPEG	0	42	52	63
n09428293_103.JPEG	0	30	63	63
n09428293_190.JPEG	0	26	63	63
n09428293_133.JPEG	0	30	63	63
n09428293_414.JPEG	0	34	63	63
n09428293_174.JPEG	0	54	63	63
n09428293_459.JPEG	0	53	63	63
n09428293_113.JPEG	0	0	61	63
n09428293_461.JPEG	0	19	63	63
n09428293_284.JPEG	0	45	63	63
n09428293_74.JPEG	0	20	63	63
n09428293_141.JPEG	0	23	63	63
n09428293_338.JPEG	0	30	45	63
n09428293_95.JPEG	0	20	59	63
n09428293_421.JPEG	0	37	63	42
n09428293_309.JPEG	6	19	63	63
n09428293_92.JPEG	0	9	63	63
n09428293_193.JPEG	0	19	63	63
n09428293_136.JPEG	0	38	63	59
n09428293_246.JPEG	0	20	63	29
n09428293_486.JPEG	0	20	63	37
n09428293_223.JPEG	0	9	63	63
n09428293_280.JPEG	0	42	63	63
n09428293_278.JPEG	0	36	63	63
n09428293_81.JPEG	0	25	63	63
n09428293_99.JPEG	35	26	63	38
n09428293_167.JPEG	1	0	63	63
n09428293_422.JPEG	0	13	63	63
n09428293_149.JPEG	0	44	63	63
n09428293_21.JPEG	0	26	63	36
val_3165.JPEG	1	29	63	63
val_1252.JPEG	0	31	63	63
val_9815.JPEG	0	31	63	63
val_1706.JPEG	0	29	63	63
val_8175.JPEG	0	44	63	63
val_7696.JPEG	0	45	63	63
val_1003.JPEG	0	44	63	63
val_8902.JPEG	0	0	63	36
val_7962.JPEG	0	48	63	58
val_1336.JPEG	0	35	63	40
val_5457.JPEG	0	40	63	63
val_3599.JPEG	0	45	63	63
val_6581.JPEG	0	47	63	63
val_2277.JPEG	0	36	63	63
val_3166.JPEG	0	20	63	32
val_4643.JPEG	0	34	63	63
val_3911.JPEG	0	35	63	47
val_2516.JPEG	22	50	63	58
val_6791.JPEG	0	40	63	47
val_6793.JPEG	0	24	63	63
val_9740.JPEG	5	15	63	63
val_7227.JPEG	0	26	63	63
val_6408.JPEG	0	1	63	63
val_8946.JPEG	2	28	63	44
val_7799.JPEG	0	34	63	63
val_3970.JPEG	0	46	43	63
val_2535.JPEG	0	52	63	63
val_2251.JPEG	0	40	63	58
val_4191.JPEG	0	22	63	63
val_2270.JPEG	0	29	63	63
val_1681.JPEG	0	0	63	52
val_7530.JPEG	0	27	63	63
val_3654.JPEG	0	21	63	63
val_9239.JPEG	0	11	63	63
val_9310.JPEG	11	0	63	63
