n04465501_2.JPEG	3	23	22	39
n04465501_239.JPEG	0	1	63	60
n04465501_185.JPEG	0	6	63	57
n04465501_459.JPEG	0	3	63	62
n04465501_306.JPEG	0	8	63	63
n04465501_154.JPEG	1	28	27	49
n04465501_51.JPEG	0	7	63	63
n04465501_187.JPEG	0	2	63	63
n04465501_354.JPEG	0	12	63	63
n04465501_325.JPEG	3	6	63	63
n04465501_365.JPEG	0	4	63	63
n04465501_158.JPEG	18	33	63	59
n04465501_276.JPEG	22	5	42	25
n04465501_24.JPEG	0	2	63	58
n04465501_350.JPEG	0	1	63	54
n04465501_432.JPEG	0	12	30	36
n04465501_265.JPEG	27	25	62	47
n04465501_45.JPEG	0	2	63	61
n04465501_86.JPEG	0	6	61	55
n04465501_150.JPEG	0	11	63	62
n04465501_489.JPEG	21	2	62	60
n04465501_161.JPEG	0	9	63	58
n04465501_289.JPEG	0	4	63	56
n04465501_447.JPEG	40	19	61	32
n04465501_113.JPEG	0	8	59	56
n04465501_192.JPEG	0	17	60	62
n04465501_317.JPEG	0	0	63	63
n04465501_1.JPEG	13	19	59	50
n04465501_246.JPEG	0	10	63	52
n04465501_184.JPEG	34	30	50	48
n04465501_351.JPEG	5	21	45	49
n04465501_290.JPEG	0	10	63	63
n04465501_391.JPEG	0	2	63	63
n04465501_455.JPEG	0	0	63	61
n04465501_248.JPEG	2	0	62	63
n04465501_473.JPEG	0	5	63	63
n04465501_491.JPEG	0	11	62	60
n04465501_478.JPEG	0	7	63	62
n04465501_175.JPEG	0	15	63	48
n04465501_310.JPEG	42	19	63	46
n04465501_217.JPEG	8	11	63	63
n04465501_201.JPEG	0	10	63	58
n04465501_256.JPEG	0	25	59	61
n04465501_269.JPEG	30	32	63	63
n04465501_46.JPEG	32	14	63	42
n04465501_74.JPEG	0	5	63	59
n04465501_146.JPEG	2	14	63	62
n04465501_107.JPEG	0	8	63	63
n04465501_132.JPEG	20	5	63	63
n04465501_400.JPEG	53	21	63	42
n04465501_399.JPEG	5	17	63	56
n04465501_99.JPEG	1	1	63	63
n04465501_167.JPEG	0	20	42	63
n04465501_409.JPEG	1	3	59	62
n04465501_452.JPEG	0	1	63	60
n04465501_307.JPEG	0	9	63	63
n04465501_405.JPEG	0	0	63	59
n04465501_337.JPEG	0	1	63	63
n04465501_93.JPEG	0	6	63	63
n04465501_196.JPEG	0	14	52	45
n04465501_58.JPEG	0	7	63	54
n04465501_48.JPEG	42	23	63	36
n04465501_457.JPEG	2	30	63	63
n04465501_376.JPEG	27	37	50	54
n04465501_8.JPEG	0	6	63	61
n04465501_205.JPEG	20	36	43	50
n04465501_243.JPEG	0	11	63	61
n04465501_160.JPEG	0	2	45	61
n04465501_83.JPEG	8	3	63	62
n04465501_373.JPEG	0	1	63	52
n04465501_220.JPEG	0	4	63	63
n04465501_292.JPEG	0	4	63	62
n04465501_360.JPEG	0	0	61	59
n04465501_222.JPEG	8	20	39	42
n04465501_282.JPEG	0	4	63	60
n04465501_293.JPEG	0	1	63	59
n04465501_41.JPEG	0	0	63	63
n04465501_417.JPEG	0	11	59	39
n04465501_216.JPEG	0	9	63	57
n04465501_439.JPEG	32	25	63	52
n04465501_55.JPEG	0	0	63	63
n04465501_224.JPEG	0	2	63	57
n04465501_128.JPEG	7	8	45	60
n04465501_254.JPEG	0	3	63	63
n04465501_140.JPEG	0	14	61	58
n04465501_309.JPEG	4	0	63	63
n04465501_147.JPEG	0	6	61	54
n04465501_30.JPEG	16	33	49	53
n04465501_336.JPEG	0	16	63	52
n04465501_212.JPEG	0	0	63	63
n04465501_191.JPEG	0	0	63	63
n04465501_195.JPEG	7	21	63	63
n04465501_401.JPEG	9	6	63	63
n04465501_264.JPEG	8	11	51	33
n04465501_134.JPEG	0	12	55	59
n04465501_386.JPEG	0	2	53	63
n04465501_153.JPEG	3	1	59	63
n04465501_377.JPEG	13	0	63	63
n04465501_126.JPEG	0	39	26	60
n04465501_15.JPEG	0	12	63	57
n04465501_17.JPEG	63	22	63	56
n04465501_157.JPEG	0	0	63	63
n04465501_197.JPEG	0	9	63	63
n04465501_398.JPEG	0	14	38	47
n04465501_416.JPEG	0	0	63	63
n04465501_422.JPEG	6	19	61	54
n04465501_335.JPEG	2	19	63	60
n04465501_14.JPEG	0	7	63	55
n04465501_479.JPEG	0	3	63	63
n04465501_25.JPEG	0	0	63	63
n04465501_364.JPEG	0	5	63	61
n04465501_431.JPEG	0	33	40	62
n04465501_111.JPEG	46	10	63	42
n04465501_418.JPEG	1	23	58	60
n04465501_50.JPEG	0	2	63	55
n04465501_492.JPEG	2	2	63	61
n04465501_209.JPEG	13	17	53	41
n04465501_429.JPEG	5	5	60	59
n04465501_221.JPEG	0	6	63	61
n04465501_353.JPEG	12	17	40	38
n04465501_404.JPEG	5	2	60	63
n04465501_275.JPEG	0	5	63	57
n04465501_487.JPEG	0	8	63	60
n04465501_274.JPEG	0	0	63	63
n04465501_0.JPEG	0	8	63	55
n04465501_57.JPEG	2	1	60	63
n04465501_271.JPEG	0	7	63	58
n04465501_122.JPEG	14	12	49	39
n04465501_65.JPEG	0	0	63	63
n04465501_480.JPEG	0	0	63	63
n04465501_125.JPEG	2	12	63	62
n04465501_194.JPEG	2	2	63	63
n04465501_267.JPEG	2	42	24	62
n04465501_5.JPEG	3	25	53	63
n04465501_456.JPEG	29	18	63	48
n04465501_444.JPEG	3	8	62	58
n04465501_467.JPEG	0	9	63	49
n04465501_34.JPEG	0	2	63	61
n04465501_372.JPEG	7	30	49	56
n04465501_407.JPEG	0	1	63	59
n04465501_446.JPEG	0	2	63	63
n04465501_213.JPEG	0	2	63	60
n04465501_28.JPEG	4	0	63	60
n04465501_106.JPEG	11	16	63	50
n04465501_294.JPEG	0	12	63	56
n04465501_145.JPEG	0	8	63	63
n04465501_230.JPEG	0	1	63	63
n04465501_152.JPEG	8	3	60	63
n04465501_87.JPEG	0	3	63	63
n04465501_88.JPEG	0	7	57	57
n04465501_443.JPEG	0	1	63	63
n04465501_311.JPEG	5	28	38	46
n04465501_327.JPEG	0	1	63	55
n04465501_78.JPEG	0	0	63	63
n04465501_120.JPEG	0	6	63	56
n04465501_305.JPEG	0	1	56	63
n04465501_64.JPEG	0	4	31	63
n04465501_304.JPEG	0	1	63	63
n04465501_465.JPEG	7	9	63	62
n04465501_440.JPEG	4	0	62	58
n04465501_326.JPEG	1	19	54	60
n04465501_333.JPEG	7	16	63	62
n04465501_272.JPEG	14	29	45	47
n04465501_424.JPEG	0	17	63	59
n04465501_16.JPEG	0	0	63	63
n04465501_303.JPEG	19	37	51	63
n04465501_343.JPEG	0	14	46	55
n04465501_47.JPEG	13	21	63	46
n04465501_109.JPEG	2	34	49	63
n04465501_316.JPEG	0	16	58	61
n04465501_324.JPEG	0	5	63	58
n04465501_414.JPEG	0	1	63	63
n04465501_288.JPEG	6	0	58	63
n04465501_118.JPEG	0	12	61	63
n04465501_44.JPEG	0	12	63	56
n04465501_296.JPEG	0	19	63	49
n04465501_462.JPEG	0	7	63	63
n04465501_395.JPEG	0	7	63	63
n04465501_29.JPEG	4	23	34	41
n04465501_349.JPEG	0	27	51	63
n04465501_174.JPEG	4	0	63	63
n04465501_300.JPEG	0	0	63	43
n04465501_43.JPEG	0	0	59	63
n04465501_448.JPEG	7	4	63	52
n04465501_454.JPEG	0	1	63	51
n04465501_270.JPEG	0	2	63	60
n04465501_214.JPEG	0	1	63	45
n04465501_408.JPEG	0	18	63	58
n04465501_281.JPEG	0	23	63	63
n04465501_321.JPEG	28	23	49	38
n04465501_463.JPEG	9	4	63	60
n04465501_156.JPEG	0	7	63	63
n04465501_3.JPEG	2	10	60	61
n04465501_176.JPEG	0	8	27	50
n04465501_450.JPEG	0	4	63	62
n04465501_60.JPEG	0	25	45	56
n04465501_105.JPEG	27	28	63	60
n04465501_66.JPEG	25	30	60	63
n04465501_56.JPEG	2	0	63	63
n04465501_291.JPEG	10	17	63	63
n04465501_7.JPEG	0	3	63	54
n04465501_231.JPEG	17	20	61	52
n04465501_59.JPEG	0	10	63	61
n04465501_112.JPEG	0	0	63	63
n04465501_379.JPEG	2	18	62	54
n04465501_49.JPEG	0	2	63	62
n04465501_301.JPEG	0	8	63	61
n04465501_345.JPEG	0	12	63	63
n04465501_75.JPEG	0	19	63	50
n04465501_121.JPEG	0	6	58	63
n04465501_485.JPEG	0	11	63	53
n04465501_383.JPEG	0	8	63	48
n04465501_472.JPEG	0	21	63	56
n04465501_412.JPEG	1	2	63	63
n04465501_26.JPEG	0	0	63	61
n04465501_20.JPEG	0	15	62	63
n04465501_367.JPEG	0	1	63	60
n04465501_344.JPEG	0	0	63	63
n04465501_302.JPEG	0	0	63	63
n04465501_97.JPEG	0	0	63	63
n04465501_247.JPEG	2	5	61	63
n04465501_280.JPEG	7	2	59	63
n04465501_331.JPEG	2	15	57	46
n04465501_425.JPEG	17	14	63	55
n04465501_371.JPEG	0	2	63	62
n04465501_32.JPEG	0	11	63	38
n04465501_298.JPEG	0	4	63	61
n04465501_406.JPEG	0	0	63	63
n04465501_84.JPEG	0	1	63	63
n04465501_117.JPEG	10	21	50	50
n04465501_235.JPEG	0	4	63	63
n04465501_308.JPEG	2	6	60	62
n04465501_19.JPEG	0	0	63	63
n04465501_339.JPEG	20	28	63	56
n04465501_40.JPEG	0	10	28	63
n04465501_346.JPEG	29	0	61	11
n04465501_498.JPEG	0	0	63	63
n04465501_497.JPEG	7	0	55	61
n04465501_164.JPEG	25	16	55	43
n04465501_434.JPEG	6	5	61	50
n04465501_151.JPEG	0	25	50	58
n04465501_137.JPEG	0	2	63	63
n04465501_394.JPEG	0	14	63	59
n04465501_470.JPEG	0	5	63	63
n04465501_102.JPEG	0	1	63	63
n04465501_420.JPEG	0	1	63	61
n04465501_419.JPEG	8	7	63	63
n04465501_362.JPEG	19	14	48	53
n04465501_207.JPEG	12	14	47	49
n04465501_138.JPEG	0	13	63	57
n04465501_219.JPEG	20	20	63	48
n04465501_114.JPEG	0	15	51	53
n04465501_390.JPEG	1	9	63	55
n04465501_110.JPEG	0	13	63	63
n04465501_202.JPEG	0	8	63	63
n04465501_410.JPEG	0	17	63	58
n04465501_232.JPEG	1	4	63	58
n04465501_179.JPEG	0	9	63	63
n04465501_163.JPEG	0	2	63	50
n04465501_380.JPEG	3	27	62	50
n04465501_384.JPEG	0	19	49	55
n04465501_173.JPEG	11	26	63	50
n04465501_136.JPEG	5	0	63	63
n04465501_259.JPEG	0	11	23	58
n04465501_38.JPEG	1	9	63	60
n04465501_361.JPEG	0	18	63	55
n04465501_355.JPEG	0	0	63	63
n04465501_131.JPEG	1	7	63	63
n04465501_10.JPEG	44	11	63	59
n04465501_85.JPEG	0	16	63	55
n04465501_73.JPEG	0	0	62	63
n04465501_396.JPEG	0	4	63	63
n04465501_127.JPEG	0	10	43	53
n04465501_76.JPEG	0	3	54	59
n04465501_387.JPEG	0	0	63	63
n04465501_100.JPEG	2	13	61	49
n04465501_483.JPEG	0	7	63	60
n04465501_233.JPEG	1	5	63	57
n04465501_334.JPEG	0	18	63	57
n04465501_255.JPEG	10	0	63	63
n04465501_236.JPEG	3	11	59	62
n04465501_475.JPEG	25	32	63	54
n04465501_284.JPEG	0	1	63	63
n04465501_178.JPEG	0	30	4	36
n04465501_313.JPEG	0	28	47	60
n04465501_490.JPEG	0	5	63	61
n04465501_435.JPEG	0	1	50	63
n04465501_427.JPEG	0	8	63	59
n04465501_227.JPEG	0	21	27	45
n04465501_286.JPEG	0	6	63	59
n04465501_165.JPEG	0	3	63	63
n04465501_285.JPEG	4	23	51	54
n04465501_80.JPEG	2	7	63	51
n04465501_312.JPEG	6	28	63	51
n04465501_67.JPEG	0	3	52	63
n04465501_21.JPEG	0	0	63	63
n04465501_70.JPEG	0	14	63	63
n04465501_130.JPEG	0	8	63	58
n04465501_437.JPEG	0	7	44	59
n04465501_149.JPEG	7	14	37	32
n04465501_33.JPEG	2	9	54	48
n04465501_170.JPEG	0	4	63	63
n04465501_129.JPEG	10	7	63	63
n04465501_322.JPEG	30	13	58	44
n04465501_189.JPEG	8	18	63	61
n04465501_340.JPEG	1	0	63	54
n04465501_421.JPEG	2	8	53	57
n04465501_481.JPEG	0	4	63	63
n04465501_215.JPEG	0	1	63	62
n04465501_218.JPEG	0	6	44	61
n04465501_135.JPEG	0	6	63	63
n04465501_242.JPEG	59	34	63	43
n04465501_319.JPEG	0	10	63	61
n04465501_69.JPEG	0	2	63	63
n04465501_204.JPEG	19	25	62	55
n04465501_72.JPEG	7	15	48	47
n04465501_476.JPEG	14	23	55	53
n04465501_53.JPEG	0	20	31	42
n04465501_279.JPEG	0	16	25	42
n04465501_441.JPEG	18	6	63	62
n04465501_273.JPEG	0	13	46	62
n04465501_330.JPEG	2	2	63	62
n04465501_428.JPEG	1	0	63	63
n04465501_474.JPEG	0	3	63	62
n04465501_261.JPEG	29	27	58	57
n04465501_277.JPEG	0	2	63	63
n04465501_338.JPEG	1	14	63	49
n04465501_426.JPEG	0	8	63	63
n04465501_451.JPEG	0	0	60	51
n04465501_240.JPEG	0	6	56	63
n04465501_89.JPEG	0	11	63	56
n04465501_464.JPEG	0	0	63	63
n04465501_397.JPEG	0	14	63	61
n04465501_182.JPEG	0	5	63	60
n04465501_299.JPEG	0	12	63	61
n04465501_39.JPEG	9	16	31	33
n04465501_393.JPEG	0	8	63	57
n04465501_13.JPEG	7	7	63	61
n04465501_198.JPEG	0	4	63	60
n04465501_370.JPEG	0	8	63	63
n04465501_159.JPEG	0	1	63	63
n04465501_238.JPEG	0	11	58	58
n04465501_133.JPEG	9	0	63	63
n04465501_42.JPEG	37	27	62	49
n04465501_186.JPEG	0	6	63	63
n04465501_9.JPEG	3	12	63	59
n04465501_460.JPEG	0	29	63	63
n04465501_183.JPEG	0	5	58	59
n04465501_208.JPEG	10	27	34	43
n04465501_124.JPEG	0	0	63	63
val_4151.JPEG	18	18	38	43
val_1317.JPEG	0	2	63	63
val_9431.JPEG	6	31	63	63
val_6077.JPEG	17	13	63	63
val_8441.JPEG	0	18	63	55
val_1266.JPEG	30	28	63	55
val_9059.JPEG	0	7	63	60
val_1688.JPEG	24	22	63	58
val_6573.JPEG	0	6	63	62
val_9903.JPEG	5	15	54	42
val_7956.JPEG	25	28	63	58
val_4236.JPEG	0	0	63	53
val_127.JPEG	0	5	63	56
val_2041.JPEG	5	31	36	49
val_2119.JPEG	0	11	63	62
val_3234.JPEG	2	4	63	60
val_2733.JPEG	0	10	63	63
val_5963.JPEG	22	35	45	55
val_2797.JPEG	12	13	60	61
val_4392.JPEG	8	19	63	62
val_1299.JPEG	20	28	51	44
val_8957.JPEG	1	6	58	43
val_4918.JPEG	0	1	63	61
val_3790.JPEG	28	20	63	50
val_7659.JPEG	0	1	34	63
val_2898.JPEG	0	6	59	59
val_9056.JPEG	0	4	55	63
val_1792.JPEG	3	12	63	55
val_8183.JPEG	1	10	63	61
val_1927.JPEG	2	0	63	63
val_1298.JPEG	6	22	63	63
val_6830.JPEG	0	46	18	58
val_2436.JPEG	25	27	44	48
val_9690.JPEG	0	8	63	59
val_5710.JPEG	8	0	59	63
