n02841315_141.JPEG	0	2	63	63
n02841315_449.JPEG	0	22	63	63
n02841315_170.JPEG	11	21	40	31
n02841315_437.JPEG	0	21	56	63
n02841315_139.JPEG	29	9	47	18
n02841315_362.JPEG	24	7	36	16
n02841315_339.JPEG	2	13	63	63
n02841315_292.JPEG	22	13	46	63
n02841315_62.JPEG	0	9	58	56
n02841315_97.JPEG	0	15	36	56
n02841315_187.JPEG	2	3	61	62
n02841315_123.JPEG	39	11	42	14
n02841315_278.JPEG	17	1	63	63
n02841315_416.JPEG	0	2	63	63
n02841315_83.JPEG	0	3	41	63
n02841315_247.JPEG	0	13	59	63
n02841315_130.JPEG	17	27	51	39
n02841315_252.JPEG	5	12	63	51
n02841315_110.JPEG	28	27	46	35
n02841315_229.JPEG	0	5	63	62
n02841315_496.JPEG	17	16	52	52
n02841315_67.JPEG	8	10	46	37
n02841315_98.JPEG	24	12	40	23
n02841315_302.JPEG	30	12	63	63
n02841315_425.JPEG	31	35	56	53
n02841315_162.JPEG	0	3	63	62
n02841315_476.JPEG	26	17	63	32
n02841315_204.JPEG	0	9	63	56
n02841315_22.JPEG	17	6	33	24
n02841315_393.JPEG	11	12	58	32
n02841315_497.JPEG	0	17	52	41
n02841315_288.JPEG	0	3	63	63
n02841315_235.JPEG	13	16	49	59
n02841315_16.JPEG	2	10	61	63
n02841315_25.JPEG	21	24	49	35
n02841315_19.JPEG	33	31	50	63
n02841315_56.JPEG	0	11	63	63
n02841315_440.JPEG	0	24	48	48
n02841315_40.JPEG	0	8	53	36
n02841315_120.JPEG	22	18	63	46
n02841315_313.JPEG	51	29	58	36
n02841315_118.JPEG	31	22	63	43
n02841315_346.JPEG	30	27	55	46
n02841315_349.JPEG	42	35	63	57
n02841315_279.JPEG	19	40	24	43
n02841315_268.JPEG	8	17	63	63
n02841315_294.JPEG	0	16	63	47
n02841315_384.JPEG	3	25	45	51
n02841315_442.JPEG	8	7	21	15
n02841315_214.JPEG	39	21	45	29
n02841315_394.JPEG	12	15	63	63
n02841315_305.JPEG	16	13	63	54
n02841315_250.JPEG	0	10	63	54
n02841315_126.JPEG	19	12	36	20
n02841315_103.JPEG	18	12	61	63
n02841315_58.JPEG	25	2	35	13
n02841315_3.JPEG	8	0	50	16
n02841315_495.JPEG	10	0	62	63
n02841315_225.JPEG	37	0	57	12
n02841315_68.JPEG	41	15	46	18
n02841315_57.JPEG	24	29	37	39
n02841315_136.JPEG	4	5	63	63
n02841315_415.JPEG	5	19	51	37
n02841315_45.JPEG	24	21	33	25
n02841315_61.JPEG	22	22	27	25
n02841315_237.JPEG	4	7	52	30
n02841315_8.JPEG	4	8	55	58
n02841315_128.JPEG	31	12	63	32
n02841315_163.JPEG	46	19	61	61
n02841315_499.JPEG	0	6	63	60
n02841315_431.JPEG	27	18	56	63
n02841315_337.JPEG	33	17	41	21
n02841315_234.JPEG	20	25	40	45
n02841315_466.JPEG	50	25	63	33
n02841315_73.JPEG	0	19	63	63
n02841315_133.JPEG	0	5	49	60
n02841315_144.JPEG	23	8	46	19
n02841315_172.JPEG	0	5	63	63
n02841315_24.JPEG	0	13	63	63
n02841315_196.JPEG	0	5	63	62
n02841315_4.JPEG	52	22	61	37
n02841315_282.JPEG	2	6	63	63
n02841315_249.JPEG	0	17	23	26
n02841315_207.JPEG	1	0	63	63
n02841315_190.JPEG	40	13	54	52
n02841315_177.JPEG	0	9	63	37
n02841315_311.JPEG	1	17	63	48
n02841315_493.JPEG	21	23	47	32
n02841315_435.JPEG	14	8	54	35
n02841315_409.JPEG	0	4	26	63
n02841315_433.JPEG	15	18	61	38
n02841315_94.JPEG	30	27	40	33
n02841315_239.JPEG	6	5	31	23
n02841315_122.JPEG	16	24	48	63
n02841315_317.JPEG	0	6	63	63
n02841315_267.JPEG	0	3	36	63
n02841315_463.JPEG	41	16	63	33
n02841315_20.JPEG	31	23	46	30
n02841315_403.JPEG	0	2	63	63
n02841315_382.JPEG	0	9	54	44
n02841315_474.JPEG	9	7	23	21
n02841315_370.JPEG	0	3	63	62
n02841315_65.JPEG	21	8	63	63
n02841315_23.JPEG	8	5	63	56
n02841315_422.JPEG	0	0	63	63
n02841315_405.JPEG	36	19	63	58
n02841315_439.JPEG	34	15	42	20
n02841315_90.JPEG	54	24	60	27
n02841315_169.JPEG	0	1	55	63
n02841315_269.JPEG	37	38	41	40
n02841315_386.JPEG	0	15	63	63
n02841315_343.JPEG	5	22	25	34
n02841315_467.JPEG	0	1	58	63
n02841315_179.JPEG	0	1	63	63
n02841315_356.JPEG	28	19	61	63
n02841315_446.JPEG	22	17	39	25
n02841315_360.JPEG	18	21	27	25
n02841315_315.JPEG	31	16	45	24
n02841315_32.JPEG	21	18	52	37
n02841315_336.JPEG	10	7	55	63
n02841315_325.JPEG	14	21	49	39
n02841315_320.JPEG	3	29	63	63
n02841315_418.JPEG	11	54	24	63
n02841315_51.JPEG	0	5	63	61
n02841315_395.JPEG	15	17	33	23
n02841315_60.JPEG	31	0	47	5
n02841315_185.JPEG	0	5	63	41
n02841315_30.JPEG	3	18	35	56
n02841315_21.JPEG	6	17	14	24
n02841315_342.JPEG	11	2	63	48
n02841315_85.JPEG	0	15	63	55
n02841315_407.JPEG	4	8	63	51
n02841315_105.JPEG	8	1	57	56
n02841315_464.JPEG	38	34	63	46
n02841315_221.JPEG	17	12	48	23
n02841315_392.JPEG	8	3	57	61
n02841315_49.JPEG	14	18	52	33
n02841315_471.JPEG	17	16	53	59
n02841315_335.JPEG	4	39	61	63
n02841315_355.JPEG	3	0	60	63
n02841315_9.JPEG	0	32	63	63
n02841315_262.JPEG	12	21	54	52
n02841315_140.JPEG	4	29	63	60
n02841315_345.JPEG	0	1	63	32
n02841315_167.JPEG	7	2	63	51
n02841315_485.JPEG	9	27	34	37
n02841315_236.JPEG	0	0	63	63
n02841315_477.JPEG	33	6	57	15
n02841315_232.JPEG	27	19	59	55
n02841315_484.JPEG	0	1	63	63
n02841315_436.JPEG	0	0	63	63
n02841315_74.JPEG	38	30	43	34
n02841315_387.JPEG	0	10	52	55
n02841315_149.JPEG	27	22	56	49
n02841315_332.JPEG	17	27	38	43
n02841315_271.JPEG	36	32	48	63
n02841315_359.JPEG	47	22	63	36
n02841315_413.JPEG	33	33	47	43
n02841315_428.JPEG	21	19	63	63
n02841315_419.JPEG	19	27	38	39
n02841315_33.JPEG	0	40	63	63
n02841315_233.JPEG	28	10	40	59
n02841315_255.JPEG	4	2	62	63
n02841315_330.JPEG	0	3	63	61
n02841315_127.JPEG	4	14	24	34
n02841315_208.JPEG	14	30	26	44
n02841315_81.JPEG	4	10	54	51
n02841315_295.JPEG	2	0	62	63
n02841315_380.JPEG	14	29	60	63
n02841315_231.JPEG	0	0	63	63
n02841315_138.JPEG	3	13	55	51
n02841315_154.JPEG	23	19	53	48
n02841315_217.JPEG	0	9	63	58
n02841315_52.JPEG	25	13	52	59
n02841315_366.JPEG	33	14	48	39
n02841315_53.JPEG	0	2	63	61
n02841315_460.JPEG	4	4	43	63
n02841315_373.JPEG	24	31	44	46
n02841315_322.JPEG	0	3	63	63
n02841315_84.JPEG	0	3	63	61
n02841315_153.JPEG	0	14	63	55
n02841315_328.JPEG	27	0	48	21
n02841315_323.JPEG	0	3	63	55
n02841315_341.JPEG	0	5	37	63
n02841315_108.JPEG	0	14	63	55
n02841315_1.JPEG	0	7	63	52
n02841315_210.JPEG	0	19	48	63
n02841315_184.JPEG	1	13	63	45
n02841315_158.JPEG	4	11	63	63
n02841315_181.JPEG	31	31	49	40
n02841315_371.JPEG	1	0	63	63
n02841315_429.JPEG	13	23	53	45
n02841315_46.JPEG	19	30	63	55
n02841315_63.JPEG	6	17	43	62
n02841315_86.JPEG	30	45	44	63
n02841315_106.JPEG	12	28	60	63
n02841315_69.JPEG	15	1	50	59
n02841315_173.JPEG	0	7	12	63
n02841315_470.JPEG	10	22	63	58
n02841315_44.JPEG	0	11	63	49
n02841315_87.JPEG	1	2	63	62
n02841315_243.JPEG	47	18	60	39
n02841315_156.JPEG	0	0	63	63
n02841315_479.JPEG	24	36	63	63
n02841315_348.JPEG	50	40	63	55
n02841315_227.JPEG	9	0	56	58
n02841315_256.JPEG	24	29	27	31
n02841315_107.JPEG	0	0	63	63
n02841315_473.JPEG	0	9	63	59
n02841315_488.JPEG	2	12	34	37
n02841315_318.JPEG	26	27	63	46
n02841315_36.JPEG	17	0	50	63
n02841315_264.JPEG	25	10	40	19
n02841315_260.JPEG	17	6	50	46
n02841315_397.JPEG	0	7	63	52
n02841315_245.JPEG	31	8	41	15
n02841315_104.JPEG	29	13	37	17
n02841315_160.JPEG	18	14	63	28
n02841315_480.JPEG	31	17	44	22
n02841315_257.JPEG	10	21	16	25
n02841315_38.JPEG	18	4	63	45
n02841315_178.JPEG	20	0	63	63
n02841315_134.JPEG	4	0	60	63
n02841315_151.JPEG	7	0	52	63
n02841315_183.JPEG	16	14	56	29
n02841315_253.JPEG	0	8	63	58
n02841315_300.JPEG	17	25	63	63
n02841315_344.JPEG	15	20	32	35
n02841315_18.JPEG	10	1	48	39
n02841315_96.JPEG	17	14	25	17
n02841315_200.JPEG	3	17	51	63
n02841315_283.JPEG	39	25	44	27
n02841315_297.JPEG	0	30	40	63
n02841315_259.JPEG	17	19	52	36
n02841315_150.JPEG	23	16	36	22
n02841315_455.JPEG	16	21	50	35
n02841315_176.JPEG	6	23	61	47
n02841315_119.JPEG	5	23	35	49
n02841315_99.JPEG	0	1	63	60
n02841315_39.JPEG	22	17	41	31
n02841315_82.JPEG	0	21	63	63
n02841315_251.JPEG	21	18	30	24
n02841315_48.JPEG	18	10	63	55
n02841315_15.JPEG	0	3	63	63
n02841315_191.JPEG	20	13	46	22
n02841315_361.JPEG	0	11	61	62
n02841315_498.JPEG	0	1	63	40
n02841315_454.JPEG	3	17	14	21
n02841315_304.JPEG	0	1	63	63
n02841315_340.JPEG	16	6	32	16
n02841315_164.JPEG	25	3	54	31
n02841315_475.JPEG	13	12	23	18
n02841315_80.JPEG	0	7	63	57
n02841315_26.JPEG	0	6	38	63
n02841315_490.JPEG	1	3	63	63
n02841315_494.JPEG	0	1	63	63
n02841315_368.JPEG	0	29	58	63
n02841315_216.JPEG	23	58	48	63
n02841315_291.JPEG	34	42	45	58
n02841315_77.JPEG	0	7	62	49
n02841315_404.JPEG	15	15	50	63
n02841315_213.JPEG	0	3	63	63
n02841315_223.JPEG	0	0	63	63
n02841315_321.JPEG	6	27	27	45
n02841315_248.JPEG	17	21	49	63
n02841315_165.JPEG	19	30	62	63
n02841315_376.JPEG	27	20	63	63
n02841315_299.JPEG	0	5	63	63
n02841315_175.JPEG	17	23	50	63
n02841315_6.JPEG	0	3	63	63
n02841315_303.JPEG	0	3	63	62
n02841315_482.JPEG	39	26	58	35
n02841315_445.JPEG	33	22	61	33
n02841315_240.JPEG	0	8	63	61
n02841315_458.JPEG	35	14	62	28
n02841315_402.JPEG	0	8	63	63
n02841315_75.JPEG	39	36	63	50
n02841315_79.JPEG	0	7	47	63
n02841315_174.JPEG	0	19	22	63
n02841315_115.JPEG	5	17	36	63
n02841315_456.JPEG	0	2	63	59
n02841315_182.JPEG	9	24	63	63
n02841315_148.JPEG	29	16	63	63
n02841315_420.JPEG	27	3	39	11
n02841315_385.JPEG	8	14	63	63
n02841315_117.JPEG	15	0	60	31
n02841315_71.JPEG	0	6	63	55
n02841315_27.JPEG	6	16	15	22
n02841315_186.JPEG	38	18	59	63
n02841315_450.JPEG	3	24	46	39
n02841315_285.JPEG	3	0	62	25
n02841315_157.JPEG	25	3	63	63
n02841315_13.JPEG	26	11	63	63
n02841315_481.JPEG	10	0	58	63
n02841315_293.JPEG	52	21	63	34
n02841315_37.JPEG	8	26	63	63
n02841315_93.JPEG	0	3	63	58
n02841315_472.JPEG	11	0	55	42
n02841315_272.JPEG	0	7	63	62
n02841315_411.JPEG	0	4	63	63
n02841315_327.JPEG	29	23	63	62
n02841315_146.JPEG	30	19	63	58
n02841315_116.JPEG	1	13	63	41
n02841315_367.JPEG	0	1	63	55
n02841315_43.JPEG	10	0	54	63
n02841315_378.JPEG	0	23	0	40
n02841315_365.JPEG	42	35	63	63
n02841315_28.JPEG	1	0	63	41
n02841315_372.JPEG	4	27	53	55
n02841315_276.JPEG	0	14	60	51
n02841315_219.JPEG	22	19	43	30
n02841315_129.JPEG	19	35	49	52
n02841315_465.JPEG	41	15	63	63
n02841315_102.JPEG	0	7	63	63
n02841315_492.JPEG	20	20	32	35
n02841315_457.JPEG	36	16	41	18
n02841315_423.JPEG	13	18	42	31
n02841315_319.JPEG	20	30	43	44
n02841315_193.JPEG	33	30	63	52
n02841315_64.JPEG	0	37	7	44
n02841315_143.JPEG	0	11	63	54
n02841315_7.JPEG	0	13	32	50
n02841315_331.JPEG	0	28	35	54
n02841315_78.JPEG	30	16	50	28
n02841315_383.JPEG	0	0	63	63
n02841315_432.JPEG	0	18	63	48
n02841315_14.JPEG	4	19	58	63
n02841315_462.JPEG	0	14	19	63
n02841315_453.JPEG	0	11	63	63
n02841315_152.JPEG	4	0	58	55
n02841315_224.JPEG	0	1	53	63
n02841315_197.JPEG	0	23	63	63
n02841315_483.JPEG	25	26	42	36
n02841315_426.JPEG	0	1	63	63
n02841315_263.JPEG	0	11	63	58
n02841315_101.JPEG	26	4	63	63
n02841315_296.JPEG	27	6	39	13
n02841315_76.JPEG	5	27	21	40
n02841315_168.JPEG	0	0	63	63
n02841315_11.JPEG	0	0	63	63
n02841315_358.JPEG	26	11	31	13
n02841315_113.JPEG	23	33	29	35
n02841315_258.JPEG	24	23	33	29
n02841315_444.JPEG	24	18	46	26
n02841315_329.JPEG	23	8	63	23
n02841315_180.JPEG	0	4	36	35
n02841315_201.JPEG	12	15	46	55
n02841315_242.JPEG	41	17	49	21
n02841315_41.JPEG	6	17	60	46
n02841315_92.JPEG	26	18	41	25
val_8900.JPEG	0	14	29	63
val_3381.JPEG	24	15	63	34
val_4410.JPEG	5	15	60	41
val_3866.JPEG	0	6	29	54
val_7910.JPEG	0	10	29	26
val_9550.JPEG	13	13	56	59
val_6610.JPEG	0	25	63	63
val_2648.JPEG	0	3	63	62
val_3509.JPEG	9	39	60	63
val_6384.JPEG	4	6	61	51
val_9447.JPEG	41	16	48	23
val_6875.JPEG	30	18	53	32
val_2928.JPEG	16	21	34	29
val_2089.JPEG	8	6	58	63
val_9516.JPEG	0	7	63	63
val_6693.JPEG	10	10	35	25
val_659.JPEG	0	11	63	52
val_9396.JPEG	20	0	49	9
val_7188.JPEG	7	4	60	63
val_1988.JPEG	19	0	40	27
val_1111.JPEG	7	14	58	63
val_266.JPEG	6	20	46	63
val_9510.JPEG	0	15	38	54
val_1737.JPEG	16	21	63	38
val_2451.JPEG	8	31	58	63
val_168.JPEG	0	2	63	42
val_5178.JPEG	16	16	53	30
val_1702.JPEG	32	16	49	30
val_4684.JPEG	0	19	46	45
val_631.JPEG	8	3	60	34
val_7879.JPEG	16	30	37	46
val_6694.JPEG	0	26	63	63
val_6386.JPEG	27	20	31	27
val_9770.JPEG	7	16	33	30
val_8171.JPEG	24	8	47	63
