n04146614_431.JPEG	0	0	63	53
n04146614_439.JPEG	3	15	63	51
n04146614_401.JPEG	8	23	63	63
n04146614_444.JPEG	13	9	58	56
n04146614_443.JPEG	0	3	63	57
n04146614_357.JPEG	0	39	63	63
n04146614_229.JPEG	10	16	48	55
n04146614_44.JPEG	3	11	63	61
n04146614_387.JPEG	1	14	63	51
n04146614_334.JPEG	0	0	63	63
n04146614_52.JPEG	0	10	62	53
n04146614_221.JPEG	4	40	34	63
n04146614_417.JPEG	0	20	63	58
n04146614_92.JPEG	0	0	63	60
n04146614_257.JPEG	20	29	58	38
n04146614_338.JPEG	5	12	63	61
n04146614_432.JPEG	0	0	63	63
n04146614_216.JPEG	16	39	46	58
n04146614_114.JPEG	0	0	63	61
n04146614_98.JPEG	0	5	62	63
n04146614_318.JPEG	0	25	37	60
n04146614_164.JPEG	0	33	63	53
n04146614_306.JPEG	4	7	63	52
n04146614_361.JPEG	8	13	63	57
n04146614_296.JPEG	0	7	63	39
n04146614_86.JPEG	22	29	54	40
n04146614_283.JPEG	0	21	63	61
n04146614_138.JPEG	39	27	59	44
n04146614_392.JPEG	0	7	46	63
n04146614_414.JPEG	7	11	53	60
n04146614_112.JPEG	0	0	63	63
n04146614_400.JPEG	0	25	57	55
n04146614_450.JPEG	0	34	38	51
n04146614_23.JPEG	13	8	63	54
n04146614_89.JPEG	1	0	63	63
n04146614_430.JPEG	1	0	63	63
n04146614_204.JPEG	0	0	63	62
n04146614_103.JPEG	0	5	63	57
n04146614_362.JPEG	0	1	63	57
n04146614_106.JPEG	12	28	57	59
n04146614_181.JPEG	0	0	63	63
n04146614_295.JPEG	0	25	55	46
n04146614_50.JPEG	1	0	63	63
n04146614_94.JPEG	21	27	47	53
n04146614_278.JPEG	0	8	63	63
n04146614_434.JPEG	0	7	63	43
n04146614_419.JPEG	6	9	63	63
n04146614_67.JPEG	0	7	37	55
n04146614_245.JPEG	0	7	63	53
n04146614_0.JPEG	0	0	63	63
n04146614_9.JPEG	3	17	61	52
n04146614_150.JPEG	0	3	63	63
n04146614_337.JPEG	0	0	59	63
n04146614_250.JPEG	5	4	63	59
n04146614_282.JPEG	0	1	57	63
n04146614_315.JPEG	0	5	63	55
n04146614_379.JPEG	0	3	63	62
n04146614_453.JPEG	0	25	63	48
n04146614_180.JPEG	8	0	63	60
n04146614_360.JPEG	7	11	63	53
n04146614_393.JPEG	0	6	63	63
n04146614_477.JPEG	0	7	63	59
n04146614_133.JPEG	0	19	51	49
n04146614_448.JPEG	0	0	63	63
n04146614_84.JPEG	6	4	56	53
n04146614_409.JPEG	11	5	56	53
n04146614_4.JPEG	19	20	50	49
n04146614_492.JPEG	6	22	52	57
n04146614_317.JPEG	0	33	63	63
n04146614_22.JPEG	0	8	63	57
n04146614_350.JPEG	0	0	63	50
n04146614_470.JPEG	0	3	63	61
n04146614_478.JPEG	0	6	63	50
n04146614_26.JPEG	2	23	63	63
n04146614_27.JPEG	4	10	60	62
n04146614_237.JPEG	0	10	63	55
n04146614_454.JPEG	0	1	63	63
n04146614_121.JPEG	0	15	63	62
n04146614_437.JPEG	0	23	63	48
n04146614_340.JPEG	13	18	50	57
n04146614_259.JPEG	0	11	37	57
n04146614_262.JPEG	0	0	63	63
n04146614_11.JPEG	0	18	62	55
n04146614_64.JPEG	15	18	63	52
n04146614_280.JPEG	15	3	63	63
n04146614_336.JPEG	0	13	60	63
n04146614_198.JPEG	41	46	63	58
n04146614_324.JPEG	8	6	63	61
n04146614_35.JPEG	0	6	63	63
n04146614_258.JPEG	0	0	63	28
n04146614_471.JPEG	0	1	63	63
n04146614_140.JPEG	0	8	63	58
n04146614_290.JPEG	43	1	63	44
n04146614_442.JPEG	0	21	63	48
n04146614_383.JPEG	5	0	63	63
n04146614_174.JPEG	0	1	63	63
n04146614_462.JPEG	22	8	63	52
n04146614_109.JPEG	17	31	62	48
n04146614_489.JPEG	0	9	63	58
n04146614_467.JPEG	3	8	63	63
n04146614_209.JPEG	43	43	63	57
n04146614_247.JPEG	8	6	63	59
n04146614_225.JPEG	0	25	63	53
n04146614_48.JPEG	0	1	63	48
n04146614_382.JPEG	0	30	63	55
n04146614_81.JPEG	0	4	63	56
n04146614_242.JPEG	8	14	51	63
n04146614_469.JPEG	5	5	63	63
n04146614_236.JPEG	0	9	63	60
n04146614_115.JPEG	3	18	63	54
n04146614_339.JPEG	8	0	57	63
n04146614_476.JPEG	0	28	36	53
n04146614_29.JPEG	0	2	63	59
n04146614_202.JPEG	0	26	63	47
n04146614_97.JPEG	0	18	52	44
n04146614_168.JPEG	0	0	63	63
n04146614_231.JPEG	15	17	57	38
n04146614_161.JPEG	0	2	63	36
n04146614_411.JPEG	18	42	52	58
n04146614_185.JPEG	29	44	58	63
n04146614_353.JPEG	0	13	63	53
n04146614_421.JPEG	4	14	63	63
n04146614_395.JPEG	1	14	58	56
n04146614_261.JPEG	0	0	63	63
n04146614_268.JPEG	0	0	63	63
n04146614_25.JPEG	0	15	63	54
n04146614_7.JPEG	0	13	63	53
n04146614_73.JPEG	0	17	63	63
n04146614_364.JPEG	1	8	63	63
n04146614_465.JPEG	0	1	48	63
n04146614_110.JPEG	0	0	63	63
n04146614_480.JPEG	41	12	63	35
n04146614_57.JPEG	29	24	59	52
n04146614_91.JPEG	18	31	63	59
n04146614_117.JPEG	0	7	63	31
n04146614_144.JPEG	0	9	63	58
n04146614_113.JPEG	1	8	63	63
n04146614_496.JPEG	1	14	55	47
n04146614_160.JPEG	0	15	63	56
n04146614_154.JPEG	10	26	33	41
n04146614_105.JPEG	0	0	63	63
n04146614_122.JPEG	7	4	54	32
n04146614_335.JPEG	3	21	12	26
n04146614_486.JPEG	1	17	55	63
n04146614_498.JPEG	13	10	58	45
n04146614_65.JPEG	0	1	63	63
n04146614_433.JPEG	27	10	63	46
n04146614_134.JPEG	17	13	63	57
n04146614_488.JPEG	37	12	63	45
n04146614_131.JPEG	0	39	63	63
n04146614_391.JPEG	31	23	57	44
n04146614_403.JPEG	0	0	63	63
n04146614_47.JPEG	0	4	63	59
n04146614_252.JPEG	1	12	63	51
n04146614_277.JPEG	0	0	63	63
n04146614_33.JPEG	3	3	56	63
n04146614_380.JPEG	0	14	44	39
n04146614_377.JPEG	0	7	63	62
n04146614_427.JPEG	28	33	58	41
n04146614_308.JPEG	0	0	63	63
n04146614_416.JPEG	0	13	63	45
n04146614_428.JPEG	0	0	63	63
n04146614_424.JPEG	0	5	63	61
n04146614_166.JPEG	0	10	63	58
n04146614_71.JPEG	0	3	63	63
n04146614_101.JPEG	0	28	63	54
n04146614_24.JPEG	0	1	63	63
n04146614_327.JPEG	0	1	63	63
n04146614_396.JPEG	21	27	48	49
n04146614_438.JPEG	1	0	61	57
n04146614_370.JPEG	10	20	63	56
n04146614_291.JPEG	3	31	63	63
n04146614_222.JPEG	21	10	63	53
n04146614_116.JPEG	0	25	63	58
n04146614_124.JPEG	5	9	61	63
n04146614_173.JPEG	0	5	63	45
n04146614_139.JPEG	0	1	63	63
n04146614_264.JPEG	11	22	37	52
n04146614_100.JPEG	3	0	63	63
n04146614_349.JPEG	0	0	63	63
n04146614_74.JPEG	0	0	57	63
n04146614_146.JPEG	0	19	63	61
n04146614_143.JPEG	0	15	56	52
n04146614_213.JPEG	0	17	63	53
n04146614_374.JPEG	3	26	63	48
n04146614_369.JPEG	0	0	52	63
n04146614_15.JPEG	1	20	63	54
n04146614_41.JPEG	0	19	63	48
n04146614_189.JPEG	0	0	63	63
n04146614_165.JPEG	1	0	63	63
n04146614_494.JPEG	0	9	63	50
n04146614_385.JPEG	8	0	63	62
n04146614_191.JPEG	0	1	63	63
n04146614_132.JPEG	0	19	60	47
n04146614_107.JPEG	1	9	63	46
n04146614_152.JPEG	4	1	58	57
n04146614_367.JPEG	0	11	63	57
n04146614_363.JPEG	36	30	50	38
n04146614_358.JPEG	0	15	63	55
n04146614_230.JPEG	13	13	57	48
n04146614_348.JPEG	0	8	63	63
n04146614_413.JPEG	32	0	63	51
n04146614_49.JPEG	0	4	63	63
n04146614_466.JPEG	0	21	63	54
n04146614_436.JPEG	0	1	63	63
n04146614_255.JPEG	27	9	63	49
n04146614_96.JPEG	5	33	39	51
n04146614_452.JPEG	2	11	63	40
n04146614_219.JPEG	3	3	63	63
n04146614_30.JPEG	0	16	63	61
n04146614_62.JPEG	16	31	51	63
n04146614_163.JPEG	9	12	63	45
n04146614_356.JPEG	32	13	63	62
n04146614_441.JPEG	7	16	63	56
n04146614_238.JPEG	0	4	63	60
n04146614_36.JPEG	7	18	59	55
n04146614_6.JPEG	0	11	63	52
n04146614_373.JPEG	4	12	58	49
n04146614_158.JPEG	0	21	28	35
n04146614_275.JPEG	1	0	63	63
n04146614_474.JPEG	13	12	52	58
n04146614_244.JPEG	0	14	46	63
n04146614_13.JPEG	0	0	63	63
n04146614_343.JPEG	6	7	63	63
n04146614_208.JPEG	0	0	63	63
n04146614_10.JPEG	1	19	63	41
n04146614_37.JPEG	1	9	63	60
n04146614_251.JPEG	6	1	63	63
n04146614_323.JPEG	16	26	55	56
n04146614_460.JPEG	0	28	45	61
n04146614_347.JPEG	1	0	63	63
n04146614_329.JPEG	5	22	62	44
n04146614_326.JPEG	13	39	37	63
n04146614_345.JPEG	25	30	34	39
n04146614_298.JPEG	0	1	41	56
n04146614_309.JPEG	0	7	63	62
n04146614_388.JPEG	0	10	63	59
n04146614_313.JPEG	0	35	63	63
n04146614_2.JPEG	5	24	57	49
n04146614_148.JPEG	0	9	63	47
n04146614_85.JPEG	0	0	63	63
n04146614_399.JPEG	0	7	62	61
n04146614_333.JPEG	0	0	63	63
n04146614_228.JPEG	0	1	63	30
n04146614_3.JPEG	0	7	63	63
n04146614_479.JPEG	0	3	63	59
n04146614_287.JPEG	0	4	61	60
n04146614_1.JPEG	0	5	63	60
n04146614_412.JPEG	0	28	63	55
n04146614_75.JPEG	0	1	63	63
n04146614_346.JPEG	0	11	63	60
n04146614_435.JPEG	0	2	47	51
n04146614_426.JPEG	0	4	63	54
n04146614_169.JPEG	0	27	63	53
n04146614_449.JPEG	16	37	63	57
n04146614_276.JPEG	3	11	63	53
n04146614_341.JPEG	2	19	32	33
n04146614_227.JPEG	0	13	63	52
n04146614_482.JPEG	0	1	63	63
n04146614_241.JPEG	0	5	63	59
n04146614_233.JPEG	20	0	63	63
n04146614_157.JPEG	20	0	63	63
n04146614_289.JPEG	7	3	63	52
n04146614_200.JPEG	5	17	38	58
n04146614_464.JPEG	0	0	63	61
n04146614_215.JPEG	24	0	63	63
n04146614_265.JPEG	0	17	63	61
n04146614_201.JPEG	0	7	45	55
n04146614_300.JPEG	0	14	63	49
n04146614_330.JPEG	0	24	63	63
n04146614_458.JPEG	0	3	63	59
n04146614_302.JPEG	0	0	63	46
n04146614_285.JPEG	0	0	63	63
n04146614_297.JPEG	0	3	63	63
n04146614_365.JPEG	0	0	63	63
n04146614_123.JPEG	9	33	63	59
n04146614_72.JPEG	5	2	61	49
n04146614_352.JPEG	0	14	63	55
n04146614_456.JPEG	0	0	63	63
n04146614_497.JPEG	3	24	55	43
n04146614_197.JPEG	0	1	63	63
n04146614_294.JPEG	0	0	63	36
n04146614_167.JPEG	2	14	63	47
n04146614_475.JPEG	0	2	63	61
n04146614_226.JPEG	0	0	63	63
n04146614_366.JPEG	0	5	63	60
n04146614_118.JPEG	7	30	63	62
n04146614_299.JPEG	0	16	63	55
n04146614_292.JPEG	3	1	59	56
n04146614_70.JPEG	2	10	63	58
n04146614_355.JPEG	55	45	63	63
n04146614_484.JPEG	17	29	51	40
n04146614_34.JPEG	0	6	63	59
n04146614_493.JPEG	0	13	63	59
n04146614_344.JPEG	0	2	63	63
n04146614_19.JPEG	0	0	63	63
n04146614_320.JPEG	1	17	56	37
n04146614_214.JPEG	1	0	63	63
n04146614_281.JPEG	3	8	63	62
n04146614_159.JPEG	0	0	63	46
n04146614_58.JPEG	0	42	63	63
n04146614_314.JPEG	0	20	63	60
n04146614_104.JPEG	0	6	63	56
n04146614_328.JPEG	0	1	63	63
n04146614_351.JPEG	0	2	63	63
n04146614_127.JPEG	11	7	63	52
n04146614_203.JPEG	0	0	63	63
n04146614_177.JPEG	0	10	55	63
n04146614_175.JPEG	0	0	63	63
n04146614_331.JPEG	0	12	38	63
n04146614_267.JPEG	0	20	63	63
n04146614_224.JPEG	3	5	62	45
n04146614_270.JPEG	0	10	63	54
n04146614_248.JPEG	0	17	63	56
n04146614_457.JPEG	15	29	49	63
n04146614_274.JPEG	4	8	63	52
n04146614_61.JPEG	0	13	63	60
n04146614_303.JPEG	35	29	63	56
n04146614_63.JPEG	0	7	63	55
n04146614_342.JPEG	26	12	63	42
n04146614_199.JPEG	0	35	43	48
n04146614_332.JPEG	4	1	61	56
n04146614_120.JPEG	6	13	63	44
n04146614_87.JPEG	2	2	61	61
n04146614_483.JPEG	0	22	53	59
n04146614_145.JPEG	0	6	63	59
n04146614_305.JPEG	6	11	57	63
n04146614_253.JPEG	0	0	63	63
n04146614_310.JPEG	0	12	42	59
n04146614_256.JPEG	0	4	63	59
n04146614_28.JPEG	0	20	62	49
n04146614_205.JPEG	5	9	62	57
n04146614_375.JPEG	1	4	63	63
n04146614_239.JPEG	14	16	51	54
n04146614_172.JPEG	9	40	42	58
n04146614_372.JPEG	0	4	63	63
n04146614_16.JPEG	0	17	21	49
n04146614_286.JPEG	3	19	41	38
n04146614_126.JPEG	0	0	55	45
n04146614_5.JPEG	38	7	63	47
n04146614_20.JPEG	17	0	63	37
n04146614_53.JPEG	0	10	63	56
n04146614_182.JPEG	0	16	59	44
n04146614_445.JPEG	0	2	63	61
n04146614_490.JPEG	0	17	44	62
n04146614_406.JPEG	6	21	63	63
n04146614_135.JPEG	0	0	63	63
n04146614_68.JPEG	45	18	63	49
n04146614_322.JPEG	10	0	63	63
n04146614_472.JPEG	12	20	63	37
val_8798.JPEG	0	15	63	56
val_4722.JPEG	0	7	63	63
val_9047.JPEG	0	5	63	63
val_957.JPEG	0	7	61	53
val_1097.JPEG	3	8	63	63
val_7937.JPEG	4	16	62	56
val_9955.JPEG	30	26	54	54
val_6286.JPEG	0	6	63	63
val_9500.JPEG	12	11	53	56
val_8588.JPEG	0	0	63	63
val_4664.JPEG	0	0	63	63
val_6434.JPEG	12	6	63	61
val_5331.JPEG	0	12	63	63
val_1182.JPEG	0	20	63	43
val_4770.JPEG	0	6	63	55
val_332.JPEG	0	6	37	63
val_4811.JPEG	0	13	63	59
val_7968.JPEG	0	0	63	63
val_6885.JPEG	29	14	63	54
val_3065.JPEG	4	15	41	54
val_99.JPEG	0	12	49	63
val_5901.JPEG	0	20	63	43
val_1815.JPEG	0	12	61	62
val_914.JPEG	0	27	34	63
val_1942.JPEG	17	6	63	63
val_7752.JPEG	0	1	63	60
val_353.JPEG	0	1	35	60
val_9753.JPEG	0	19	63	58
val_6777.JPEG	0	4	63	61
val_7170.JPEG	20	7	63	56
val_9988.JPEG	0	0	63	63
val_5215.JPEG	0	15	63	62
val_1947.JPEG	0	5	63	58
val_3905.JPEG	0	0	61	63
val_2783.JPEG	0	20	63	60
