n03837869_156.JPEG	17	0	49	63
n03837869_310.JPEG	25	0	40	60
n03837869_423.JPEG	21	0	37	63
n03837869_391.JPEG	1	7	12	45
n03837869_36.JPEG	6	0	54	63
n03837869_482.JPEG	19	0	47	63
n03837869_95.JPEG	23	3	34	63
n03837869_394.JPEG	22	0	44	63
n03837869_352.JPEG	39	26	42	35
n03837869_441.JPEG	19	9	31	53
n03837869_273.JPEG	32	30	42	63
n03837869_305.JPEG	1	13	12	63
n03837869_264.JPEG	14	0	39	63
n03837869_132.JPEG	21	0	37	63
n03837869_238.JPEG	26	0	36	49
n03837869_225.JPEG	14	5	28	63
n03837869_415.JPEG	23	0	41	63
n03837869_226.JPEG	0	21	63	32
n03837869_232.JPEG	28	11	37	49
n03837869_252.JPEG	31	37	37	62
n03837869_70.JPEG	1	0	63	63
n03837869_31.JPEG	37	16	40	47
n03837869_133.JPEG	15	4	27	54
n03837869_351.JPEG	11	0	30	24
n03837869_106.JPEG	26	0	43	63
n03837869_299.JPEG	28	3	35	40
n03837869_380.JPEG	14	5	48	63
n03837869_34.JPEG	25	8	41	63
n03837869_428.JPEG	21	19	29	63
n03837869_258.JPEG	40	5	50	50
n03837869_249.JPEG	29	10	33	45
n03837869_104.JPEG	14	0	35	44
n03837869_381.JPEG	30	13	36	45
n03837869_170.JPEG	24	0	63	63
n03837869_279.JPEG	6	0	38	63
n03837869_221.JPEG	1	0	63	63
n03837869_2.JPEG	49	13	54	46
n03837869_322.JPEG	24	0	38	63
n03837869_192.JPEG	7	0	57	63
n03837869_361.JPEG	31	40	33	53
n03837869_290.JPEG	11	0	46	63
n03837869_126.JPEG	30	26	33	39
n03837869_400.JPEG	11	39	21	55
n03837869_215.JPEG	0	10	61	63
n03837869_231.JPEG	36	0	50	63
n03837869_223.JPEG	20	0	44	63
n03837869_376.JPEG	59	6	63	55
n03837869_324.JPEG	40	13	44	29
n03837869_79.JPEG	12	0	52	63
n03837869_174.JPEG	25	0	43	63
n03837869_253.JPEG	23	0	41	63
n03837869_340.JPEG	0	2	63	63
n03837869_314.JPEG	12	0	54	63
n03837869_387.JPEG	25	4	34	60
n03837869_112.JPEG	0	3	57	63
n03837869_65.JPEG	27	12	31	48
n03837869_263.JPEG	23	0	44	63
n03837869_220.JPEG	21	4	31	50
n03837869_222.JPEG	28	0	38	63
n03837869_348.JPEG	14	0	54	63
n03837869_204.JPEG	25	14	40	47
n03837869_369.JPEG	17	7	43	63
n03837869_146.JPEG	38	11	46	48
n03837869_173.JPEG	26	2	39	63
n03837869_312.JPEG	6	0	28	63
n03837869_217.JPEG	29	2	38	58
n03837869_86.JPEG	18	0	34	51
n03837869_451.JPEG	32	10	38	52
n03837869_368.JPEG	29	0	43	63
n03837869_78.JPEG	28	9	33	52
n03837869_332.JPEG	39	4	63	59
n03837869_246.JPEG	11	0	49	63
n03837869_108.JPEG	2	11	7	42
n03837869_372.JPEG	45	16	49	52
n03837869_265.JPEG	34	7	38	40
n03837869_49.JPEG	29	0	33	30
n03837869_427.JPEG	19	0	47	63
n03837869_389.JPEG	11	0	45	63
n03837869_341.JPEG	19	6	46	63
n03837869_373.JPEG	17	0	46	63
n03837869_152.JPEG	20	0	40	63
n03837869_447.JPEG	16	0	30	63
n03837869_473.JPEG	10	0	63	63
n03837869_125.JPEG	17	0	25	63
n03837869_494.JPEG	23	20	26	35
n03837869_240.JPEG	25	0	40	63
n03837869_230.JPEG	24	3	39	63
n03837869_425.JPEG	23	0	43	63
n03837869_18.JPEG	34	9	44	63
n03837869_177.JPEG	11	0	49	63
n03837869_194.JPEG	23	0	32	63
n03837869_335.JPEG	11	0	21	63
n03837869_60.JPEG	8	28	19	63
n03837869_4.JPEG	25	0	43	63
n03837869_413.JPEG	28	0	49	61
n03837869_181.JPEG	36	0	52	63
n03837869_113.JPEG	37	8	46	50
n03837869_61.JPEG	17	0	38	63
n03837869_401.JPEG	27	0	39	63
n03837869_345.JPEG	19	0	37	51
n03837869_237.JPEG	4	0	63	63
n03837869_267.JPEG	15	0	47	63
n03837869_37.JPEG	24	6	40	61
n03837869_143.JPEG	12	0	19	63
n03837869_418.JPEG	13	0	43	61
n03837869_317.JPEG	26	0	38	63
n03837869_28.JPEG	18	9	42	63
n03837869_479.JPEG	2	0	39	63
n03837869_187.JPEG	48	51	63	63
n03837869_476.JPEG	30	0	37	43
n03837869_412.JPEG	24	0	46	56
n03837869_244.JPEG	25	21	31	57
n03837869_342.JPEG	0	5	30	63
n03837869_276.JPEG	23	0	34	59
n03837869_164.JPEG	18	0	50	63
n03837869_357.JPEG	31	23	37	63
n03837869_127.JPEG	26	0	40	56
n03837869_218.JPEG	29	24	32	51
n03837869_53.JPEG	0	4	20	62
n03837869_484.JPEG	0	0	47	63
n03837869_80.JPEG	28	4	37	48
n03837869_211.JPEG	25	2	34	48
n03837869_122.JPEG	35	0	55	63
n03837869_421.JPEG	20	0	44	63
n03837869_247.JPEG	23	0	42	63
n03837869_297.JPEG	14	0	46	63
n03837869_269.JPEG	21	0	39	63
n03837869_245.JPEG	28	0	42	63
n03837869_35.JPEG	17	0	50	63
n03837869_206.JPEG	19	0	63	63
n03837869_414.JPEG	15	6	24	55
n03837869_207.JPEG	0	13	52	63
n03837869_67.JPEG	9	0	30	63
n03837869_307.JPEG	49	0	60	58
n03837869_408.JPEG	26	0	34	63
n03837869_388.JPEG	5	17	9	46
n03837869_438.JPEG	43	6	51	40
n03837869_12.JPEG	1	0	63	63
n03837869_0.JPEG	19	33	28	63
n03837869_97.JPEG	30	0	42	61
n03837869_248.JPEG	24	2	39	63
n03837869_278.JPEG	22	0	36	63
n03837869_167.JPEG	24	0	54	63
n03837869_467.JPEG	31	22	36	40
n03837869_481.JPEG	28	16	31	32
n03837869_135.JPEG	7	0	58	63
n03837869_403.JPEG	23	0	37	63
n03837869_183.JPEG	24	0	44	63
n03837869_346.JPEG	0	9	63	63
n03837869_424.JPEG	22	0	51	63
n03837869_233.JPEG	1	0	21	63
n03837869_118.JPEG	26	0	37	63
n03837869_393.JPEG	26	0	40	63
n03837869_62.JPEG	26	0	36	57
n03837869_409.JPEG	25	0	34	53
n03837869_430.JPEG	31	0	38	47
n03837869_166.JPEG	21	3	34	63
n03837869_24.JPEG	0	0	44	63
n03837869_283.JPEG	23	0	36	63
n03837869_128.JPEG	29	27	37	63
n03837869_292.JPEG	12	0	57	63
n03837869_202.JPEG	27	27	35	61
n03837869_433.JPEG	11	0	59	63
n03837869_121.JPEG	40	4	47	46
n03837869_277.JPEG	27	0	37	62
n03837869_155.JPEG	25	0	42	63
n03837869_29.JPEG	19	0	46	63
n03837869_319.JPEG	24	8	37	63
n03837869_98.JPEG	19	2	32	63
n03837869_268.JPEG	34	3	44	63
n03837869_434.JPEG	26	0	37	63
n03837869_151.JPEG	30	0	39	47
n03837869_442.JPEG	17	0	45	60
n03837869_180.JPEG	9	0	63	63
n03837869_199.JPEG	27	0	39	62
n03837869_490.JPEG	22	0	43	63
n03837869_13.JPEG	32	0	36	45
n03837869_406.JPEG	19	0	56	63
n03837869_168.JPEG	27	1	43	63
n03837869_130.JPEG	15	0	46	63
n03837869_241.JPEG	21	0	40	59
n03837869_26.JPEG	6	13	18	49
n03837869_163.JPEG	2	18	62	63
n03837869_227.JPEG	19	0	32	63
n03837869_371.JPEG	24	0	38	63
n03837869_405.JPEG	28	6	37	56
n03837869_16.JPEG	32	15	37	50
n03837869_285.JPEG	8	7	63	63
n03837869_9.JPEG	40	27	50	63
n03837869_58.JPEG	14	7	24	63
n03837869_64.JPEG	28	7	36	63
n03837869_259.JPEG	26	11	33	43
n03837869_455.JPEG	18	19	23	47
n03837869_11.JPEG	29	31	38	63
n03837869_289.JPEG	25	0	38	51
n03837869_491.JPEG	31	16	34	43
n03837869_111.JPEG	39	0	50	63
n03837869_69.JPEG	49	31	59	63
n03837869_45.JPEG	15	12	27	62
n03837869_88.JPEG	43	14	51	63
n03837869_105.JPEG	23	4	43	48
n03837869_196.JPEG	34	0	63	63
n03837869_497.JPEG	28	8	33	36
n03837869_239.JPEG	25	12	30	49
n03837869_102.JPEG	42	42	52	63
n03837869_84.JPEG	16	0	49	63
n03837869_365.JPEG	0	23	6	63
n03837869_234.JPEG	8	6	40	63
n03837869_378.JPEG	10	0	53	63
n03837869_120.JPEG	37	3	52	63
n03837869_436.JPEG	26	6	49	63
n03837869_282.JPEG	4	0	61	63
n03837869_379.JPEG	22	1	53	63
n03837869_260.JPEG	27	0	40	61
n03837869_457.JPEG	42	1	62	63
n03837869_100.JPEG	31	9	41	63
n03837869_148.JPEG	24	9	28	48
n03837869_119.JPEG	29	4	40	63
n03837869_349.JPEG	29	23	32	44
n03837869_82.JPEG	17	0	21	20
n03837869_367.JPEG	0	0	58	63
n03837869_186.JPEG	28	0	40	61
n03837869_270.JPEG	26	0	38	63
n03837869_154.JPEG	29	4	54	63
n03837869_300.JPEG	29	4	34	39
n03837869_255.JPEG	14	0	54	48
n03837869_8.JPEG	21	0	43	63
n03837869_446.JPEG	49	0	63	63
n03837869_453.JPEG	2	0	63	63
n03837869_347.JPEG	23	0	38	63
n03837869_71.JPEG	22	1	49	63
n03837869_184.JPEG	24	0	55	63
n03837869_291.JPEG	43	32	53	63
n03837869_23.JPEG	22	0	45	63
n03837869_478.JPEG	33	0	49	63
n03837869_254.JPEG	24	0	36	63
n03837869_129.JPEG	22	2	28	46
n03837869_89.JPEG	24	5	45	57
n03837869_107.JPEG	21	0	31	53
n03837869_370.JPEG	14	0	55	63
n03837869_116.JPEG	16	0	29	36
n03837869_327.JPEG	25	23	38	63
n03837869_274.JPEG	58	8	63	63
n03837869_171.JPEG	22	0	42	63
n03837869_209.JPEG	18	5	27	56
n03837869_448.JPEG	18	0	51	63
n03837869_315.JPEG	31	4	38	49
n03837869_250.JPEG	12	0	50	63
n03837869_145.JPEG	34	0	45	56
n03837869_92.JPEG	23	0	40	63
n03837869_350.JPEG	20	1	29	63
n03837869_32.JPEG	17	20	28	55
n03837869_295.JPEG	24	0	36	44
n03837869_63.JPEG	39	15	51	51
n03837869_404.JPEG	18	3	45	62
n03837869_461.JPEG	20	0	42	63
n03837869_271.JPEG	19	0	47	63
n03837869_93.JPEG	19	0	45	59
n03837869_325.JPEG	24	0	37	63
n03837869_266.JPEG	5	0	63	63
n03837869_358.JPEG	35	5	43	56
n03837869_141.JPEG	26	0	39	63
n03837869_359.JPEG	25	24	40	63
n03837869_33.JPEG	18	0	47	55
n03837869_6.JPEG	0	0	63	63
n03837869_318.JPEG	24	18	34	52
n03837869_287.JPEG	27	0	39	49
n03837869_117.JPEG	12	0	50	63
n03837869_59.JPEG	33	0	55	56
n03837869_46.JPEG	26	15	40	55
n03837869_343.JPEG	0	5	63	63
n03837869_298.JPEG	19	14	28	60
n03837869_68.JPEG	30	10	37	53
n03837869_493.JPEG	26	17	33	59
n03837869_465.JPEG	33	13	37	43
n03837869_411.JPEG	21	12	39	63
n03837869_328.JPEG	24	0	37	63
n03837869_468.JPEG	13	0	53	63
n03837869_197.JPEG	23	0	40	63
n03837869_321.JPEG	25	0	50	57
n03837869_54.JPEG	14	0	48	63
n03837869_334.JPEG	15	0	59	63
n03837869_483.JPEG	26	13	35	63
n03837869_293.JPEG	22	16	44	61
n03837869_398.JPEG	0	0	55	63
n03837869_449.JPEG	21	8	46	63
n03837869_364.JPEG	37	0	53	63
n03837869_182.JPEG	31	18	33	41
n03837869_205.JPEG	22	0	38	63
n03837869_374.JPEG	12	10	22	58
n03837869_460.JPEG	21	2	41	63
n03837869_190.JPEG	17	0	30	63
n03837869_308.JPEG	25	2	46	63
n03837869_123.JPEG	18	0	49	63
n03837869_377.JPEG	28	3	38	53
n03837869_159.JPEG	4	0	49	63
n03837869_475.JPEG	24	0	31	42
n03837869_131.JPEG	25	0	37	63
n03837869_272.JPEG	15	3	52	63
n03837869_193.JPEG	6	0	55	63
n03837869_284.JPEG	6	0	58	63
n03837869_165.JPEG	4	0	47	63
n03837869_420.JPEG	2	0	19	63
n03837869_109.JPEG	19	0	47	63
n03837869_229.JPEG	31	10	36	55
n03837869_185.JPEG	16	0	26	59
n03837869_407.JPEG	12	0	28	59
n03837869_456.JPEG	29	11	38	42
n03837869_281.JPEG	18	5	46	50
n03837869_301.JPEG	30	0	39	58
n03837869_72.JPEG	29	0	35	50
n03837869_498.JPEG	25	3	40	63
n03837869_303.JPEG	27	4	40	63
n03837869_458.JPEG	5	0	59	63
n03837869_208.JPEG	10	0	37	63
n03837869_176.JPEG	10	0	16	42
n03837869_470.JPEG	22	0	41	63
n03837869_294.JPEG	23	0	63	63
n03837869_445.JPEG	23	0	41	63
n03837869_212.JPEG	26	0	38	61
n03837869_172.JPEG	0	16	4	45
n03837869_138.JPEG	19	0	40	63
n03837869_450.JPEG	15	6	23	47
n03837869_153.JPEG	18	0	47	63
n03837869_452.JPEG	24	0	35	63
n03837869_419.JPEG	6	0	63	63
n03837869_304.JPEG	4	0	26	63
n03837869_362.JPEG	26	0	35	60
n03837869_216.JPEG	27	0	37	48
n03837869_47.JPEG	7	0	21	63
n03837869_392.JPEG	25	0	38	63
n03837869_142.JPEG	29	2	36	56
n03837869_66.JPEG	25	3	47	63
n03837869_57.JPEG	25	0	42	63
n03837869_326.JPEG	28	7	36	48
n03837869_10.JPEG	9	5	27	40
n03837869_429.JPEG	25	0	35	63
n03837869_474.JPEG	23	0	41	63
n03837869_5.JPEG	46	19	51	48
n03837869_198.JPEG	2	0	62	63
n03837869_41.JPEG	31	22	34	44
n03837869_56.JPEG	18	0	34	63
n03837869_44.JPEG	27	0	41	63
n03837869_309.JPEG	19	0	46	63
n03837869_91.JPEG	25	0	37	59
n03837869_296.JPEG	28	38	31	63
n03837869_7.JPEG	38	8	47	58
n03837869_1.JPEG	28	0	40	63
n03837869_243.JPEG	33	7	37	44
n03837869_3.JPEG	20	0	44	63
val_6707.JPEG	30	17	40	58
val_32.JPEG	59	6	63	63
val_9834.JPEG	23	4	33	58
val_9774.JPEG	23	0	46	63
val_7095.JPEG	28	3	35	53
val_2075.JPEG	30	3	37	52
val_21.JPEG	40	7	51	63
val_5561.JPEG	27	2	42	63
val_7512.JPEG	14	0	33	41
val_2471.JPEG	15	0	52	63
val_2574.JPEG	29	8	35	55
val_3749.JPEG	14	19	25	63
val_4708.JPEG	16	0	47	63
val_5083.JPEG	17	8	23	46
val_4704.JPEG	23	0	36	58
val_2122.JPEG	23	0	39	63
val_1709.JPEG	25	0	40	63
val_4699.JPEG	28	25	35	63
val_5124.JPEG	25	0	44	63
val_5764.JPEG	31	26	34	42
val_4433.JPEG	19	0	55	63
val_8176.JPEG	12	12	19	63
val_9961.JPEG	44	30	51	55
val_5849.JPEG	22	0	42	63
val_8210.JPEG	22	0	48	63
val_3961.JPEG	18	0	50	63
val_757.JPEG	28	0	38	63
val_5776.JPEG	26	0	33	40
val_9394.JPEG	24	0	47	63
val_6848.JPEG	38	0	62	63
val_5283.JPEG	33	0	47	63
val_9459.JPEG	28	5	38	57
val_147.JPEG	5	0	33	63
val_2649.JPEG	21	9	30	53
val_9972.JPEG	19	11	49	63
