n02837789_64.JPEG	14	22	61	63
n02837789_357.JPEG	16	0	52	42
n02837789_182.JPEG	34	17	48	42
n02837789_104.JPEG	26	18	49	57
n02837789_411.JPEG	10	30	44	63
n02837789_390.JPEG	21	14	60	63
n02837789_25.JPEG	23	18	58	63
n02837789_499.JPEG	11	35	47	63
n02837789_201.JPEG	25	11	41	37
n02837789_59.JPEG	21	0	41	42
n02837789_431.JPEG	30	23	54	56
n02837789_412.JPEG	20	28	41	63
n02837789_297.JPEG	13	9	51	63
n02837789_47.JPEG	25	22	49	61
n02837789_103.JPEG	23	27	63	63
n02837789_74.JPEG	29	42	47	55
n02837789_7.JPEG	27	6	42	36
n02837789_472.JPEG	1	26	38	61
n02837789_145.JPEG	19	1	45	34
n02837789_257.JPEG	0	12	63	54
n02837789_293.JPEG	13	6	30	40
n02837789_10.JPEG	18	8	50	63
n02837789_273.JPEG	18	3	36	37
n02837789_260.JPEG	18	7	52	63
n02837789_130.JPEG	37	5	56	36
n02837789_165.JPEG	26	11	46	49
n02837789_161.JPEG	33	14	48	40
n02837789_158.JPEG	1	0	51	47
n02837789_233.JPEG	12	25	54	63
n02837789_40.JPEG	23	25	32	41
n02837789_60.JPEG	19	14	56	63
n02837789_140.JPEG	32	18	42	36
n02837789_493.JPEG	11	28	47	63
n02837789_44.JPEG	29	44	34	54
n02837789_153.JPEG	20	14	49	63
n02837789_69.JPEG	23	0	41	10
n02837789_168.JPEG	17	0	40	35
n02837789_195.JPEG	21	6	40	47
n02837789_407.JPEG	10	16	30	54
n02837789_96.JPEG	12	16	48	63
n02837789_405.JPEG	5	0	57	63
n02837789_336.JPEG	14	22	59	42
n02837789_191.JPEG	18	0	35	31
n02837789_247.JPEG	18	21	45	63
n02837789_359.JPEG	0	41	13	63
n02837789_321.JPEG	18	17	40	57
n02837789_226.JPEG	23	16	48	44
n02837789_229.JPEG	15	10	46	63
n02837789_370.JPEG	21	17	54	53
n02837789_436.JPEG	6	21	45	61
n02837789_133.JPEG	30	7	46	38
n02837789_185.JPEG	16	16	50	63
n02837789_43.JPEG	25	16	47	63
n02837789_460.JPEG	5	0	53	63
n02837789_151.JPEG	21	13	36	37
n02837789_186.JPEG	23	42	51	62
n02837789_445.JPEG	20	20	63	63
n02837789_425.JPEG	15	31	42	63
n02837789_450.JPEG	44	13	63	63
n02837789_455.JPEG	10	29	63	63
n02837789_409.JPEG	4	19	26	44
n02837789_31.JPEG	23	3	41	34
n02837789_437.JPEG	6	29	51	63
n02837789_256.JPEG	8	14	38	63
n02837789_135.JPEG	36	24	45	31
n02837789_58.JPEG	48	18	60	38
n02837789_312.JPEG	24	19	37	43
n02837789_497.JPEG	26	12	57	54
n02837789_320.JPEG	8	33	52	63
n02837789_280.JPEG	0	22	45	63
n02837789_302.JPEG	17	11	63	63
n02837789_338.JPEG	0	3	63	63
n02837789_55.JPEG	0	24	18	41
n02837789_241.JPEG	14	25	47	63
n02837789_146.JPEG	12	5	41	48
n02837789_344.JPEG	19	16	51	63
n02837789_76.JPEG	22	35	44	63
n02837789_394.JPEG	21	18	42	57
n02837789_282.JPEG	33	15	50	41
n02837789_325.JPEG	21	24	55	63
n02837789_259.JPEG	21	21	43	56
n02837789_138.JPEG	34	8	63	63
n02837789_414.JPEG	20	25	42	45
n02837789_129.JPEG	8	30	30	58
n02837789_255.JPEG	16	11	40	58
n02837789_403.JPEG	10	15	35	59
n02837789_116.JPEG	18	8	32	39
n02837789_434.JPEG	19	1	38	31
n02837789_72.JPEG	0	20	21	38
n02837789_65.JPEG	19	28	51	62
n02837789_442.JPEG	17	39	30	47
n02837789_265.JPEG	19	6	50	47
n02837789_461.JPEG	16	14	42	63
n02837789_207.JPEG	16	15	36	54
n02837789_250.JPEG	27	16	41	43
n02837789_301.JPEG	22	6	40	38
n02837789_430.JPEG	25	30	60	61
n02837789_111.JPEG	25	9	45	37
n02837789_81.JPEG	17	16	48	63
n02837789_83.JPEG	26	21	45	51
n02837789_84.JPEG	6	35	33	53
n02837789_38.JPEG	19	24	54	57
n02837789_150.JPEG	19	16	34	45
n02837789_291.JPEG	16	19	35	50
n02837789_470.JPEG	18	2	39	38
n02837789_392.JPEG	15	20	42	63
n02837789_371.JPEG	20	10	36	38
n02837789_222.JPEG	33	11	50	40
n02837789_375.JPEG	3	5	63	63
n02837789_324.JPEG	26	10	44	41
n02837789_120.JPEG	6	28	17	39
n02837789_216.JPEG	12	29	53	63
n02837789_367.JPEG	19	21	49	57
n02837789_184.JPEG	18	24	31	51
n02837789_239.JPEG	20	24	46	58
n02837789_125.JPEG	25	9	46	46
n02837789_237.JPEG	25	21	37	48
n02837789_127.JPEG	19	0	39	34
n02837789_227.JPEG	12	13	63	63
n02837789_253.JPEG	28	10	55	60
n02837789_464.JPEG	13	20	35	44
n02837789_149.JPEG	0	0	45	62
n02837789_339.JPEG	5	32	55	63
n02837789_163.JPEG	23	11	39	40
n02837789_264.JPEG	46	33	61	49
n02837789_316.JPEG	21	5	40	40
n02837789_383.JPEG	33	15	46	44
n02837789_308.JPEG	12	8	28	40
n02837789_196.JPEG	34	0	63	63
n02837789_192.JPEG	32	17	47	31
n02837789_494.JPEG	17	20	54	63
n02837789_179.JPEG	17	32	60	63
n02837789_309.JPEG	16	9	51	61
n02837789_400.JPEG	21	8	45	45
n02837789_171.JPEG	22	22	37	51
n02837789_262.JPEG	33	6	47	25
n02837789_433.JPEG	1	0	44	63
n02837789_78.JPEG	36	25	49	35
n02837789_106.JPEG	33	15	46	36
n02837789_219.JPEG	1	25	40	62
n02837789_86.JPEG	26	16	48	62
n02837789_267.JPEG	9	27	42	43
n02837789_41.JPEG	13	13	36	46
n02837789_97.JPEG	18	4	35	36
n02837789_364.JPEG	29	21	41	42
n02837789_286.JPEG	34	15	63	32
n02837789_298.JPEG	3	0	43	61
n02837789_123.JPEG	28	17	49	51
n02837789_75.JPEG	13	15	30	36
n02837789_206.JPEG	15	20	46	45
n02837789_109.JPEG	17	7	40	61
n02837789_480.JPEG	29	14	43	33
n02837789_347.JPEG	12	5	59	63
n02837789_212.JPEG	15	20	42	63
n02837789_304.JPEG	26	10	43	45
n02837789_34.JPEG	26	25	48	58
n02837789_420.JPEG	10	36	35	50
n02837789_244.JPEG	4	15	25	46
n02837789_49.JPEG	24	1	42	33
n02837789_164.JPEG	10	14	42	63
n02837789_61.JPEG	17	9	44	46
n02837789_62.JPEG	18	16	43	44
n02837789_173.JPEG	24	13	42	43
n02837789_73.JPEG	15	8	47	63
n02837789_386.JPEG	18	0	37	37
n02837789_328.JPEG	33	4	47	35
n02837789_397.JPEG	10	20	53	63
n02837789_180.JPEG	0	10	63	61
n02837789_352.JPEG	15	5	47	45
n02837789_421.JPEG	26	10	47	40
n02837789_277.JPEG	37	26	52	53
n02837789_396.JPEG	7	24	23	41
n02837789_451.JPEG	10	26	24	42
n02837789_337.JPEG	18	26	28	47
n02837789_456.JPEG	30	24	45	39
n02837789_416.JPEG	63	12	63	32
n02837789_471.JPEG	28	30	38	43
n02837789_225.JPEG	23	3	39	30
n02837789_415.JPEG	10	40	33	63
n02837789_155.JPEG	38	36	45	47
n02837789_393.JPEG	31	10	49	41
n02837789_274.JPEG	19	14	47	63
n02837789_114.JPEG	16	0	48	63
n02837789_189.JPEG	21	26	62	63
n02837789_276.JPEG	16	45	63	63
n02837789_139.JPEG	23	6	43	28
n02837789_404.JPEG	23	26	38	56
n02837789_372.JPEG	25	10	41	45
n02837789_444.JPEG	12	27	38	55
n02837789_80.JPEG	9	31	52	57
n02837789_141.JPEG	28	13	38	38
n02837789_152.JPEG	33	9	49	41
n02837789_462.JPEG	26	27	63	63
n02837789_278.JPEG	23	8	57	63
n02837789_24.JPEG	17	0	37	32
n02837789_36.JPEG	0	16	40	56
n02837789_63.JPEG	13	0	61	63
n02837789_314.JPEG	29	17	54	53
n02837789_468.JPEG	40	14	61	43
n02837789_458.JPEG	27	5	46	35
n02837789_126.JPEG	20	17	52	63
n02837789_299.JPEG	1	33	10	46
n02837789_335.JPEG	31	16	60	55
n02837789_115.JPEG	20	16	39	54
n02837789_459.JPEG	20	6	50	43
n02837789_254.JPEG	21	9	47	34
n02837789_322.JPEG	28	26	63	58
n02837789_198.JPEG	12	12	46	63
n02837789_391.JPEG	20	32	60	63
n02837789_446.JPEG	20	32	47	57
n02837789_481.JPEG	20	13	48	63
n02837789_157.JPEG	34	29	43	41
n02837789_489.JPEG	0	26	9	40
n02837789_452.JPEG	1	19	50	63
n02837789_110.JPEG	32	13	45	32
n02837789_27.JPEG	15	25	30	62
n02837789_71.JPEG	20	9	40	58
n02837789_46.JPEG	21	37	63	63
n02837789_368.JPEG	40	7	53	25
n02837789_52.JPEG	18	28	47	63
n02837789_172.JPEG	40	20	63	48
n02837789_341.JPEG	0	12	26	51
n02837789_303.JPEG	1	11	24	53
n02837789_485.JPEG	10	21	51	63
n02837789_217.JPEG	11	14	42	63
n02837789_112.JPEG	31	21	52	63
n02837789_283.JPEG	0	7	63	47
n02837789_190.JPEG	23	24	40	53
n02837789_20.JPEG	19	12	47	63
n02837789_419.JPEG	28	38	55	51
n02837789_90.JPEG	31	22	63	58
n02837789_373.JPEG	22	8	39	46
n02837789_440.JPEG	13	22	50	63
n02837789_362.JPEG	19	27	49	63
n02837789_19.JPEG	11	20	40	61
n02837789_334.JPEG	15	32	29	55
n02837789_88.JPEG	41	30	51	43
n02837789_118.JPEG	2	29	31	47
n02837789_469.JPEG	26	20	46	42
n02837789_300.JPEG	11	11	46	61
n02837789_389.JPEG	35	11	54	56
n02837789_249.JPEG	22	19	44	53
n02837789_349.JPEG	15	35	33	63
n02837789_235.JPEG	21	19	57	63
n02837789_53.JPEG	29	21	42	37
n02837789_315.JPEG	15	16	63	63
n02837789_70.JPEG	15	0	51	63
n02837789_200.JPEG	21	32	59	52
n02837789_224.JPEG	12	36	21	48
n02837789_1.JPEG	32	24	54	39
n02837789_465.JPEG	32	10	59	28
n02837789_35.JPEG	30	16	50	46
n02837789_473.JPEG	6	11	40	63
n02837789_234.JPEG	23	14	59	63
n02837789_188.JPEG	25	15	54	49
n02837789_236.JPEG	12	0	48	47
n02837789_147.JPEG	24	12	48	52
n02837789_243.JPEG	25	18	45	61
n02837789_296.JPEG	11	25	33	63
n02837789_266.JPEG	22	0	47	52
n02837789_9.JPEG	11	27	28	57
n02837789_240.JPEG	23	2	40	15
n02837789_427.JPEG	24	23	42	57
n02837789_476.JPEG	18	15	45	63
n02837789_487.JPEG	18	35	33	56
n02837789_54.JPEG	12	19	53	63
n02837789_42.JPEG	9	0	53	63
n02837789_169.JPEG	17	25	55	63
n02837789_413.JPEG	14	0	53	58
n02837789_28.JPEG	24	7	43	52
n02837789_270.JPEG	19	0	59	44
n02837789_11.JPEG	18	20	42	63
n02837789_23.JPEG	12	11	45	63
n02837789_474.JPEG	0	19	12	41
n02837789_29.JPEG	23	12	49	50
n02837789_269.JPEG	0	26	2	32
n02837789_410.JPEG	0	18	29	35
n02837789_331.JPEG	15	5	45	53
n02837789_148.JPEG	22	15	46	58
n02837789_423.JPEG	24	17	48	41
n02837789_310.JPEG	28	2	48	43
n02837789_170.JPEG	7	18	49	63
n02837789_194.JPEG	9	7	38	63
n02837789_484.JPEG	10	7	58	63
n02837789_102.JPEG	5	27	42	46
n02837789_211.JPEG	24	17	39	41
n02837789_285.JPEG	15	15	44	46
n02837789_203.JPEG	5	24	29	46
n02837789_92.JPEG	25	6	39	33
n02837789_381.JPEG	33	23	53	63
n02837789_166.JPEG	4	0	57	63
n02837789_263.JPEG	29	18	43	48
n02837789_366.JPEG	15	18	34	58
n02837789_306.JPEG	18	27	53	54
n02837789_13.JPEG	17	0	39	30
n02837789_378.JPEG	14	17	38	63
n02837789_6.JPEG	36	31	47	46
n02837789_449.JPEG	37	16	60	48
n02837789_8.JPEG	3	52	42	63
n02837789_483.JPEG	19	40	43	63
n02837789_443.JPEG	24	28	35	47
n02837789_0.JPEG	8	8	40	63
n02837789_346.JPEG	11	15	35	63
n02837789_351.JPEG	16	3	57	63
n02837789_327.JPEG	54	33	63	56
n02837789_174.JPEG	24	6	55	63
n02837789_288.JPEG	9	8	48	63
n02837789_377.JPEG	29	9	47	42
n02837789_252.JPEG	24	17	41	61
n02837789_91.JPEG	13	27	54	63
n02837789_121.JPEG	45	37	62	63
n02837789_2.JPEG	23	15	45	63
n02837789_355.JPEG	5	18	34	60
n02837789_214.JPEG	26	5	49	51
n02837789_238.JPEG	27	10	52	36
n02837789_358.JPEG	12	27	23	44
n02837789_490.JPEG	24	8	46	44
n02837789_374.JPEG	28	18	43	40
n02837789_492.JPEG	21	15	38	42
n02837789_220.JPEG	29	12	50	55
n02837789_479.JPEG	1	9	15	35
n02837789_448.JPEG	18	13	49	63
n02837789_3.JPEG	13	15	54	63
n02837789_281.JPEG	17	29	51	63
n02837789_37.JPEG	35	30	42	45
n02837789_95.JPEG	32	24	44	48
n02837789_16.JPEG	32	16	63	60
n02837789_287.JPEG	24	25	41	51
n02837789_144.JPEG	3	0	55	63
n02837789_439.JPEG	50	12	63	45
n02837789_482.JPEG	26	15	54	63
n02837789_356.JPEG	14	9	41	62
n02837789_406.JPEG	22	5	40	49
n02837789_122.JPEG	24	10	39	40
n02837789_467.JPEG	17	23	63	63
n02837789_232.JPEG	12	18	54	63
n02837789_289.JPEG	41	16	56	45
n02837789_401.JPEG	5	36	28	63
n02837789_380.JPEG	27	10	61	63
n02837789_85.JPEG	24	7	55	63
n02837789_360.JPEG	17	20	38	48
n02837789_215.JPEG	18	13	59	63
n02837789_181.JPEG	10	0	37	47
n02837789_175.JPEG	27	0	46	34
n02837789_387.JPEG	20	20	39	53
n02837789_82.JPEG	5	24	45	47
n02837789_131.JPEG	27	34	35	51
n02837789_365.JPEG	16	19	39	63
n02837789_108.JPEG	25	21	50	48
n02837789_113.JPEG	19	15	47	63
val_6225.JPEG	19	13	48	63
val_720.JPEG	26	10	41	42
val_227.JPEG	13	13	52	63
val_5828.JPEG	36	15	50	44
val_196.JPEG	7	14	17	36
val_8263.JPEG	20	19	39	33
val_1375.JPEG	11	0	57	63
val_4615.JPEG	46	35	63	63
val_9308.JPEG	17	19	38	59
val_9571.JPEG	37	13	59	53
val_1309.JPEG	33	22	60	61
val_8124.JPEG	11	39	27	63
val_5495.JPEG	26	4	46	39
val_9847.JPEG	10	13	62	63
val_6051.JPEG	25	6	42	37
val_5170.JPEG	29	25	54	63
val_2506.JPEG	19	44	47	63
val_3150.JPEG	10	18	28	55
val_2403.JPEG	8	10	35	57
val_1804.JPEG	27	12	38	30
val_7292.JPEG	38	26	60	50
val_8729.JPEG	24	28	47	38
val_2650.JPEG	16	42	60	63
val_6415.JPEG	22	1	41	44
val_8273.JPEG	20	10	35	40
val_7154.JPEG	9	23	36	63
val_6998.JPEG	13	0	49	51
val_349.JPEG	17	33	23	45
val_6494.JPEG	16	1	39	29
val_7203.JPEG	23	0	44	38
val_6520.JPEG	4	11	52	43
val_1945.JPEG	0	36	40	63
val_3402.JPEG	29	20	47	47
val_5902.JPEG	40	31	63	63
val_8706.JPEG	20	0	36	34
