n03770439_364.JPEG	20	44	43	60
n03770439_473.JPEG	17	40	39	59
n03770439_23.JPEG	15	18	53	50
n03770439_369.JPEG	29	34	38	44
n03770439_140.JPEG	22	26	47	40
n03770439_475.JPEG	23	16	49	50
n03770439_248.JPEG	14	41	37	58
n03770439_92.JPEG	33	20	55	41
n03770439_366.JPEG	9	30	28	41
n03770439_145.JPEG	0	18	19	63
n03770439_273.JPEG	30	22	53	51
n03770439_62.JPEG	34	38	47	54
n03770439_288.JPEG	15	8	55	29
n03770439_368.JPEG	18	11	51	35
n03770439_275.JPEG	27	20	47	42
n03770439_179.JPEG	25	24	44	40
n03770439_128.JPEG	25	30	38	39
n03770439_165.JPEG	29	22	34	28
n03770439_292.JPEG	18	19	38	34
n03770439_187.JPEG	0	0	47	24
n03770439_449.JPEG	3	0	62	0
n03770439_246.JPEG	17	29	42	43
n03770439_61.JPEG	12	21	32	38
n03770439_75.JPEG	28	33	48	42
n03770439_242.JPEG	25	23	51	48
n03770439_212.JPEG	25	41	51	59
n03770439_429.JPEG	15	33	36	55
n03770439_363.JPEG	7	26	21	38
n03770439_391.JPEG	31	22	48	39
n03770439_259.JPEG	24	24	38	45
n03770439_82.JPEG	21	25	43	44
n03770439_396.JPEG	27	28	34	41
n03770439_107.JPEG	21	29	37	46
n03770439_139.JPEG	31	31	47	44
n03770439_89.JPEG	13	7	53	40
n03770439_53.JPEG	25	33	40	56
n03770439_477.JPEG	35	23	49	35
n03770439_419.JPEG	2	35	37	63
n03770439_100.JPEG	18	34	35	50
n03770439_4.JPEG	21	25	41	37
n03770439_104.JPEG	24	43	39	54
n03770439_166.JPEG	31	29	63	57
n03770439_358.JPEG	16	29	29	40
n03770439_336.JPEG	26	35	39	46
n03770439_488.JPEG	25	28	50	38
n03770439_1.JPEG	13	38	44	58
n03770439_106.JPEG	20	30	37	38
n03770439_333.JPEG	13	33	45	48
n03770439_240.JPEG	30	35	36	39
n03770439_312.JPEG	18	27	45	50
n03770439_102.JPEG	11	31	39	58
n03770439_287.JPEG	5	15	54	63
n03770439_346.JPEG	24	33	40	48
n03770439_341.JPEG	13	29	49	55
n03770439_298.JPEG	13	46	47	63
n03770439_337.JPEG	1	1	63	57
n03770439_435.JPEG	20	40	41	49
n03770439_34.JPEG	6	16	57	52
n03770439_498.JPEG	4	7	56	56
n03770439_491.JPEG	1	28	44	63
n03770439_137.JPEG	18	33	50	62
n03770439_271.JPEG	33	46	49	59
n03770439_361.JPEG	20	14	51	47
n03770439_365.JPEG	0	1	63	62
n03770439_466.JPEG	24	46	61	63
n03770439_322.JPEG	0	5	21	42
n03770439_343.JPEG	13	30	30	50
n03770439_373.JPEG	0	0	63	60
n03770439_117.JPEG	27	14	45	30
n03770439_265.JPEG	5	25	45	55
n03770439_156.JPEG	6	44	43	63
n03770439_308.JPEG	24	24	46	41
n03770439_400.JPEG	32	37	48	53
n03770439_285.JPEG	19	46	41	61
n03770439_111.JPEG	14	24	42	42
n03770439_203.JPEG	7	2	63	45
n03770439_153.JPEG	25	1	63	26
n03770439_297.JPEG	43	45	52	53
n03770439_451.JPEG	24	10	41	27
n03770439_85.JPEG	41	33	54	51
n03770439_244.JPEG	0	38	63	63
n03770439_211.JPEG	13	19	45	48
n03770439_458.JPEG	0	1	63	63
n03770439_84.JPEG	17	27	41	45
n03770439_40.JPEG	9	40	39	63
n03770439_16.JPEG	23	27	41	42
n03770439_215.JPEG	0	33	29	63
n03770439_38.JPEG	6	29	26	44
n03770439_447.JPEG	17	48	45	63
n03770439_351.JPEG	35	42	54	62
n03770439_320.JPEG	17	38	45	57
n03770439_304.JPEG	8	25	22	39
n03770439_261.JPEG	0	0	43	15
n03770439_24.JPEG	12	15	55	53
n03770439_5.JPEG	19	28	40	48
n03770439_132.JPEG	4	15	43	49
n03770439_8.JPEG	12	39	49	63
n03770439_291.JPEG	25	20	41	42
n03770439_174.JPEG	23	23	41	45
n03770439_232.JPEG	14	50	40	63
n03770439_349.JPEG	1	35	34	53
n03770439_183.JPEG	0	45	21	63
n03770439_3.JPEG	48	54	63	63
n03770439_478.JPEG	11	15	51	44
n03770439_120.JPEG	25	25	45	38
n03770439_492.JPEG	11	41	47	63
n03770439_280.JPEG	0	11	63	53
n03770439_210.JPEG	1	6	42	60
n03770439_264.JPEG	21	21	46	55
n03770439_164.JPEG	27	28	48	44
n03770439_482.JPEG	25	0	63	13
n03770439_148.JPEG	0	11	63	51
n03770439_160.JPEG	30	36	57	54
n03770439_223.JPEG	5	14	41	47
n03770439_334.JPEG	25	21	42	34
n03770439_222.JPEG	22	19	45	37
n03770439_219.JPEG	12	25	55	63
n03770439_384.JPEG	35	31	48	45
n03770439_357.JPEG	23	11	41	29
n03770439_76.JPEG	38	29	51	41
n03770439_47.JPEG	0	6	63	61
n03770439_217.JPEG	25	24	41	43
n03770439_213.JPEG	16	30	42	47
n03770439_362.JPEG	16	0	50	9
n03770439_353.JPEG	26	35	39	43
n03770439_144.JPEG	32	20	49	33
n03770439_330.JPEG	2	6	57	41
n03770439_186.JPEG	15	26	42	46
n03770439_319.JPEG	29	9	52	25
n03770439_149.JPEG	22	32	38	45
n03770439_130.JPEG	21	47	51	63
n03770439_206.JPEG	11	51	36	63
n03770439_460.JPEG	33	35	57	51
n03770439_158.JPEG	44	27	56	37
n03770439_159.JPEG	6	0	47	20
n03770439_41.JPEG	23	24	49	38
n03770439_282.JPEG	14	20	57	50
n03770439_173.JPEG	19	30	41	36
n03770439_59.JPEG	13	14	42	33
n03770439_249.JPEG	31	27	51	48
n03770439_168.JPEG	16	45	47	63
n03770439_147.JPEG	28	32	42	43
n03770439_441.JPEG	14	23	35	41
n03770439_497.JPEG	0	35	22	47
n03770439_467.JPEG	5	34	60	63
n03770439_379.JPEG	12	26	56	51
n03770439_221.JPEG	23	19	38	31
n03770439_101.JPEG	28	24	44	39
n03770439_181.JPEG	26	33	53	52
n03770439_427.JPEG	19	29	43	40
n03770439_425.JPEG	23	28	41	43
n03770439_399.JPEG	13	21	43	41
n03770439_55.JPEG	23	40	39	56
n03770439_69.JPEG	10	20	49	47
n03770439_465.JPEG	22	27	36	38
n03770439_133.JPEG	24	14	48	35
n03770439_176.JPEG	16	31	31	44
n03770439_408.JPEG	23	24	49	43
n03770439_274.JPEG	1	2	62	60
n03770439_323.JPEG	14	36	30	51
n03770439_182.JPEG	25	23	48	41
n03770439_17.JPEG	23	39	50	56
n03770439_332.JPEG	34	22	55	40
n03770439_422.JPEG	23	22	38	38
n03770439_267.JPEG	23	32	46	46
n03770439_21.JPEG	24	30	38	43
n03770439_188.JPEG	10	0	45	14
n03770439_375.JPEG	22	42	49	60
n03770439_270.JPEG	33	23	48	39
n03770439_448.JPEG	3	0	63	6
n03770439_44.JPEG	40	21	59	43
n03770439_397.JPEG	15	0	43	19
n03770439_293.JPEG	38	37	52	52
n03770439_454.JPEG	32	21	48	36
n03770439_495.JPEG	3	30	46	59
n03770439_381.JPEG	36	46	48	55
n03770439_272.JPEG	17	41	35	58
n03770439_499.JPEG	21	24	52	40
n03770439_180.JPEG	9	35	48	53
n03770439_269.JPEG	19	13	41	30
n03770439_123.JPEG	26	20	42	34
n03770439_95.JPEG	23	30	45	50
n03770439_278.JPEG	17	26	52	37
n03770439_380.JPEG	25	29	37	40
n03770439_378.JPEG	2	0	43	19
n03770439_493.JPEG	11	15	45	34
n03770439_420.JPEG	22	41	34	57
n03770439_360.JPEG	36	29	44	38
n03770439_14.JPEG	4	37	25	51
n03770439_469.JPEG	0	47	63	63
n03770439_344.JPEG	19	13	33	45
n03770439_236.JPEG	19	30	41	50
n03770439_239.JPEG	24	43	50	55
n03770439_311.JPEG	25	27	36	37
n03770439_255.JPEG	34	0	60	18
n03770439_494.JPEG	34	27	57	46
n03770439_463.JPEG	12	29	51	63
n03770439_328.JPEG	14	16	49	38
n03770439_345.JPEG	11	22	43	49
n03770439_114.JPEG	31	21	55	38
n03770439_185.JPEG	35	43	56	58
n03770439_12.JPEG	29	41	41	52
n03770439_33.JPEG	27	43	47	52
n03770439_472.JPEG	14	21	31	38
n03770439_68.JPEG	17	0	49	37
n03770439_228.JPEG	21	25	51	44
n03770439_455.JPEG	21	25	40	44
n03770439_326.JPEG	13	31	40	44
n03770439_118.JPEG	24	35	46	56
n03770439_157.JPEG	21	45	42	63
n03770439_81.JPEG	24	8	49	21
n03770439_94.JPEG	48	26	59	38
n03770439_60.JPEG	20	34	40	43
n03770439_66.JPEG	0	6	63	60
n03770439_124.JPEG	25	29	45	50
n03770439_97.JPEG	13	36	45	54
n03770439_2.JPEG	16	42	32	51
n03770439_150.JPEG	10	12	55	43
n03770439_138.JPEG	28	34	44	50
n03770439_416.JPEG	14	32	34	50
n03770439_318.JPEG	9	0	37	14
n03770439_329.JPEG	15	3	61	40
n03770439_112.JPEG	23	30	37	39
n03770439_335.JPEG	18	17	44	34
n03770439_289.JPEG	21	14	47	50
n03770439_91.JPEG	0	4	63	58
n03770439_300.JPEG	31	24	53	38
n03770439_452.JPEG	26	39	39	49
n03770439_22.JPEG	28	26	51	42
n03770439_428.JPEG	1	17	43	52
n03770439_74.JPEG	19	0	45	27
n03770439_190.JPEG	19	6	58	42
n03770439_127.JPEG	26	28	43	42
n03770439_199.JPEG	21	22	42	41
n03770439_313.JPEG	10	31	32	63
n03770439_317.JPEG	26	34	39	39
n03770439_303.JPEG	9	28	26	54
n03770439_268.JPEG	23	29	43	41
n03770439_15.JPEG	17	24	39	52
n03770439_338.JPEG	20	19	42	35
n03770439_189.JPEG	17	32	34	50
n03770439_376.JPEG	17	42	60	63
n03770439_13.JPEG	46	17	63	29
n03770439_201.JPEG	14	59	40	63
n03770439_134.JPEG	24	39	40	53
n03770439_423.JPEG	25	44	62	63
n03770439_205.JPEG	31	25	47	40
n03770439_295.JPEG	28	32	39	37
n03770439_214.JPEG	22	20	45	41
n03770439_387.JPEG	17	4	53	40
n03770439_434.JPEG	17	30	46	55
n03770439_65.JPEG	16	41	47	63
n03770439_70.JPEG	20	22	40	42
n03770439_296.JPEG	23	16	53	42
n03770439_263.JPEG	28	26	46	42
n03770439_352.JPEG	10	7	54	61
n03770439_496.JPEG	19	43	43	58
n03770439_169.JPEG	12	47	50	63
n03770439_227.JPEG	15	24	50	49
n03770439_294.JPEG	1	19	54	63
n03770439_178.JPEG	14	35	44	46
n03770439_39.JPEG	27	23	54	59
n03770439_163.JPEG	46	23	63	63
n03770439_46.JPEG	23	14	49	38
n03770439_51.JPEG	3	0	63	63
n03770439_141.JPEG	23	26	46	46
n03770439_489.JPEG	36	39	58	55
n03770439_6.JPEG	24	47	48	63
n03770439_321.JPEG	10	33	58	56
n03770439_490.JPEG	18	19	39	39
n03770439_93.JPEG	2	15	33	50
n03770439_142.JPEG	35	18	55	48
n03770439_218.JPEG	12	24	34	40
n03770439_167.JPEG	9	0	53	33
n03770439_392.JPEG	3	41	25	63
n03770439_307.JPEG	28	28	41	42
n03770439_109.JPEG	39	37	52	43
n03770439_260.JPEG	30	22	45	33
n03770439_468.JPEG	14	1	50	11
n03770439_251.JPEG	11	8	55	40
n03770439_125.JPEG	25	29	37	38
n03770439_220.JPEG	27	40	41	44
n03770439_290.JPEG	9	5	42	41
n03770439_42.JPEG	37	33	53	44
n03770439_103.JPEG	13	17	49	53
n03770439_10.JPEG	17	20	46	46
n03770439_19.JPEG	20	27	46	53
n03770439_302.JPEG	14	18	33	35
n03770439_382.JPEG	31	44	49	62
n03770439_224.JPEG	19	49	61	63
n03770439_436.JPEG	1	5	61	63
n03770439_315.JPEG	28	3	59	22
n03770439_404.JPEG	24	32	42	44
n03770439_175.JPEG	14	24	35	39
n03770439_411.JPEG	14	29	37	51
n03770439_401.JPEG	25	24	45	37
n03770439_355.JPEG	24	27	44	37
n03770439_390.JPEG	22	31	30	40
n03770439_208.JPEG	22	31	40	52
n03770439_119.JPEG	20	42	41	56
n03770439_445.JPEG	15	42	38	63
n03770439_286.JPEG	27	29	45	41
n03770439_26.JPEG	35	28	47	46
n03770439_412.JPEG	3	6	50	41
n03770439_63.JPEG	19	20	54	48
n03770439_170.JPEG	28	28	41	38
n03770439_433.JPEG	7	0	57	46
n03770439_370.JPEG	3	0	41	0
n03770439_389.JPEG	27	35	47	51
n03770439_257.JPEG	15	43	46	60
n03770439_471.JPEG	15	20	50	45
n03770439_151.JPEG	20	37	33	59
n03770439_464.JPEG	22	20	44	45
n03770439_67.JPEG	22	27	44	48
n03770439_43.JPEG	26	20	50	39
n03770439_410.JPEG	26	21	50	40
n03770439_108.JPEG	10	36	35	61
n03770439_45.JPEG	18	44	46	63
n03770439_49.JPEG	5	27	16	37
n03770439_243.JPEG	12	40	27	49
n03770439_431.JPEG	32	23	51	38
n03770439_245.JPEG	15	7	32	40
n03770439_64.JPEG	19	13	45	44
n03770439_143.JPEG	19	46	40	61
n03770439_347.JPEG	15	0	58	15
n03770439_11.JPEG	24	26	51	49
n03770439_421.JPEG	22	32	44	43
n03770439_371.JPEG	24	29	38	50
n03770439_200.JPEG	21	25	39	40
n03770439_481.JPEG	16	33	33	43
n03770439_405.JPEG	19	41	39	54
n03770439_37.JPEG	23	23	39	37
n03770439_231.JPEG	29	33	45	44
n03770439_254.JPEG	23	20	42	37
n03770439_86.JPEG	1	14	63	63
n03770439_88.JPEG	25	42	45	59
n03770439_462.JPEG	31	36	49	56
n03770439_394.JPEG	23	27	41	41
n03770439_388.JPEG	21	38	43	62
n03770439_356.JPEG	22	36	43	51
n03770439_372.JPEG	19	48	49	63
n03770439_485.JPEG	43	26	55	34
n03770439_72.JPEG	5	1	59	63
n03770439_192.JPEG	30	24	53	38
n03770439_409.JPEG	4	32	12	40
n03770439_54.JPEG	20	34	42	50
n03770439_226.JPEG	3	0	60	44
n03770439_241.JPEG	0	51	19	63
n03770439_256.JPEG	0	1	63	63
n03770439_386.JPEG	63	4	63	35
val_4855.JPEG	44	28	56	38
val_8085.JPEG	20	32	39	42
val_2736.JPEG	12	19	42	42
val_6954.JPEG	23	25	38	38
val_318.JPEG	7	29	43	50
val_6524.JPEG	35	23	47	43
val_5201.JPEG	16	43	43	63
val_9482.JPEG	25	29	40	43
val_7097.JPEG	0	10	63	57
val_4359.JPEG	12	25	29	37
val_1519.JPEG	15	0	45	12
val_2771.JPEG	22	28	41	39
val_3035.JPEG	8	47	29	63
val_861.JPEG	1	5	19	24
val_8864.JPEG	26	23	40	38
val_132.JPEG	23	27	41	43
val_7995.JPEG	13	49	34	63
val_1498.JPEG	29	29	41	36
val_8778.JPEG	18	26	59	52
val_2947.JPEG	24	25	41	45
val_6113.JPEG	13	0	47	8
val_1639.JPEG	23	19	45	46
val_8299.JPEG	10	38	27	49
val_1101.JPEG	9	33	19	41
val_7826.JPEG	21	33	42	52
val_6705.JPEG	0	0	59	0
val_4926.JPEG	15	45	50	63
val_5433.JPEG	26	20	42	34
val_13.JPEG	21	33	36	43
val_5332.JPEG	29	27	56	46
val_6106.JPEG	13	0	47	16
val_785.JPEG	0	41	36	63
val_9703.JPEG	7	33	30	55
val_5855.JPEG	3	17	31	37
val_190.JPEG	33	38	50	58
