n04149813_402.JPEG	3	0	63	55
n04149813_311.JPEG	0	0	63	56
n04149813_443.JPEG	1	37	57	46
n04149813_105.JPEG	8	21	63	54
n04149813_186.JPEG	10	42	54	55
n04149813_103.JPEG	7	10	55	57
n04149813_98.JPEG	1	16	58	54
n04149813_74.JPEG	0	0	63	62
n04149813_64.JPEG	25	34	47	49
n04149813_274.JPEG	0	0	63	62
n04149813_148.JPEG	27	43	59	61
n04149813_280.JPEG	0	21	63	59
n04149813_173.JPEG	5	13	57	33
n04149813_270.JPEG	4	6	63	60
n04149813_124.JPEG	0	11	63	52
n04149813_403.JPEG	0	0	60	34
n04149813_326.JPEG	0	16	63	46
n04149813_237.JPEG	0	0	63	63
n04149813_210.JPEG	0	8	63	63
n04149813_425.JPEG	0	10	63	63
n04149813_155.JPEG	0	23	63	48
n04149813_348.JPEG	0	0	63	62
n04149813_32.JPEG	0	0	63	63
n04149813_401.JPEG	0	0	63	63
n04149813_377.JPEG	7	8	63	14
n04149813_269.JPEG	0	0	63	63
n04149813_266.JPEG	0	0	63	60
n04149813_327.JPEG	0	10	56	50
n04149813_38.JPEG	6	0	60	63
n04149813_312.JPEG	0	1	63	54
n04149813_307.JPEG	20	24	56	52
n04149813_93.JPEG	0	8	63	63
n04149813_306.JPEG	14	20	51	40
n04149813_339.JPEG	0	8	63	53
n04149813_56.JPEG	0	6	63	63
n04149813_75.JPEG	10	8	62	45
n04149813_491.JPEG	25	4	60	63
n04149813_204.JPEG	5	22	45	50
n04149813_46.JPEG	9	0	56	44
n04149813_244.JPEG	0	1	63	63
n04149813_418.JPEG	5	17	50	39
n04149813_428.JPEG	3	15	52	50
n04149813_412.JPEG	2	41	63	48
n04149813_194.JPEG	17	19	51	32
n04149813_362.JPEG	0	0	63	63
n04149813_366.JPEG	1	20	63	57
n04149813_202.JPEG	0	5	63	63
n04149813_181.JPEG	15	21	50	35
n04149813_26.JPEG	23	18	41	29
n04149813_246.JPEG	0	1	63	63
n04149813_219.JPEG	9	22	53	41
n04149813_480.JPEG	5	19	53	44
n04149813_28.JPEG	3	3	58	35
n04149813_387.JPEG	33	34	47	40
n04149813_171.JPEG	6	4	63	63
n04149813_275.JPEG	0	4	33	46
n04149813_236.JPEG	16	1	63	63
n04149813_104.JPEG	5	0	62	28
n04149813_447.JPEG	0	1	63	63
n04149813_354.JPEG	0	14	63	59
n04149813_69.JPEG	25	18	46	49
n04149813_499.JPEG	0	0	63	63
n04149813_345.JPEG	0	17	63	47
n04149813_144.JPEG	22	36	63	54
n04149813_288.JPEG	5	15	58	39
n04149813_85.JPEG	8	27	55	41
n04149813_461.JPEG	0	1	63	63
n04149813_393.JPEG	0	0	63	63
n04149813_211.JPEG	15	17	26	27
n04149813_467.JPEG	12	8	57	34
n04149813_340.JPEG	0	5	63	63
n04149813_284.JPEG	0	0	63	60
n04149813_252.JPEG	15	20	54	40
n04149813_229.JPEG	0	13	63	53
n04149813_449.JPEG	6	24	49	36
n04149813_214.JPEG	0	18	52	48
n04149813_134.JPEG	0	1	63	63
n04149813_407.JPEG	9	33	57	46
n04149813_141.JPEG	6	12	52	58
n04149813_346.JPEG	0	17	63	61
n04149813_188.JPEG	30	34	63	63
n04149813_86.JPEG	0	0	63	63
n04149813_212.JPEG	7	6	44	27
n04149813_455.JPEG	10	17	62	42
n04149813_492.JPEG	2	0	62	63
n04149813_76.JPEG	0	11	60	41
n04149813_464.JPEG	2	0	62	37
n04149813_476.JPEG	0	13	63	40
n04149813_138.JPEG	0	18	63	63
n04149813_470.JPEG	0	5	61	53
n04149813_41.JPEG	41	4	63	25
n04149813_36.JPEG	3	18	47	43
n04149813_413.JPEG	0	1	63	53
n04149813_283.JPEG	0	0	63	63
n04149813_175.JPEG	0	2	63	63
n04149813_31.JPEG	0	17	63	27
n04149813_191.JPEG	2	15	58	57
n04149813_53.JPEG	17	18	51	40
n04149813_67.JPEG	0	4	63	63
n04149813_493.JPEG	3	0	60	48
n04149813_216.JPEG	0	0	63	40
n04149813_303.JPEG	1	37	62	52
n04149813_90.JPEG	34	28	52	39
n04149813_0.JPEG	1	4	62	63
n04149813_81.JPEG	0	0	63	61
n04149813_161.JPEG	27	17	50	24
n04149813_355.JPEG	0	2	63	63
n04149813_40.JPEG	0	8	63	55
n04149813_248.JPEG	20	9	48	38
n04149813_406.JPEG	10	3	57	27
n04149813_215.JPEG	0	7	63	58
n04149813_109.JPEG	5	2	63	21
n04149813_324.JPEG	0	11	63	46
n04149813_195.JPEG	0	12	63	51
n04149813_60.JPEG	5	6	63	63
n04149813_374.JPEG	8	0	52	63
n04149813_166.JPEG	0	21	50	42
n04149813_292.JPEG	3	1	63	54
n04149813_30.JPEG	0	10	63	55
n04149813_232.JPEG	7	0	59	63
n04149813_58.JPEG	0	31	63	63
n04149813_122.JPEG	0	2	63	62
n04149813_415.JPEG	0	13	63	45
n04149813_203.JPEG	0	8	34	63
n04149813_245.JPEG	5	6	63	46
n04149813_99.JPEG	0	1	63	19
n04149813_97.JPEG	11	0	63	58
n04149813_400.JPEG	3	12	62	54
n04149813_446.JPEG	0	17	63	46
n04149813_321.JPEG	1	5	63	57
n04149813_293.JPEG	10	12	56	50
n04149813_438.JPEG	0	32	63	57
n04149813_150.JPEG	3	0	63	63
n04149813_24.JPEG	0	14	56	51
n04149813_363.JPEG	39	14	53	33
n04149813_329.JPEG	0	9	63	63
n04149813_129.JPEG	37	18	63	59
n04149813_88.JPEG	13	0	50	37
n04149813_20.JPEG	0	9	63	62
n04149813_222.JPEG	0	0	63	33
n04149813_70.JPEG	9	12	39	36
n04149813_481.JPEG	0	0	63	63
n04149813_7.JPEG	3	2	63	44
n04149813_260.JPEG	10	22	60	43
n04149813_460.JPEG	7	26	16	33
n04149813_484.JPEG	4	1	61	51
n04149813_290.JPEG	0	31	63	55
n04149813_62.JPEG	0	17	63	63
n04149813_295.JPEG	32	24	58	38
n04149813_208.JPEG	0	0	63	63
n04149813_72.JPEG	34	56	43	58
n04149813_490.JPEG	20	31	40	42
n04149813_259.JPEG	0	10	63	58
n04149813_182.JPEG	0	0	63	63
n04149813_301.JPEG	0	11	63	63
n04149813_1.JPEG	1	10	52	49
n04149813_34.JPEG	0	1	63	63
n04149813_87.JPEG	0	1	63	63
n04149813_305.JPEG	28	25	39	32
n04149813_221.JPEG	63	31	63	37
n04149813_227.JPEG	18	16	44	39
n04149813_157.JPEG	5	0	63	23
n04149813_55.JPEG	7	11	63	48
n04149813_318.JPEG	4	7	37	24
n04149813_325.JPEG	27	31	40	41
n04149813_257.JPEG	8	18	56	51
n04149813_304.JPEG	0	6	63	59
n04149813_6.JPEG	0	0	63	62
n04149813_444.JPEG	0	0	63	63
n04149813_341.JPEG	1	15	63	63
n04149813_209.JPEG	0	16	56	51
n04149813_392.JPEG	0	34	32	53
n04149813_12.JPEG	0	0	63	63
n04149813_488.JPEG	1	6	61	39
n04149813_108.JPEG	0	16	63	54
n04149813_322.JPEG	9	9	45	41
n04149813_436.JPEG	3	0	57	63
n04149813_68.JPEG	11	8	52	33
n04149813_440.JPEG	10	6	52	46
n04149813_256.JPEG	4	8	61	41
n04149813_213.JPEG	0	0	63	55
n04149813_378.JPEG	4	23	57	51
n04149813_462.JPEG	0	11	63	63
n04149813_420.JPEG	16	22	49	38
n04149813_21.JPEG	0	0	15	28
n04149813_131.JPEG	4	5	59	33
n04149813_139.JPEG	12	15	49	33
n04149813_394.JPEG	0	0	63	51
n04149813_16.JPEG	0	0	63	63
n04149813_478.JPEG	9	15	56	26
n04149813_302.JPEG	0	9	63	58
n04149813_278.JPEG	0	15	63	52
n04149813_361.JPEG	8	13	55	50
n04149813_25.JPEG	15	33	50	58
n04149813_319.JPEG	0	1	63	63
n04149813_197.JPEG	17	39	57	51
n04149813_335.JPEG	4	12	63	52
n04149813_453.JPEG	0	8	63	50
n04149813_422.JPEG	0	1	63	63
n04149813_230.JPEG	30	25	63	45
n04149813_474.JPEG	0	0	63	63
n04149813_52.JPEG	11	16	54	49
n04149813_404.JPEG	0	0	55	63
n04149813_459.JPEG	0	0	63	63
n04149813_110.JPEG	17	26	63	43
n04149813_127.JPEG	0	0	63	63
n04149813_83.JPEG	14	26	51	50
n04149813_164.JPEG	0	20	63	43
n04149813_200.JPEG	0	7	53	59
n04149813_29.JPEG	16	22	49	42
n04149813_347.JPEG	0	0	63	63
n04149813_352.JPEG	0	13	63	37
n04149813_385.JPEG	0	2	63	63
n04149813_431.JPEG	14	21	55	46
n04149813_118.JPEG	0	4	63	63
n04149813_125.JPEG	21	23	63	54
n04149813_381.JPEG	0	11	63	33
n04149813_421.JPEG	0	0	63	63
n04149813_243.JPEG	3	2	63	57
n04149813_140.JPEG	7	4	63	63
n04149813_342.JPEG	3	6	51	32
n04149813_308.JPEG	0	1	63	32
n04149813_176.JPEG	0	9	63	62
n04149813_19.JPEG	30	14	47	28
n04149813_433.JPEG	0	18	63	41
n04149813_190.JPEG	0	4	63	58
n04149813_241.JPEG	0	34	63	55
n04149813_8.JPEG	10	22	55	56
n04149813_238.JPEG	26	41	58	52
n04149813_95.JPEG	0	12	63	63
n04149813_479.JPEG	17	11	48	32
n04149813_353.JPEG	0	0	63	63
n04149813_9.JPEG	0	13	63	53
n04149813_37.JPEG	0	27	63	51
n04149813_15.JPEG	0	3	63	53
n04149813_233.JPEG	0	23	61	49
n04149813_458.JPEG	32	17	43	26
n04149813_48.JPEG	22	18	57	48
n04149813_137.JPEG	11	17	55	35
n04149813_13.JPEG	16	1	51	41
n04149813_185.JPEG	6	4	55	56
n04149813_235.JPEG	29	3	63	28
n04149813_487.JPEG	13	8	62	55
n04149813_384.JPEG	32	1	63	41
n04149813_397.JPEG	0	3	63	56
n04149813_115.JPEG	0	1	63	63
n04149813_330.JPEG	20	37	40	47
n04149813_475.JPEG	0	0	63	52
n04149813_359.JPEG	22	19	43	22
n04149813_5.JPEG	0	1	63	42
n04149813_483.JPEG	28	15	46	30
n04149813_255.JPEG	24	44	41	51
n04149813_207.JPEG	0	2	58	54
n04149813_167.JPEG	0	0	63	63
n04149813_11.JPEG	18	8	44	61
n04149813_57.JPEG	11	5	53	53
n04149813_323.JPEG	1	0	63	63
n04149813_225.JPEG	29	44	63	60
n04149813_417.JPEG	0	2	63	63
n04149813_174.JPEG	0	7	40	37
n04149813_477.JPEG	25	14	63	56
n04149813_389.JPEG	14	24	55	43
n04149813_162.JPEG	5	8	58	39
n04149813_370.JPEG	0	24	63	45
n04149813_279.JPEG	15	18	46	51
n04149813_106.JPEG	30	22	62	31
n04149813_439.JPEG	4	12	60	48
n04149813_376.JPEG	0	10	50	57
n04149813_281.JPEG	5	41	62	59
n04149813_102.JPEG	6	0	56	30
n04149813_485.JPEG	13	28	54	46
n04149813_396.JPEG	13	0	52	33
n04149813_35.JPEG	0	3	47	63
n04149813_277.JPEG	15	7	63	48
n04149813_179.JPEG	0	19	46	33
n04149813_383.JPEG	0	0	63	63
n04149813_239.JPEG	0	6	63	60
n04149813_263.JPEG	16	35	47	44
n04149813_338.JPEG	15	0	40	31
n04149813_44.JPEG	21	6	43	22
n04149813_450.JPEG	15	23	51	34
n04149813_180.JPEG	26	24	38	35
n04149813_463.JPEG	6	25	55	51
n04149813_135.JPEG	17	19	53	49
n04149813_267.JPEG	0	8	63	54
n04149813_193.JPEG	15	12	53	49
n04149813_80.JPEG	43	7	63	35
n04149813_489.JPEG	0	23	63	40
n04149813_456.JPEG	0	14	52	38
n04149813_153.JPEG	0	18	63	59
n04149813_471.JPEG	5	20	30	36
n04149813_272.JPEG	5	14	51	49
n04149813_360.JPEG	0	0	63	63
n04149813_65.JPEG	12	13	55	63
n04149813_379.JPEG	0	10	63	48
n04149813_66.JPEG	0	15	63	49
n04149813_96.JPEG	0	4	63	62
n04149813_350.JPEG	8	11	39	45
n04149813_147.JPEG	0	5	45	40
n04149813_262.JPEG	0	29	33	55
n04149813_386.JPEG	18	39	45	50
n04149813_435.JPEG	0	0	63	63
n04149813_192.JPEG	0	0	63	63
n04149813_136.JPEG	14	21	53	43
n04149813_27.JPEG	1	0	63	27
n04149813_286.JPEG	0	0	63	62
n04149813_380.JPEG	0	11	63	63
n04149813_79.JPEG	0	8	61	49
n04149813_247.JPEG	10	15	41	38
n04149813_250.JPEG	0	3	63	60
n04149813_18.JPEG	20	25	48	30
n04149813_416.JPEG	0	12	63	50
n04149813_23.JPEG	20	20	35	33
n04149813_128.JPEG	0	26	63	39
n04149813_351.JPEG	0	2	63	63
n04149813_313.JPEG	0	7	63	58
n04149813_457.JPEG	21	18	50	35
n04149813_143.JPEG	20	14	52	44
n04149813_287.JPEG	60	21	63	37
n04149813_183.JPEG	0	0	63	63
n04149813_495.JPEG	0	2	63	61
n04149813_336.JPEG	8	28	63	63
n04149813_154.JPEG	6	1	62	39
n04149813_130.JPEG	0	9	63	52
n04149813_427.JPEG	0	3	63	63
n04149813_114.JPEG	0	22	63	57
n04149813_391.JPEG	0	4	63	61
n04149813_39.JPEG	19	18	39	35
n04149813_42.JPEG	20	17	63	59
n04149813_231.JPEG	18	24	30	32
n04149813_343.JPEG	9	0	63	63
n04149813_452.JPEG	7	4	63	55
n04149813_172.JPEG	8	30	52	56
n04149813_168.JPEG	0	6	63	59
n04149813_314.JPEG	0	16	63	49
n04149813_91.JPEG	0	15	25	38
n04149813_169.JPEG	19	22	50	37
n04149813_289.JPEG	0	3	63	63
n04149813_152.JPEG	0	1	63	63
n04149813_268.JPEG	0	2	63	62
n04149813_226.JPEG	4	13	58	63
n04149813_117.JPEG	25	16	48	25
n04149813_372.JPEG	0	15	63	34
n04149813_201.JPEG	10	0	56	44
n04149813_159.JPEG	0	1	63	33
n04149813_399.JPEG	5	12	56	29
n04149813_265.JPEG	1	7	63	38
n04149813_423.JPEG	11	11	54	54
n04149813_296.JPEG	0	4	63	60
n04149813_430.JPEG	11	24	33	43
val_7280.JPEG	0	4	63	60
val_2882.JPEG	0	22	44	35
val_418.JPEG	10	5	56	30
val_7805.JPEG	0	1	43	52
val_1664.JPEG	9	24	29	37
val_2324.JPEG	1	0	63	63
val_3696.JPEG	13	23	42	38
val_4983.JPEG	0	4	63	56
val_7318.JPEG	4	11	60	53
val_8730.JPEG	10	5	63	61
val_8180.JPEG	28	29	39	39
val_1212.JPEG	0	21	49	44
val_2614.JPEG	14	15	51	35
val_7236.JPEG	6	6	63	25
val_1200.JPEG	0	12	63	55
val_6281.JPEG	0	3	63	28
val_2542.JPEG	1	5	38	43
val_7790.JPEG	0	0	63	53
val_7794.JPEG	0	0	63	63
val_2275.JPEG	1	19	63	47
val_1674.JPEG	0	4	58	46
val_8582.JPEG	0	4	63	63
val_8475.JPEG	23	14	43	28
val_2833.JPEG	12	20	50	56
val_6977.JPEG	11	19	53	47
val_3492.JPEG	6	5	57	45
val_3736.JPEG	0	7	63	50
val_4407.JPEG	0	0	63	60
val_2416.JPEG	2	6	63	63
val_6491.JPEG	8	13	33	47
val_7587.JPEG	8	11	61	29
val_9511.JPEG	35	16	63	40
val_8714.JPEG	0	0	63	63
val_9066.JPEG	11	18	53	35
val_8960.JPEG	2	4	60	29
