n04376876_167.JPEG	30	19	34	60
n04376876_31.JPEG	28	19	36	28
n04376876_480.JPEG	27	27	46	33
n04376876_223.JPEG	31	23	50	63
n04376876_311.JPEG	53	11	63	40
n04376876_408.JPEG	0	17	63	46
n04376876_53.JPEG	23	2	63	49
n04376876_439.JPEG	0	44	43	58
n04376876_151.JPEG	0	13	63	51
n04376876_282.JPEG	0	10	63	51
n04376876_103.JPEG	21	31	49	37
n04376876_278.JPEG	11	26	56	37
n04376876_95.JPEG	21	15	42	52
n04376876_336.JPEG	6	10	63	48
n04376876_162.JPEG	28	19	38	27
n04376876_296.JPEG	46	38	57	57
n04376876_89.JPEG	35	26	59	55
n04376876_430.JPEG	22	16	41	63
n04376876_252.JPEG	27	33	46	39
n04376876_332.JPEG	33	30	62	46
n04376876_207.JPEG	25	3	29	11
n04376876_286.JPEG	9	19	42	25
n04376876_420.JPEG	22	0	32	3
n04376876_424.JPEG	0	18	63	47
n04376876_148.JPEG	0	26	26	49
n04376876_113.JPEG	0	25	63	43
n04376876_461.JPEG	10	18	63	49
n04376876_267.JPEG	0	22	60	58
n04376876_227.JPEG	31	0	48	63
n04376876_464.JPEG	35	41	43	43
n04376876_117.JPEG	0	17	63	42
n04376876_308.JPEG	0	7	63	54
n04376876_241.JPEG	29	39	63	56
n04376876_442.JPEG	31	16	63	63
n04376876_457.JPEG	19	18	25	39
n04376876_376.JPEG	0	11	63	51
n04376876_60.JPEG	41	16	63	31
n04376876_400.JPEG	26	32	43	35
n04376876_33.JPEG	18	11	27	51
n04376876_258.JPEG	0	0	50	41
n04376876_401.JPEG	1	10	40	63
n04376876_443.JPEG	1	23	63	52
n04376876_13.JPEG	22	2	63	52
n04376876_406.JPEG	0	21	47	43
n04376876_472.JPEG	12	1	20	34
n04376876_221.JPEG	44	56	57	62
n04376876_136.JPEG	0	5	63	48
n04376876_14.JPEG	22	17	55	63
n04376876_97.JPEG	16	25	44	63
n04376876_141.JPEG	0	0	63	17
n04376876_417.JPEG	28	0	48	31
n04376876_428.JPEG	51	0	59	63
n04376876_185.JPEG	0	0	63	60
n04376876_436.JPEG	0	4	63	54
n04376876_459.JPEG	0	0	22	46
n04376876_294.JPEG	30	32	34	63
n04376876_451.JPEG	10	26	24	32
n04376876_248.JPEG	47	31	53	49
n04376876_411.JPEG	11	21	55	63
n04376876_487.JPEG	2	34	36	53
n04376876_16.JPEG	18	0	33	50
n04376876_374.JPEG	27	9	36	63
n04376876_467.JPEG	21	43	52	51
n04376876_344.JPEG	31	14	41	41
n04376876_354.JPEG	0	5	63	49
n04376876_419.JPEG	33	19	42	23
n04376876_335.JPEG	21	0	63	40
n04376876_57.JPEG	5	27	32	63
n04376876_181.JPEG	36	28	41	63
n04376876_119.JPEG	25	0	39	63
n04376876_138.JPEG	29	16	60	31
n04376876_12.JPEG	0	35	63	45
n04376876_206.JPEG	7	29	51	37
n04376876_172.JPEG	31	23	42	63
n04376876_105.JPEG	27	16	37	63
n04376876_153.JPEG	52	15	56	22
n04376876_313.JPEG	31	0	59	63
n04376876_6.JPEG	0	23	63	48
n04376876_403.JPEG	31	0	50	38
n04376876_378.JPEG	25	34	33	63
n04376876_156.JPEG	54	16	63	30
n04376876_65.JPEG	21	6	63	50
n04376876_322.JPEG	33	34	45	56
n04376876_285.JPEG	25	0	41	63
n04376876_275.JPEG	23	17	44	63
n04376876_1.JPEG	0	16	53	36
n04376876_195.JPEG	24	6	63	63
n04376876_319.JPEG	26	0	58	63
n04376876_493.JPEG	9	8	63	55
n04376876_379.JPEG	5	0	57	63
n04376876_200.JPEG	18	13	43	39
n04376876_452.JPEG	0	29	44	42
n04376876_114.JPEG	28	21	58	29
n04376876_61.JPEG	7	3	63	48
n04376876_295.JPEG	33	0	37	6
n04376876_233.JPEG	31	22	36	38
n04376876_261.JPEG	0	30	63	58
n04376876_448.JPEG	15	42	23	48
n04376876_466.JPEG	0	38	63	63
n04376876_345.JPEG	26	17	63	34
n04376876_24.JPEG	3	28	63	47
n04376876_201.JPEG	18	0	41	54
n04376876_422.JPEG	2	0	45	45
n04376876_383.JPEG	0	24	63	38
n04376876_321.JPEG	32	5	37	41
n04376876_370.JPEG	0	16	63	59
n04376876_28.JPEG	14	17	28	46
n04376876_410.JPEG	18	35	47	47
n04376876_178.JPEG	4	21	46	56
n04376876_120.JPEG	0	16	63	56
n04376876_483.JPEG	0	35	55	49
n04376876_343.JPEG	17	30	42	63
n04376876_52.JPEG	31	33	34	60
n04376876_468.JPEG	0	22	63	41
n04376876_416.JPEG	1	7	63	48
n04376876_496.JPEG	29	7	35	63
n04376876_279.JPEG	61	0	63	30
n04376876_373.JPEG	17	21	61	49
n04376876_75.JPEG	35	37	63	47
n04376876_135.JPEG	0	23	34	63
n04376876_180.JPEG	21	2	41	63
n04376876_402.JPEG	21	33	39	47
n04376876_315.JPEG	0	27	63	41
n04376876_485.JPEG	0	16	63	63
n04376876_283.JPEG	14	27	63	49
n04376876_365.JPEG	0	19	63	53
n04376876_465.JPEG	0	23	49	45
n04376876_131.JPEG	36	32	63	60
n04376876_209.JPEG	13	21	63	48
n04376876_395.JPEG	38	0	63	46
n04376876_300.JPEG	0	32	26	48
n04376876_171.JPEG	0	18	63	39
n04376876_273.JPEG	1	4	60	54
n04376876_228.JPEG	0	17	41	31
n04376876_262.JPEG	4	0	63	48
n04376876_46.JPEG	15	17	48	49
n04376876_210.JPEG	23	22	29	43
n04376876_212.JPEG	29	22	47	53
n04376876_166.JPEG	25	38	53	46
n04376876_256.JPEG	8	23	59	40
n04376876_66.JPEG	2	2	55	61
n04376876_79.JPEG	6	0	43	63
n04376876_495.JPEG	0	28	63	53
n04376876_351.JPEG	23	18	38	49
n04376876_170.JPEG	13	0	49	63
n04376876_418.JPEG	0	9	21	29
n04376876_45.JPEG	4	13	47	45
n04376876_456.JPEG	16	25	36	40
n04376876_42.JPEG	0	29	63	35
n04376876_36.JPEG	0	5	63	57
n04376876_132.JPEG	54	0	63	30
n04376876_40.JPEG	0	15	22	63
n04376876_380.JPEG	0	10	63	52
n04376876_486.JPEG	31	0	63	33
n04376876_137.JPEG	15	0	50	63
n04376876_17.JPEG	25	8	63	53
n04376876_190.JPEG	13	14	39	53
n04376876_44.JPEG	27	12	44	51
n04376876_187.JPEG	0	19	31	39
n04376876_189.JPEG	0	10	63	53
n04376876_389.JPEG	0	2	53	53
n04376876_159.JPEG	0	16	63	53
n04376876_463.JPEG	19	0	29	63
n04376876_381.JPEG	29	2	40	63
n04376876_268.JPEG	16	33	43	37
n04376876_224.JPEG	6	48	23	60
n04376876_405.JPEG	0	23	52	41
n04376876_188.JPEG	0	21	62	37
n04376876_183.JPEG	0	16	63	38
n04376876_110.JPEG	11	0	56	63
n04376876_326.JPEG	6	29	63	42
n04376876_19.JPEG	20	0	63	41
n04376876_244.JPEG	5	18	55	42
n04376876_175.JPEG	0	31	29	46
n04376876_68.JPEG	1	0	57	50
n04376876_229.JPEG	15	30	37	51
n04376876_478.JPEG	0	1	63	63
n04376876_84.JPEG	7	19	34	30
n04376876_362.JPEG	25	18	63	57
n04376876_107.JPEG	0	7	63	63
n04376876_394.JPEG	26	10	49	55
n04376876_87.JPEG	23	10	42	18
n04376876_242.JPEG	0	0	63	63
n04376876_312.JPEG	0	28	39	63
n04376876_199.JPEG	25	28	34	51
n04376876_7.JPEG	10	17	27	33
n04376876_22.JPEG	13	14	15	35
n04376876_144.JPEG	0	39	47	58
n04376876_94.JPEG	2	30	32	37
n04376876_130.JPEG	0	4	63	51
n04376876_427.JPEG	1	2	63	58
n04376876_154.JPEG	1	5	63	53
n04376876_18.JPEG	22	27	48	48
n04376876_421.JPEG	14	25	57	44
n04376876_449.JPEG	0	1	32	33
n04376876_263.JPEG	25	19	36	38
n04376876_255.JPEG	23	1	40	63
n04376876_433.JPEG	27	0	37	63
n04376876_409.JPEG	29	19	57	41
n04376876_126.JPEG	12	0	41	63
n04376876_434.JPEG	5	35	41	63
n04376876_140.JPEG	41	9	50	56
n04376876_281.JPEG	24	10	36	46
n04376876_264.JPEG	9	23	63	30
n04376876_349.JPEG	6	13	63	43
n04376876_231.JPEG	18	42	60	61
n04376876_220.JPEG	17	13	61	33
n04376876_393.JPEG	0	10	63	33
n04376876_450.JPEG	25	15	33	57
n04376876_359.JPEG	0	1	63	61
n04376876_150.JPEG	3	5	9	30
n04376876_182.JPEG	2	13	9	39
n04376876_338.JPEG	30	23	49	42
n04376876_4.JPEG	19	29	43	35
n04376876_146.JPEG	0	19	63	45
n04376876_274.JPEG	33	9	40	50
n04376876_237.JPEG	21	24	62	45
n04376876_174.JPEG	19	9	63	63
n04376876_85.JPEG	1	0	58	63
n04376876_11.JPEG	0	8	56	60
n04376876_363.JPEG	41	21	59	49
n04376876_325.JPEG	35	40	63	48
n04376876_475.JPEG	10	19	50	59
n04376876_276.JPEG	20	16	29	37
n04376876_350.JPEG	30	6	63	29
n04376876_164.JPEG	6	21	9	38
n04376876_251.JPEG	0	0	32	8
n04376876_91.JPEG	0	10	63	55
n04376876_287.JPEG	38	19	63	35
n04376876_186.JPEG	24	1	63	32
n04376876_270.JPEG	32	24	63	60
n04376876_62.JPEG	46	9	63	62
n04376876_249.JPEG	0	0	63	63
n04376876_35.JPEG	28	0	36	39
n04376876_160.JPEG	33	5	63	16
n04376876_39.JPEG	1	12	55	62
n04376876_445.JPEG	0	8	63	45
n04376876_99.JPEG	0	10	63	26
n04376876_247.JPEG	6	26	63	42
n04376876_177.JPEG	10	8	61	51
n04376876_289.JPEG	19	14	22	32
n04376876_479.JPEG	9	6	41	53
n04376876_152.JPEG	0	33	58	56
n04376876_0.JPEG	26	10	49	53
n04376876_15.JPEG	0	32	33	54
n04376876_20.JPEG	5	17	58	46
n04376876_8.JPEG	32	6	42	63
n04376876_86.JPEG	0	2	63	45
n04376876_10.JPEG	0	27	63	39
n04376876_317.JPEG	0	40	30	53
n04376876_250.JPEG	24	34	53	39
n04376876_222.JPEG	5	12	51	52
n04376876_272.JPEG	28	18	63	40
n04376876_72.JPEG	4	22	34	59
n04376876_27.JPEG	22	25	63	57
n04376876_491.JPEG	6	0	37	63
n04376876_305.JPEG	0	19	63	42
n04376876_145.JPEG	12	31	27	47
n04376876_269.JPEG	13	26	56	32
n04376876_74.JPEG	18	33	32	51
n04376876_243.JPEG	0	0	63	53
n04376876_347.JPEG	21	4	48	36
n04376876_367.JPEG	21	25	35	46
n04376876_121.JPEG	11	10	59	56
n04376876_246.JPEG	13	1	51	42
n04376876_307.JPEG	8	20	63	42
n04376876_361.JPEG	12	34	61	52
n04376876_73.JPEG	12	24	14	45
n04376876_328.JPEG	0	1	63	63
n04376876_93.JPEG	30	15	63	31
n04376876_214.JPEG	0	3	59	57
n04376876_133.JPEG	47	29	62	58
n04376876_122.JPEG	23	8	31	29
n04376876_82.JPEG	24	1	57	63
n04376876_473.JPEG	0	3	38	44
n04376876_26.JPEG	40	34	46	50
n04376876_399.JPEG	38	0	63	17
n04376876_143.JPEG	2	16	55	27
n04376876_30.JPEG	0	6	56	55
n04376876_366.JPEG	0	26	63	39
n04376876_230.JPEG	0	3	63	53
n04376876_211.JPEG	17	32	47	45
n04376876_219.JPEG	8	28	55	38
n04376876_455.JPEG	0	34	63	59
n04376876_488.JPEG	0	21	63	46
n04376876_364.JPEG	0	5	63	60
n04376876_446.JPEG	0	45	63	56
n04376876_426.JPEG	0	42	34	51
n04376876_69.JPEG	0	4	44	58
n04376876_213.JPEG	14	24	54	38
n04376876_320.JPEG	13	1	53	63
n04376876_118.JPEG	18	29	37	41
n04376876_288.JPEG	0	18	63	44
n04376876_290.JPEG	0	22	41	56
n04376876_71.JPEG	0	37	41	44
n04376876_5.JPEG	0	19	47	35
n04376876_125.JPEG	0	13	63	45
n04376876_235.JPEG	10	30	51	43
n04376876_100.JPEG	5	0	62	63
n04376876_104.JPEG	3	7	21	57
n04376876_81.JPEG	3	9	57	35
n04376876_64.JPEG	12	24	32	34
n04376876_101.JPEG	42	0	63	9
n04376876_385.JPEG	31	37	51	63
n04376876_333.JPEG	16	5	35	30
n04376876_51.JPEG	30	16	37	41
n04376876_462.JPEG	27	29	44	32
n04376876_142.JPEG	1	36	8	63
n04376876_494.JPEG	0	19	39	53
n04376876_50.JPEG	15	38	24	63
n04376876_59.JPEG	17	17	32	51
n04376876_173.JPEG	25	54	41	63
n04376876_397.JPEG	20	20	60	50
n04376876_453.JPEG	7	0	37	49
n04376876_168.JPEG	23	38	49	48
n04376876_58.JPEG	0	26	42	47
n04376876_205.JPEG	30	16	37	61
n04376876_109.JPEG	13	24	17	52
n04376876_342.JPEG	36	7	58	56
n04376876_226.JPEG	17	31	32	63
n04376876_198.JPEG	26	15	36	35
n04376876_377.JPEG	0	2	63	63
n04376876_106.JPEG	0	18	63	37
n04376876_471.JPEG	24	27	35	34
n04376876_432.JPEG	0	5	63	31
n04376876_291.JPEG	26	44	38	63
n04376876_407.JPEG	21	0	63	42
n04376876_310.JPEG	30	1	49	34
n04376876_128.JPEG	7	17	43	32
n04376876_388.JPEG	26	10	34	43
n04376876_309.JPEG	0	26	63	41
n04376876_23.JPEG	25	0	42	63
n04376876_92.JPEG	26	1	61	63
n04376876_129.JPEG	36	0	49	63
n04376876_382.JPEG	9	32	37	47
n04376876_390.JPEG	6	4	35	58
n04376876_147.JPEG	0	10	63	45
n04376876_386.JPEG	37	20	50	54
n04376876_232.JPEG	0	3	63	62
n04376876_98.JPEG	5	18	44	63
n04376876_431.JPEG	0	0	63	59
n04376876_77.JPEG	13	0	51	63
n04376876_293.JPEG	31	18	60	47
n04376876_257.JPEG	13	16	30	60
n04376876_225.JPEG	24	0	41	63
n04376876_441.JPEG	0	23	63	57
n04376876_3.JPEG	14	0	24	48
n04376876_21.JPEG	27	50	62	58
n04376876_477.JPEG	1	0	31	63
n04376876_34.JPEG	4	0	51	63
val_7383.JPEG	38	9	50	29
val_2786.JPEG	5	30	9	45
val_2763.JPEG	43	23	63	40
val_658.JPEG	34	0	60	48
val_673.JPEG	21	0	44	63
val_820.JPEG	0	11	63	56
val_9247.JPEG	10	8	39	46
val_4182.JPEG	0	26	63	44
val_6361.JPEG	0	3	40	57
val_9661.JPEG	58	12	63	25
val_8650.JPEG	0	6	25	63
val_3391.JPEG	0	26	53	35
val_8915.JPEG	8	0	63	63
val_4515.JPEG	4	0	63	63
val_173.JPEG	0	25	63	37
val_9356.JPEG	33	10	50	33
val_5273.JPEG	30	4	40	63
val_46.JPEG	5	9	63	23
val_8451.JPEG	0	0	37	28
val_8735.JPEG	0	17	63	45
val_7747.JPEG	2	3	61	62
val_4904.JPEG	0	43	63	63
val_4095.JPEG	48	12	63	54
val_1598.JPEG	1	20	60	44
val_2147.JPEG	24	40	42	63
val_1055.JPEG	0	3	63	63
val_8795.JPEG	0	4	63	18
val_7566.JPEG	21	31	63	46
val_4337.JPEG	23	34	49	43
val_8500.JPEG	0	14	63	47
val_4170.JPEG	1	0	63	21
val_1515.JPEG	13	7	45	52
val_9037.JPEG	27	23	42	48
val_3082.JPEG	26	22	29	46
val_5269.JPEG	16	20	60	39
