n01768244_172.JPEG	0	22	63	48
n01768244_196.JPEG	15	18	48	46
n01768244_147.JPEG	6	21	51	58
n01768244_165.JPEG	0	13	63	55
n01768244_15.JPEG	11	4	52	63
n01768244_294.JPEG	0	0	63	63
n01768244_374.JPEG	24	6	53	55
n01768244_241.JPEG	13	12	39	41
n01768244_63.JPEG	2	16	63	46
n01768244_497.JPEG	15	4	46	38
n01768244_484.JPEG	9	0	56	63
n01768244_357.JPEG	6	18	62	49
n01768244_28.JPEG	0	1	63	63
n01768244_426.JPEG	4	2	63	62
n01768244_35.JPEG	5	10	63	51
n01768244_83.JPEG	8	10	53	48
n01768244_409.JPEG	15	14	46	45
n01768244_261.JPEG	9	3	57	61
n01768244_493.JPEG	0	11	63	49
n01768244_180.JPEG	0	5	63	58
n01768244_60.JPEG	4	14	63	46
n01768244_383.JPEG	0	1	63	58
n01768244_292.JPEG	0	15	63	47
n01768244_492.JPEG	11	5	52	58
n01768244_276.JPEG	9	8	59	63
n01768244_17.JPEG	4	0	55	63
n01768244_54.JPEG	0	5	63	52
n01768244_454.JPEG	4	6	60	31
n01768244_405.JPEG	0	10	63	60
n01768244_312.JPEG	10	0	55	63
n01768244_270.JPEG	2	7	63	38
n01768244_12.JPEG	0	6	63	57
n01768244_57.JPEG	0	6	61	54
n01768244_97.JPEG	10	21	25	34
n01768244_8.JPEG	4	3	63	55
n01768244_197.JPEG	19	23	45	37
n01768244_266.JPEG	3	6	63	53
n01768244_472.JPEG	0	4	63	58
n01768244_73.JPEG	0	11	61	57
n01768244_461.JPEG	1	11	63	55
n01768244_427.JPEG	11	7	51	61
n01768244_127.JPEG	0	10	63	49
n01768244_163.JPEG	0	8	63	52
n01768244_473.JPEG	0	0	63	63
n01768244_311.JPEG	12	10	52	57
n01768244_81.JPEG	7	9	57	48
n01768244_460.JPEG	0	5	63	61
n01768244_27.JPEG	0	11	63	54
n01768244_78.JPEG	7	12	51	34
n01768244_371.JPEG	15	4	63	63
n01768244_142.JPEG	1	0	62	63
n01768244_223.JPEG	15	11	52	59
n01768244_262.JPEG	5	20	42	58
n01768244_150.JPEG	0	14	34	58
n01768244_121.JPEG	36	8	61	59
n01768244_356.JPEG	31	16	54	42
n01768244_79.JPEG	3	2	61	63
n01768244_428.JPEG	13	0	54	63
n01768244_489.JPEG	0	7	63	63
n01768244_157.JPEG	0	2	63	62
n01768244_174.JPEG	23	14	46	59
n01768244_95.JPEG	10	4	54	61
n01768244_362.JPEG	37	13	63	57
n01768244_424.JPEG	17	11	48	53
n01768244_302.JPEG	6	19	63	53
n01768244_71.JPEG	0	0	63	63
n01768244_488.JPEG	0	16	63	46
n01768244_70.JPEG	2	23	62	63
n01768244_229.JPEG	0	4	63	54
n01768244_268.JPEG	21	11	58	39
n01768244_149.JPEG	0	2	54	63
n01768244_237.JPEG	4	2	63	62
n01768244_451.JPEG	10	18	55	47
n01768244_446.JPEG	12	3	53	57
n01768244_478.JPEG	9	8	56	57
n01768244_243.JPEG	14	5	49	63
n01768244_18.JPEG	9	6	59	56
n01768244_417.JPEG	1	15	63	49
n01768244_48.JPEG	0	6	63	58
n01768244_94.JPEG	0	13	63	56
n01768244_126.JPEG	3	1	59	63
n01768244_182.JPEG	3	9	63	60
n01768244_432.JPEG	0	2	63	63
n01768244_416.JPEG	4	6	59	54
n01768244_238.JPEG	1	18	63	48
n01768244_184.JPEG	3	17	46	63
n01768244_263.JPEG	0	4	63	60
n01768244_69.JPEG	0	11	63	57
n01768244_76.JPEG	0	6	31	49
n01768244_19.JPEG	0	14	63	56
n01768244_284.JPEG	10	11	50	52
n01768244_141.JPEG	10	4	53	58
n01768244_331.JPEG	19	18	45	42
n01768244_145.JPEG	7	4	51	61
n01768244_475.JPEG	0	2	63	59
n01768244_25.JPEG	27	30	40	40
n01768244_471.JPEG	25	7	48	42
n01768244_444.JPEG	17	11	50	52
n01768244_216.JPEG	2	13	63	57
n01768244_479.JPEG	27	9	58	54
n01768244_289.JPEG	0	26	48	62
n01768244_387.JPEG	15	11	52	51
n01768244_33.JPEG	14	12	47	57
n01768244_255.JPEG	18	1	63	63
n01768244_247.JPEG	0	17	63	51
n01768244_61.JPEG	10	0	52	63
n01768244_363.JPEG	12	10	51	51
n01768244_153.JPEG	5	2	54	62
n01768244_450.JPEG	15	9	51	59
n01768244_193.JPEG	0	3	32	63
n01768244_348.JPEG	11	2	52	63
n01768244_161.JPEG	10	0	54	44
n01768244_382.JPEG	11	0	57	52
n01768244_437.JPEG	0	9	63	50
n01768244_151.JPEG	29	18	47	42
n01768244_420.JPEG	43	11	63	46
n01768244_210.JPEG	8	9	63	42
n01768244_122.JPEG	2	0	57	63
n01768244_459.JPEG	19	14	46	43
n01768244_236.JPEG	13	6	51	56
n01768244_293.JPEG	0	11	63	57
n01768244_448.JPEG	28	6	53	46
n01768244_1.JPEG	7	11	40	34
n01768244_156.JPEG	0	12	63	44
n01768244_326.JPEG	2	6	63	63
n01768244_181.JPEG	4	15	35	46
n01768244_395.JPEG	0	13	63	63
n01768244_487.JPEG	0	4	63	60
n01768244_64.JPEG	12	3	51	60
n01768244_406.JPEG	20	19	46	48
n01768244_53.JPEG	15	12	50	50
n01768244_408.JPEG	10	4	51	52
n01768244_282.JPEG	0	8	42	55
n01768244_211.JPEG	0	0	63	57
n01768244_194.JPEG	10	0	55	63
n01768244_453.JPEG	3	4	63	62
n01768244_467.JPEG	4	5	60	59
n01768244_164.JPEG	7	5	59	63
n01768244_310.JPEG	3	18	45	57
n01768244_373.JPEG	12	11	60	58
n01768244_93.JPEG	19	20	48	56
n01768244_179.JPEG	1	9	63	53
n01768244_98.JPEG	15	19	40	52
n01768244_334.JPEG	0	2	63	61
n01768244_458.JPEG	49	20	63	38
n01768244_290.JPEG	2	11	61	52
n01768244_250.JPEG	0	7	63	58
n01768244_422.JPEG	18	14	49	51
n01768244_106.JPEG	0	0	45	63
n01768244_347.JPEG	6	0	57	61
n01768244_146.JPEG	0	1	63	63
n01768244_346.JPEG	10	12	55	44
n01768244_314.JPEG	1	1	62	57
n01768244_132.JPEG	6	14	59	55
n01768244_360.JPEG	10	6	60	55
n01768244_90.JPEG	7	13	59	49
n01768244_403.JPEG	0	6	63	58
n01768244_281.JPEG	16	3	46	62
n01768244_124.JPEG	18	17	37	53
n01768244_412.JPEG	12	9	56	63
n01768244_43.JPEG	8	6	56	60
n01768244_367.JPEG	23	14	42	38
n01768244_418.JPEG	9	0	60	63
n01768244_183.JPEG	14	10	46	52
n01768244_123.JPEG	0	16	34	61
n01768244_58.JPEG	29	7	51	35
n01768244_248.JPEG	10	12	47	50
n01768244_154.JPEG	0	1	63	63
n01768244_483.JPEG	11	23	42	47
n01768244_277.JPEG	12	3	42	38
n01768244_421.JPEG	5	0	63	63
n01768244_401.JPEG	0	1	63	63
n01768244_327.JPEG	5	0	62	63
n01768244_400.JPEG	5	6	57	62
n01768244_431.JPEG	6	9	58	47
n01768244_214.JPEG	12	18	53	46
n01768244_280.JPEG	0	18	44	55
n01768244_59.JPEG	0	13	18	29
n01768244_36.JPEG	0	4	63	63
n01768244_192.JPEG	5	12	54	54
n01768244_159.JPEG	12	0	53	63
n01768244_167.JPEG	0	7	63	59
n01768244_144.JPEG	1	10	56	52
n01768244_88.JPEG	0	5	63	57
n01768244_447.JPEG	22	15	51	38
n01768244_342.JPEG	0	6	63	47
n01768244_135.JPEG	18	9	33	23
n01768244_496.JPEG	2	8	63	52
n01768244_22.JPEG	0	20	26	61
n01768244_355.JPEG	30	6	60	53
n01768244_287.JPEG	0	26	36	58
n01768244_269.JPEG	0	7	63	63
n01768244_274.JPEG	9	10	62	40
n01768244_29.JPEG	0	1	63	63
n01768244_115.JPEG	0	11	63	55
n01768244_111.JPEG	0	12	63	55
n01768244_42.JPEG	8	0	62	63
n01768244_477.JPEG	0	6	63	56
n01768244_176.JPEG	23	10	52	40
n01768244_201.JPEG	15	0	63	59
n01768244_68.JPEG	3	20	63	50
n01768244_177.JPEG	0	12	59	53
n01768244_82.JPEG	0	1	63	63
n01768244_148.JPEG	0	1	63	57
n01768244_173.JPEG	13	2	58	63
n01768244_390.JPEG	10	6	50	53
n01768244_205.JPEG	1	11	63	47
n01768244_138.JPEG	7	17	62	47
n01768244_324.JPEG	12	6	49	57
n01768244_46.JPEG	18	5	45	61
n01768244_116.JPEG	15	20	55	41
n01768244_143.JPEG	13	3	47	62
n01768244_474.JPEG	4	0	59	63
n01768244_306.JPEG	0	10	62	59
n01768244_313.JPEG	12	10	51	55
n01768244_204.JPEG	0	5	63	43
n01768244_365.JPEG	15	8	57	50
n01768244_215.JPEG	0	10	63	50
n01768244_87.JPEG	13	6	48	60
n01768244_221.JPEG	0	1	63	62
n01768244_378.JPEG	9	9	52	56
n01768244_134.JPEG	2	0	63	57
n01768244_308.JPEG	32	0	63	63
n01768244_5.JPEG	15	10	50	61
n01768244_354.JPEG	0	8	63	59
n01768244_338.JPEG	22	10	44	41
n01768244_298.JPEG	18	3	48	62
n01768244_452.JPEG	8	4	56	60
n01768244_129.JPEG	21	6	48	49
n01768244_464.JPEG	0	2	63	63
n01768244_50.JPEG	9	14	61	48
n01768244_275.JPEG	0	0	63	63
n01768244_47.JPEG	0	10	63	56
n01768244_288.JPEG	16	11	60	61
n01768244_393.JPEG	11	15	54	41
n01768244_51.JPEG	16	0	51	63
n01768244_435.JPEG	8	12	60	58
n01768244_175.JPEG	0	5	59	60
n01768244_3.JPEG	2	21	63	60
n01768244_155.JPEG	0	1	63	63
n01768244_469.JPEG	0	8	63	58
n01768244_20.JPEG	0	0	61	63
n01768244_2.JPEG	0	19	63	61
n01768244_349.JPEG	27	26	40	39
n01768244_191.JPEG	3	14	53	57
n01768244_140.JPEG	11	8	55	55
n01768244_443.JPEG	5	4	63	63
n01768244_391.JPEG	7	20	45	50
n01768244_23.JPEG	20	25	56	46
n01768244_213.JPEG	1	8	63	56
n01768244_249.JPEG	0	6	63	62
n01768244_343.JPEG	11	2	62	63
n01768244_246.JPEG	0	12	63	54
n01768244_388.JPEG	17	1	46	47
n01768244_30.JPEG	3	13	53	48
n01768244_56.JPEG	21	36	44	63
n01768244_394.JPEG	10	17	49	49
n01768244_257.JPEG	8	5	57	57
n01768244_162.JPEG	0	0	63	63
n01768244_328.JPEG	6	0	59	63
n01768244_77.JPEG	2	20	63	55
n01768244_199.JPEG	11	17	48	39
n01768244_462.JPEG	21	21	41	38
n01768244_187.JPEG	19	19	43	53
n01768244_65.JPEG	0	0	63	63
n01768244_463.JPEG	0	9	63	54
n01768244_40.JPEG	1	19	63	55
n01768244_318.JPEG	0	12	63	52
n01768244_353.JPEG	19	4	45	60
n01768244_482.JPEG	5	5	57	53
n01768244_498.JPEG	16	3	58	57
n01768244_105.JPEG	0	5	63	58
n01768244_466.JPEG	0	16	63	51
n01768244_364.JPEG	20	11	53	38
n01768244_430.JPEG	10	2	52	63
n01768244_80.JPEG	5	2	57	63
n01768244_332.JPEG	3	4	55	61
n01768244_319.JPEG	15	12	61	49
n01768244_335.JPEG	0	7	63	55
n01768244_222.JPEG	26	16	56	41
n01768244_45.JPEG	14	5	47	34
n01768244_465.JPEG	0	4	63	56
n01768244_74.JPEG	2	10	61	59
n01768244_228.JPEG	0	4	62	57
n01768244_66.JPEG	23	28	30	35
n01768244_10.JPEG	0	6	56	49
n01768244_283.JPEG	15	20	47	48
n01768244_320.JPEG	30	10	56	46
n01768244_62.JPEG	15	8	50	62
n01768244_125.JPEG	5	0	62	63
n01768244_445.JPEG	28	16	46	47
n01768244_350.JPEG	2	17	60	40
n01768244_34.JPEG	0	5	63	61
n01768244_411.JPEG	3	0	61	63
n01768244_218.JPEG	9	0	55	63
n01768244_244.JPEG	16	14	42	53
n01768244_429.JPEG	21	11	63	59
n01768244_339.JPEG	0	9	63	53
n01768244_240.JPEG	6	0	59	63
n01768244_96.JPEG	8	6	61	57
n01768244_14.JPEG	0	15	52	59
n01768244_108.JPEG	5	7	60	59
n01768244_239.JPEG	0	5	49	36
n01768244_207.JPEG	5	6	63	48
n01768244_442.JPEG	0	6	44	44
n01768244_0.JPEG	4	11	63	49
n01768244_120.JPEG	34	7	63	58
n01768244_21.JPEG	2	9	63	58
n01768244_341.JPEG	0	7	58	63
n01768244_26.JPEG	30	14	63	42
n01768244_407.JPEG	3	1	50	61
n01768244_100.JPEG	6	6	60	60
n01768244_415.JPEG	19	2	43	60
n01768244_480.JPEG	14	6	58	63
n01768244_84.JPEG	18	12	54	58
n01768244_329.JPEG	20	23	44	60
n01768244_434.JPEG	0	8	63	54
n01768244_340.JPEG	0	6	63	54
n01768244_297.JPEG	26	18	46	46
n01768244_330.JPEG	20	11	43	43
n01768244_481.JPEG	0	3	63	59
n01768244_375.JPEG	0	16	63	55
n01768244_217.JPEG	0	11	63	55
n01768244_366.JPEG	0	1	63	54
n01768244_6.JPEG	5	0	57	63
n01768244_252.JPEG	8	16	60	51
n01768244_439.JPEG	15	3	58	62
n01768244_195.JPEG	10	17	53	47
n01768244_476.JPEG	19	4	63	61
n01768244_114.JPEG	29	14	49	42
n01768244_4.JPEG	0	8	63	61
n01768244_317.JPEG	21	6	63	34
n01768244_37.JPEG	0	4	63	51
n01768244_358.JPEG	13	10	54	60
n01768244_264.JPEG	12	5	63	63
n01768244_117.JPEG	17	23	63	54
n01768244_209.JPEG	16	18	38	48
n01768244_423.JPEG	1	17	63	62
n01768244_273.JPEG	6	2	63	62
n01768244_260.JPEG	0	12	63	60
n01768244_130.JPEG	16	15	47	57
n01768244_220.JPEG	12	18	49	47
n01768244_381.JPEG	6	0	58	63
n01768244_231.JPEG	6	0	59	63
n01768244_9.JPEG	8	6	48	55
n01768244_103.JPEG	3	19	63	44
n01768244_188.JPEG	11	8	60	44
n01768244_133.JPEG	0	0	57	63
n01768244_384.JPEG	5	9	54	55
n01768244_323.JPEG	0	19	54	42
val_9765.JPEG	16	10	48	63
val_1565.JPEG	17	19	59	48
val_2832.JPEG	0	0	60	63
val_4129.JPEG	7	13	63	58
val_9908.JPEG	18	13	48	54
val_7686.JPEG	8	4	49	60
val_2399.JPEG	10	9	63	56
val_953.JPEG	14	14	39	45
val_3174.JPEG	39	9	59	41
val_510.JPEG	2	23	63	62
val_304.JPEG	11	7	63	62
val_7386.JPEG	4	10	56	55
val_8766.JPEG	0	11	63	49
val_2285.JPEG	3	11	62	46
val_6467.JPEG	12	4	49	56
val_1580.JPEG	14	22	49	48
val_1538.JPEG	4	9	41	63
val_323.JPEG	22	8	52	55
val_1088.JPEG	6	7	60	58
val_36.JPEG	9	3	45	38
val_9175.JPEG	0	6	63	63
val_6563.JPEG	2	10	63	58
val_3695.JPEG	16	8	44	56
val_7813.JPEG	22	9	47	52
val_2362.JPEG	10	1	51	63
val_2557.JPEG	0	9	63	63
val_882.JPEG	1	13	50	59
val_669.JPEG	14	28	29	53
val_8134.JPEG	21	6	49	56
val_6943.JPEG	12	14	41	30
val_3792.JPEG	23	12	50	53
val_4756.JPEG	13	9	53	63
val_6460.JPEG	5	6	36	32
val_3392.JPEG	0	0	63	63
val_2123.JPEG	5	9	61	56
