n01784675_168.JPEG	0	23	63	37
n01784675_470.JPEG	1	2	63	62
n01784675_496.JPEG	0	18	63	49
n01784675_215.JPEG	1	22	63	35
n01784675_247.JPEG	0	20	63	44
n01784675_250.JPEG	0	2	63	63
n01784675_398.JPEG	16	19	49	50
n01784675_207.JPEG	0	2	63	63
n01784675_81.JPEG	22	35	59	50
n01784675_140.JPEG	0	1	63	54
n01784675_60.JPEG	0	22	58	62
n01784675_274.JPEG	0	14	63	50
n01784675_410.JPEG	4	0	58	58
n01784675_351.JPEG	23	9	49	46
n01784675_23.JPEG	8	0	44	63
n01784675_497.JPEG	0	13	63	37
n01784675_499.JPEG	12	29	63	63
n01784675_427.JPEG	19	22	60	44
n01784675_385.JPEG	0	13	63	48
n01784675_489.JPEG	0	4	63	34
n01784675_455.JPEG	5	0	58	38
n01784675_353.JPEG	0	1	63	63
n01784675_153.JPEG	0	16	63	41
n01784675_414.JPEG	0	0	63	63
n01784675_248.JPEG	0	0	63	63
n01784675_432.JPEG	0	18	63	47
n01784675_208.JPEG	0	20	63	60
n01784675_335.JPEG	19	16	63	47
n01784675_430.JPEG	0	1	63	63
n01784675_348.JPEG	5	19	63	37
n01784675_478.JPEG	0	10	63	55
n01784675_310.JPEG	0	7	63	53
n01784675_216.JPEG	0	0	63	58
n01784675_188.JPEG	19	9	45	63
n01784675_469.JPEG	19	8	48	63
n01784675_397.JPEG	19	34	28	43
n01784675_344.JPEG	3	10	33	42
n01784675_421.JPEG	30	5	41	36
n01784675_491.JPEG	0	1	52	63
n01784675_464.JPEG	1	12	63	52
n01784675_25.JPEG	0	1	63	63
n01784675_35.JPEG	19	23	51	56
n01784675_412.JPEG	16	0	43	63
n01784675_316.JPEG	0	20	63	56
n01784675_103.JPEG	25	29	63	46
n01784675_182.JPEG	0	4	63	44
n01784675_29.JPEG	0	0	63	63
n01784675_20.JPEG	0	0	63	61
n01784675_189.JPEG	15	0	45	63
n01784675_246.JPEG	14	22	61	45
n01784675_190.JPEG	5	20	61	42
n01784675_71.JPEG	0	25	63	35
n01784675_158.JPEG	0	5	63	51
n01784675_65.JPEG	16	23	44	47
n01784675_413.JPEG	0	1	44	54
n01784675_139.JPEG	0	16	63	48
n01784675_451.JPEG	0	7	63	52
n01784675_379.JPEG	20	4	61	63
n01784675_388.JPEG	6	6	53	60
n01784675_287.JPEG	15	23	63	40
n01784675_137.JPEG	10	20	48	28
n01784675_433.JPEG	9	18	55	44
n01784675_133.JPEG	0	26	61	46
n01784675_243.JPEG	17	16	63	31
n01784675_131.JPEG	0	1	63	63
n01784675_475.JPEG	15	17	52	55
n01784675_400.JPEG	0	10	63	54
n01784675_152.JPEG	0	0	23	40
n01784675_444.JPEG	20	37	60	58
n01784675_66.JPEG	1	0	63	63
n01784675_273.JPEG	0	5	63	57
n01784675_339.JPEG	0	7	63	56
n01784675_224.JPEG	0	20	62	53
n01784675_345.JPEG	7	14	24	48
n01784675_104.JPEG	0	5	29	63
n01784675_314.JPEG	24	34	55	42
n01784675_22.JPEG	34	12	48	55
n01784675_36.JPEG	8	9	54	46
n01784675_476.JPEG	0	18	63	47
n01784675_460.JPEG	0	0	63	63
n01784675_2.JPEG	12	17	46	34
n01784675_258.JPEG	0	17	63	52
n01784675_64.JPEG	18	0	57	53
n01784675_440.JPEG	7	24	60	40
n01784675_226.JPEG	0	1	63	63
n01784675_0.JPEG	0	1	63	54
n01784675_155.JPEG	18	31	37	39
n01784675_236.JPEG	10	40	51	49
n01784675_364.JPEG	6	0	59	63
n01784675_297.JPEG	0	6	63	51
n01784675_14.JPEG	0	3	63	63
n01784675_149.JPEG	7	9	53	53
n01784675_218.JPEG	26	3	40	63
n01784675_127.JPEG	0	10	56	56
n01784675_399.JPEG	25	22	51	37
n01784675_318.JPEG	0	20	63	37
n01784675_341.JPEG	1	14	63	63
n01784675_12.JPEG	0	13	63	63
n01784675_110.JPEG	0	14	63	51
n01784675_257.JPEG	0	15	63	52
n01784675_300.JPEG	0	25	63	51
n01784675_75.JPEG	4	5	48	59
n01784675_338.JPEG	0	12	63	55
n01784675_209.JPEG	15	0	63	57
n01784675_176.JPEG	13	10	47	63
n01784675_487.JPEG	0	3	51	62
n01784675_199.JPEG	0	6	63	59
n01784675_462.JPEG	0	10	63	50
n01784675_142.JPEG	0	7	63	58
n01784675_126.JPEG	9	15	63	49
n01784675_312.JPEG	53	40	63	56
n01784675_349.JPEG	17	6	53	26
n01784675_290.JPEG	0	3	48	58
n01784675_442.JPEG	0	4	63	63
n01784675_102.JPEG	0	10	63	56
n01784675_135.JPEG	0	24	63	47
n01784675_221.JPEG	0	8	63	53
n01784675_267.JPEG	0	12	63	44
n01784675_77.JPEG	23	1	63	48
n01784675_387.JPEG	0	12	63	63
n01784675_177.JPEG	0	14	56	50
n01784675_78.JPEG	22	21	40	38
n01784675_299.JPEG	0	9	63	47
n01784675_219.JPEG	9	20	61	60
n01784675_181.JPEG	19	1	63	60
n01784675_463.JPEG	5	0	56	63
n01784675_17.JPEG	0	0	61	63
n01784675_217.JPEG	0	8	63	60
n01784675_304.JPEG	6	20	49	63
n01784675_214.JPEG	0	4	63	49
n01784675_472.JPEG	32	28	36	41
n01784675_377.JPEG	15	16	48	52
n01784675_117.JPEG	25	18	53	53
n01784675_452.JPEG	0	39	59	54
n01784675_441.JPEG	39	11	55	47
n01784675_13.JPEG	13	16	55	40
n01784675_111.JPEG	3	24	61	45
n01784675_203.JPEG	12	28	53	63
n01784675_359.JPEG	0	0	59	60
n01784675_392.JPEG	25	27	35	52
n01784675_251.JPEG	0	26	40	37
n01784675_425.JPEG	11	6	58	63
n01784675_11.JPEG	9	46	53	63
n01784675_113.JPEG	0	12	63	57
n01784675_59.JPEG	0	23	63	50
n01784675_254.JPEG	1	14	61	44
n01784675_321.JPEG	26	19	42	42
n01784675_271.JPEG	0	13	63	59
n01784675_6.JPEG	0	1	63	63
n01784675_192.JPEG	7	8	63	57
n01784675_336.JPEG	0	14	63	53
n01784675_269.JPEG	4	12	61	31
n01784675_431.JPEG	10	12	57	51
n01784675_84.JPEG	0	0	63	63
n01784675_83.JPEG	0	29	63	56
n01784675_309.JPEG	0	0	63	43
n01784675_86.JPEG	2	21	54	51
n01784675_118.JPEG	0	0	63	63
n01784675_124.JPEG	0	4	63	57
n01784675_354.JPEG	0	14	63	42
n01784675_355.JPEG	0	10	63	51
n01784675_302.JPEG	5	0	63	55
n01784675_97.JPEG	0	7	63	58
n01784675_485.JPEG	41	46	62	60
n01784675_395.JPEG	0	18	62	40
n01784675_194.JPEG	0	0	61	63
n01784675_232.JPEG	0	9	63	59
n01784675_305.JPEG	1	12	63	36
n01784675_467.JPEG	0	0	63	63
n01784675_370.JPEG	16	4	56	56
n01784675_454.JPEG	6	29	63	47
n01784675_147.JPEG	7	6	53	54
n01784675_394.JPEG	0	1	63	63
n01784675_94.JPEG	0	0	63	63
n01784675_367.JPEG	0	0	63	63
n01784675_317.JPEG	1	17	52	41
n01784675_382.JPEG	35	11	43	50
n01784675_138.JPEG	0	12	59	45
n01784675_68.JPEG	0	1	43	47
n01784675_417.JPEG	2	17	63	60
n01784675_116.JPEG	13	28	39	39
n01784675_37.JPEG	0	7	61	63
n01784675_253.JPEG	0	1	63	63
n01784675_228.JPEG	18	1	43	49
n01784675_99.JPEG	12	2	42	51
n01784675_146.JPEG	12	0	47	63
n01784675_198.JPEG	7	12	39	62
n01784675_160.JPEG	9	17	63	62
n01784675_356.JPEG	21	13	49	36
n01784675_85.JPEG	9	15	63	49
n01784675_115.JPEG	19	13	54	63
n01784675_449.JPEG	1	11	63	49
n01784675_278.JPEG	1	0	63	63
n01784675_204.JPEG	0	44	63	58
n01784675_389.JPEG	1	0	53	63
n01784675_42.JPEG	24	18	56	46
n01784675_332.JPEG	7	5	52	52
n01784675_319.JPEG	4	0	59	63
n01784675_230.JPEG	8	17	63	49
n01784675_196.JPEG	12	12	47	55
n01784675_261.JPEG	0	0	55	49
n01784675_141.JPEG	6	0	63	63
n01784675_225.JPEG	28	18	44	48
n01784675_89.JPEG	1	11	63	51
n01784675_136.JPEG	27	36	55	63
n01784675_461.JPEG	4	18	55	39
n01784675_26.JPEG	0	3	63	59
n01784675_151.JPEG	9	9	44	60
n01784675_284.JPEG	3	2	63	52
n01784675_134.JPEG	0	19	63	49
n01784675_480.JPEG	10	0	63	63
n01784675_107.JPEG	29	23	54	40
n01784675_162.JPEG	11	2	63	61
n01784675_38.JPEG	0	1	63	46
n01784675_92.JPEG	0	13	63	63
n01784675_50.JPEG	0	9	49	50
n01784675_187.JPEG	25	18	47	48
n01784675_327.JPEG	0	15	54	44
n01784675_24.JPEG	23	1	43	62
n01784675_229.JPEG	0	21	63	44
n01784675_74.JPEG	14	16	50	60
n01784675_191.JPEG	11	21	54	63
n01784675_240.JPEG	0	4	63	48
n01784675_450.JPEG	0	2	63	63
n01784675_88.JPEG	0	1	63	57
n01784675_438.JPEG	26	14	63	51
n01784675_291.JPEG	8	42	56	53
n01784675_242.JPEG	8	22	49	49
n01784675_380.JPEG	0	8	63	52
n01784675_390.JPEG	6	30	63	61
n01784675_87.JPEG	0	14	63	55
n01784675_301.JPEG	22	25	50	63
n01784675_161.JPEG	1	0	57	63
n01784675_69.JPEG	0	23	63	43
n01784675_119.JPEG	20	4	63	55
n01784675_479.JPEG	11	11	43	48
n01784675_256.JPEG	0	0	63	63
n01784675_233.JPEG	9	10	58	51
n01784675_498.JPEG	20	26	55	45
n01784675_369.JPEG	11	13	63	43
n01784675_172.JPEG	18	0	53	63
n01784675_488.JPEG	0	11	56	52
n01784675_63.JPEG	9	9	52	63
n01784675_436.JPEG	0	0	63	63
n01784675_329.JPEG	3	12	47	47
n01784675_466.JPEG	0	8	63	56
n01784675_234.JPEG	1	13	63	47
n01784675_73.JPEG	10	12	63	56
n01784675_333.JPEG	0	25	63	41
n01784675_313.JPEG	0	13	63	53
n01784675_486.JPEG	0	1	63	63
n01784675_447.JPEG	2	0	60	63
n01784675_169.JPEG	0	30	63	44
n01784675_101.JPEG	0	19	63	50
n01784675_239.JPEG	7	9	55	58
n01784675_166.JPEG	0	16	63	55
n01784675_91.JPEG	0	7	63	58
n01784675_422.JPEG	0	7	63	46
n01784675_159.JPEG	22	13	38	59
n01784675_145.JPEG	19	10	47	42
n01784675_407.JPEG	1	0	55	46
n01784675_10.JPEG	23	0	37	50
n01784675_420.JPEG	0	10	63	52
n01784675_374.JPEG	0	20	52	43
n01784675_308.JPEG	27	15	62	34
n01784675_249.JPEG	0	19	59	44
n01784675_193.JPEG	0	10	63	52
n01784675_435.JPEG	0	15	63	48
n01784675_49.JPEG	27	20	60	41
n01784675_289.JPEG	11	0	58	63
n01784675_260.JPEG	0	6	63	61
n01784675_30.JPEG	0	7	63	58
n01784675_328.JPEG	0	13	63	41
n01784675_120.JPEG	0	16	63	40
n01784675_154.JPEG	0	7	63	57
n01784675_9.JPEG	23	5	52	63
n01784675_490.JPEG	1	0	51	63
n01784675_406.JPEG	22	8	42	20
n01784675_277.JPEG	0	8	63	39
n01784675_186.JPEG	0	4	58	63
n01784675_180.JPEG	18	15	56	39
n01784675_44.JPEG	34	28	63	60
n01784675_79.JPEG	20	12	45	57
n01784675_179.JPEG	14	13	48	59
n01784675_372.JPEG	0	0	57	63
n01784675_337.JPEG	0	20	52	46
n01784675_383.JPEG	10	11	56	55
n01784675_276.JPEG	0	11	63	50
n01784675_334.JPEG	3	0	63	63
n01784675_459.JPEG	0	5	63	57
n01784675_28.JPEG	24	1	49	63
n01784675_67.JPEG	0	3	52	63
n01784675_129.JPEG	0	10	63	40
n01784675_371.JPEG	0	8	63	58
n01784675_481.JPEG	2	0	63	63
n01784675_143.JPEG	0	5	63	63
n01784675_227.JPEG	0	3	51	63
n01784675_235.JPEG	0	7	63	63
n01784675_121.JPEG	0	14	63	47
n01784675_202.JPEG	0	17	33	53
n01784675_368.JPEG	33	7	63	56
n01784675_458.JPEG	0	21	63	56
n01784675_18.JPEG	9	31	61	57
n01784675_325.JPEG	24	9	53	60
n01784675_404.JPEG	9	19	51	40
n01784675_483.JPEG	0	10	63	63
n01784675_7.JPEG	1	17	62	49
n01784675_373.JPEG	24	38	58	47
n01784675_122.JPEG	0	9	63	57
n01784675_106.JPEG	18	5	38	49
n01784675_195.JPEG	0	4	59	61
n01784675_157.JPEG	0	0	63	57
n01784675_70.JPEG	4	25	59	60
n01784675_330.JPEG	0	13	63	38
n01784675_282.JPEG	9	24	54	52
n01784675_262.JPEG	0	7	63	63
n01784675_411.JPEG	3	0	63	63
n01784675_340.JPEG	3	6	62	60
n01784675_39.JPEG	0	2	63	59
n01784675_401.JPEG	23	21	35	58
n01784675_200.JPEG	19	13	51	37
n01784675_206.JPEG	0	6	63	53
n01784675_108.JPEG	0	3	63	54
n01784675_343.JPEG	0	5	63	62
n01784675_167.JPEG	0	7	63	58
n01784675_210.JPEG	1	0	63	63
n01784675_47.JPEG	11	14	29	27
n01784675_197.JPEG	0	1	63	63
n01784675_105.JPEG	0	5	63	52
n01784675_381.JPEG	5	0	57	63
n01784675_41.JPEG	6	18	53	34
n01784675_396.JPEG	38	24	43	37
n01784675_484.JPEG	0	22	46	63
n01784675_288.JPEG	0	5	63	63
n01784675_456.JPEG	23	3	41	59
n01784675_51.JPEG	0	1	63	63
n01784675_428.JPEG	0	8	63	51
n01784675_292.JPEG	5	10	63	56
n01784675_363.JPEG	0	10	63	59
n01784675_320.JPEG	25	18	45	51
n01784675_33.JPEG	13	24	51	53
n01784675_54.JPEG	8	4	54	60
n01784675_494.JPEG	0	1	63	59
n01784675_15.JPEG	17	13	34	62
n01784675_482.JPEG	0	1	63	58
n01784675_416.JPEG	27	5	60	54
n01784675_342.JPEG	5	21	63	49
n01784675_173.JPEG	0	0	63	63
n01784675_283.JPEG	5	0	60	63
n01784675_293.JPEG	3	14	63	55
val_8893.JPEG	5	6	63	63
val_1940.JPEG	0	22	63	59
val_1370.JPEG	0	1	63	63
val_280.JPEG	0	1	63	61
val_5666.JPEG	0	4	63	63
val_6391.JPEG	30	21	38	42
val_6839.JPEG	13	20	42	52
val_6062.JPEG	7	10	58	56
val_5823.JPEG	13	25	63	36
val_9142.JPEG	0	0	63	63
val_3267.JPEG	13	11	40	54
val_8847.JPEG	0	13	63	37
val_5372.JPEG	0	17	63	45
val_4628.JPEG	15	37	57	55
val_5918.JPEG	2	20	63	49
val_5712.JPEG	0	10	38	49
val_8495.JPEG	26	14	41	47
val_3708.JPEG	1	10	63	54
val_6437.JPEG	0	4	63	63
val_3535.JPEG	22	8	44	52
val_2011.JPEG	6	0	55	63
val_7936.JPEG	18	18	41	52
val_7960.JPEG	4	28	60	47
val_6591.JPEG	0	6	63	59
val_3454.JPEG	0	3	63	54
val_708.JPEG	7	18	63	56
val_4367.JPEG	9	4	52	63
val_1768.JPEG	19	21	45	46
val_6193.JPEG	0	13	63	60
val_6670.JPEG	15	0	55	63
val_433.JPEG	0	1	63	56
val_5748.JPEG	9	0	57	42
val_1113.JPEG	0	0	63	62
val_7256.JPEG	5	25	32	41
val_6485.JPEG	0	13	63	62
