n03584254_57.JPEG	6	0	57	63
n03584254_177.JPEG	3	38	49	63
n03584254_212.JPEG	0	2	24	35
n03584254_231.JPEG	19	12	48	48
n03584254_157.JPEG	35	23	58	47
n03584254_131.JPEG	0	0	63	63
n03584254_140.JPEG	0	1	63	63
n03584254_84.JPEG	26	15	53	38
n03584254_87.JPEG	30	4	61	39
n03584254_171.JPEG	10	5	53	63
n03584254_476.JPEG	9	0	57	63
n03584254_222.JPEG	20	15	52	58
n03584254_185.JPEG	13	16	51	51
n03584254_60.JPEG	3	34	26	62
n03584254_206.JPEG	6	1	56	60
n03584254_491.JPEG	0	30	61	44
n03584254_262.JPEG	23	9	45	28
n03584254_426.JPEG	29	15	63	63
n03584254_146.JPEG	5	22	55	63
n03584254_93.JPEG	2	43	63	63
n03584254_153.JPEG	23	0	44	43
n03584254_455.JPEG	43	19	63	58
n03584254_355.JPEG	4	0	59	63
n03584254_193.JPEG	12	2	51	53
n03584254_186.JPEG	16	3	50	62
n03584254_281.JPEG	8	6	52	63
n03584254_451.JPEG	8	6	46	28
n03584254_14.JPEG	9	18	34	63
n03584254_6.JPEG	3	7	63	58
n03584254_425.JPEG	41	9	58	41
n03584254_298.JPEG	0	7	6	46
n03584254_445.JPEG	0	1	53	63
n03584254_326.JPEG	31	44	41	49
n03584254_2.JPEG	0	16	63	56
n03584254_351.JPEG	0	0	63	63
n03584254_337.JPEG	16	0	49	46
n03584254_236.JPEG	33	23	63	63
n03584254_40.JPEG	17	8	50	62
n03584254_375.JPEG	9	0	60	63
n03584254_403.JPEG	17	8	50	58
n03584254_16.JPEG	33	6	63	58
n03584254_329.JPEG	0	0	48	35
n03584254_342.JPEG	62	16	63	49
n03584254_209.JPEG	22	3	49	63
n03584254_254.JPEG	2	4	45	63
n03584254_369.JPEG	10	11	54	63
n03584254_59.JPEG	7	0	62	60
n03584254_450.JPEG	3	2	63	63
n03584254_77.JPEG	19	5	49	43
n03584254_61.JPEG	36	24	48	43
n03584254_483.JPEG	13	0	49	63
n03584254_364.JPEG	11	0	49	63
n03584254_466.JPEG	30	22	42	39
n03584254_199.JPEG	26	20	43	40
n03584254_75.JPEG	8	0	58	63
n03584254_414.JPEG	16	0	50	63
n03584254_419.JPEG	0	13	63	63
n03584254_126.JPEG	14	7	56	43
n03584254_307.JPEG	17	10	48	60
n03584254_196.JPEG	0	1	63	63
n03584254_51.JPEG	0	2	63	63
n03584254_200.JPEG	9	12	51	57
n03584254_289.JPEG	3	0	61	63
n03584254_221.JPEG	0	13	63	62
n03584254_223.JPEG	0	6	60	56
n03584254_473.JPEG	11	0	57	27
n03584254_0.JPEG	23	11	39	47
n03584254_89.JPEG	43	0	63	63
n03584254_117.JPEG	20	0	52	62
n03584254_172.JPEG	5	1	56	63
n03584254_294.JPEG	16	10	50	55
n03584254_320.JPEG	7	0	55	60
n03584254_454.JPEG	12	10	57	39
n03584254_266.JPEG	21	14	63	63
n03584254_452.JPEG	0	9	63	63
n03584254_456.JPEG	25	16	54	37
n03584254_458.JPEG	6	2	52	50
n03584254_275.JPEG	14	11	52	53
n03584254_295.JPEG	18	24	39	63
n03584254_381.JPEG	0	20	58	47
n03584254_192.JPEG	19	22	48	40
n03584254_9.JPEG	28	33	34	42
n03584254_102.JPEG	13	21	61	63
n03584254_373.JPEG	49	33	57	47
n03584254_431.JPEG	0	9	63	63
n03584254_164.JPEG	0	4	63	63
n03584254_487.JPEG	27	20	40	47
n03584254_400.JPEG	0	5	63	59
n03584254_109.JPEG	17	27	63	57
n03584254_404.JPEG	0	5	63	63
n03584254_253.JPEG	4	17	63	53
n03584254_159.JPEG	7	9	53	63
n03584254_45.JPEG	0	0	63	52
n03584254_99.JPEG	0	10	62	63
n03584254_32.JPEG	11	4	58	63
n03584254_444.JPEG	20	15	42	50
n03584254_163.JPEG	9	9	57	59
n03584254_276.JPEG	7	7	40	27
n03584254_201.JPEG	0	3	63	52
n03584254_293.JPEG	8	0	63	63
n03584254_115.JPEG	24	6	55	63
n03584254_264.JPEG	19	0	37	0
n03584254_184.JPEG	8	5	63	44
n03584254_288.JPEG	20	45	29	52
n03584254_208.JPEG	17	4	46	59
n03584254_116.JPEG	5	0	61	63
n03584254_245.JPEG	0	4	33	58
n03584254_311.JPEG	12	7	46	51
n03584254_353.JPEG	7	16	14	29
n03584254_328.JPEG	0	24	54	43
n03584254_56.JPEG	16	5	54	54
n03584254_306.JPEG	7	3	63	46
n03584254_189.JPEG	28	9	38	24
n03584254_352.JPEG	0	0	63	63
n03584254_335.JPEG	24	25	63	63
n03584254_150.JPEG	25	25	40	48
n03584254_5.JPEG	1	0	63	63
n03584254_267.JPEG	33	4	63	58
n03584254_338.JPEG	0	0	62	63
n03584254_72.JPEG	26	26	47	41
n03584254_216.JPEG	26	19	54	61
n03584254_390.JPEG	19	11	46	30
n03584254_261.JPEG	5	7	48	63
n03584254_269.JPEG	42	24	63	42
n03584254_315.JPEG	0	0	15	30
n03584254_418.JPEG	21	3	45	17
n03584254_277.JPEG	12	19	43	62
n03584254_183.JPEG	16	31	46	55
n03584254_120.JPEG	1	8	47	63
n03584254_38.JPEG	4	25	51	59
n03584254_478.JPEG	0	8	63	63
n03584254_283.JPEG	21	14	63	47
n03584254_118.JPEG	12	5	57	63
n03584254_389.JPEG	11	15	63	38
n03584254_62.JPEG	0	18	49	63
n03584254_133.JPEG	0	6	59	63
n03584254_357.JPEG	13	7	63	63
n03584254_215.JPEG	45	18	60	56
n03584254_142.JPEG	10	46	33	57
n03584254_247.JPEG	7	0	57	28
n03584254_448.JPEG	25	9	63	54
n03584254_48.JPEG	14	10	51	44
n03584254_86.JPEG	46	32	63	60
n03584254_304.JPEG	0	12	63	63
n03584254_427.JPEG	9	5	34	60
n03584254_182.JPEG	0	2	63	63
n03584254_286.JPEG	0	10	63	63
n03584254_464.JPEG	0	39	7	54
n03584254_69.JPEG	10	0	57	63
n03584254_249.JPEG	31	1	63	39
n03584254_103.JPEG	19	8	45	53
n03584254_229.JPEG	8	14	46	63
n03584254_95.JPEG	0	0	46	30
n03584254_492.JPEG	0	30	37	63
n03584254_64.JPEG	10	23	42	61
n03584254_469.JPEG	0	16	63	54
n03584254_412.JPEG	0	5	63	63
n03584254_31.JPEG	5	12	63	50
n03584254_395.JPEG	18	1	49	63
n03584254_422.JPEG	31	39	46	52
n03584254_441.JPEG	15	0	57	63
n03584254_52.JPEG	34	6	59	53
n03584254_333.JPEG	25	1	37	25
n03584254_252.JPEG	15	5	57	38
n03584254_460.JPEG	24	17	33	33
n03584254_430.JPEG	14	9	42	53
n03584254_470.JPEG	26	20	46	54
n03584254_443.JPEG	18	8	37	49
n03584254_214.JPEG	8	3	42	53
n03584254_220.JPEG	6	2	54	63
n03584254_187.JPEG	14	6	51	63
n03584254_125.JPEG	24	19	38	55
n03584254_136.JPEG	35	1	63	63
n03584254_147.JPEG	25	9	59	26
n03584254_378.JPEG	27	34	61	53
n03584254_413.JPEG	50	3	63	62
n03584254_132.JPEG	6	11	53	63
n03584254_273.JPEG	0	19	48	51
n03584254_313.JPEG	12	4	63	63
n03584254_1.JPEG	17	0	58	60
n03584254_439.JPEG	37	21	63	59
n03584254_482.JPEG	16	2	63	58
n03584254_225.JPEG	5	10	59	48
n03584254_144.JPEG	0	16	41	63
n03584254_409.JPEG	30	9	58	40
n03584254_402.JPEG	13	6	51	61
n03584254_10.JPEG	36	26	63	57
n03584254_47.JPEG	1	3	62	62
n03584254_361.JPEG	2	0	62	63
n03584254_467.JPEG	0	1	63	63
n03584254_463.JPEG	0	23	42	63
n03584254_399.JPEG	24	18	42	61
n03584254_111.JPEG	0	16	43	61
n03584254_380.JPEG	35	0	63	56
n03584254_162.JPEG	8	10	38	55
n03584254_474.JPEG	35	3	38	11
n03584254_104.JPEG	12	8	42	47
n03584254_420.JPEG	1	1	63	63
n03584254_169.JPEG	0	11	63	51
n03584254_485.JPEG	33	43	59	61
n03584254_244.JPEG	17	33	33	54
n03584254_160.JPEG	7	0	38	46
n03584254_195.JPEG	10	39	50	54
n03584254_356.JPEG	15	7	38	28
n03584254_176.JPEG	30	21	43	44
n03584254_24.JPEG	11	0	54	61
n03584254_97.JPEG	18	6	62	63
n03584254_408.JPEG	34	33	53	63
n03584254_12.JPEG	1	0	59	63
n03584254_465.JPEG	15	4	59	61
n03584254_80.JPEG	0	4	34	58
n03584254_213.JPEG	0	2	63	62
n03584254_359.JPEG	0	3	63	62
n03584254_344.JPEG	0	24	63	39
n03584254_468.JPEG	27	7	47	53
n03584254_350.JPEG	0	1	63	63
n03584254_406.JPEG	0	4	63	63
n03584254_37.JPEG	8	10	50	63
n03584254_11.JPEG	3	6	62	61
n03584254_165.JPEG	44	34	63	48
n03584254_321.JPEG	47	15	63	42
n03584254_370.JPEG	29	6	63	58
n03584254_481.JPEG	9	6	50	63
n03584254_349.JPEG	0	0	63	63
n03584254_43.JPEG	0	6	63	62
n03584254_440.JPEG	0	4	45	63
n03584254_301.JPEG	0	7	63	58
n03584254_331.JPEG	30	16	57	58
n03584254_42.JPEG	8	13	60	58
n03584254_251.JPEG	17	7	49	63
n03584254_282.JPEG	18	0	44	45
n03584254_302.JPEG	31	26	63	38
n03584254_35.JPEG	0	1	63	62
n03584254_243.JPEG	19	0	40	36
n03584254_190.JPEG	9	7	34	48
n03584254_299.JPEG	1	4	63	63
n03584254_94.JPEG	8	6	59	43
n03584254_170.JPEG	19	0	51	62
n03584254_167.JPEG	14	3	63	57
n03584254_255.JPEG	0	6	63	59
n03584254_179.JPEG	21	20	43	51
n03584254_309.JPEG	0	21	23	46
n03584254_345.JPEG	20	0	51	63
n03584254_340.JPEG	17	6	53	62
n03584254_205.JPEG	37	30	44	36
n03584254_96.JPEG	4	0	59	63
n03584254_347.JPEG	0	3	63	63
n03584254_428.JPEG	13	1	53	63
n03584254_391.JPEG	0	4	0	61
n03584254_83.JPEG	17	8	48	60
n03584254_310.JPEG	11	4	53	63
n03584254_317.JPEG	0	17	63	55
n03584254_429.JPEG	0	10	45	52
n03584254_285.JPEG	6	0	57	63
n03584254_173.JPEG	1	18	63	63
n03584254_67.JPEG	8	0	49	63
n03584254_471.JPEG	0	11	63	63
n03584254_367.JPEG	15	8	50	59
n03584254_158.JPEG	14	1	47	63
n03584254_4.JPEG	8	14	63	52
n03584254_22.JPEG	15	2	63	34
n03584254_330.JPEG	0	16	63	46
n03584254_393.JPEG	23	17	43	50
n03584254_316.JPEG	17	24	48	51
n03584254_154.JPEG	18	9	46	56
n03584254_449.JPEG	5	24	57	56
n03584254_296.JPEG	17	14	57	61
n03584254_312.JPEG	10	17	51	49
n03584254_257.JPEG	0	1	63	63
n03584254_28.JPEG	44	29	63	60
n03584254_343.JPEG	1	10	63	63
n03584254_495.JPEG	30	9	45	32
n03584254_101.JPEG	14	0	48	58
n03584254_108.JPEG	16	31	27	49
n03584254_278.JPEG	4	21	47	52
n03584254_272.JPEG	14	4	52	63
n03584254_371.JPEG	17	1	41	49
n03584254_241.JPEG	16	0	47	60
n03584254_207.JPEG	7	12	58	50
n03584254_259.JPEG	0	0	63	63
n03584254_498.JPEG	0	14	38	33
n03584254_435.JPEG	4	40	50	63
n03584254_78.JPEG	5	5	55	31
n03584254_457.JPEG	23	14	41	55
n03584254_18.JPEG	0	0	63	46
n03584254_421.JPEG	30	11	45	34
n03584254_127.JPEG	5	28	59	63
n03584254_203.JPEG	0	4	63	62
n03584254_129.JPEG	14	0	51	63
n03584254_91.JPEG	28	12	52	44
n03584254_143.JPEG	32	9	50	63
n03584254_21.JPEG	5	0	61	63
n03584254_486.JPEG	5	2	63	63
n03584254_415.JPEG	30	22	54	63
n03584254_41.JPEG	7	0	58	63
n03584254_230.JPEG	0	18	63	62
n03584254_168.JPEG	14	0	36	62
n03584254_238.JPEG	1	0	63	63
n03584254_46.JPEG	35	38	56	53
n03584254_398.JPEG	21	20	47	63
n03584254_479.JPEG	22	12	42	56
n03584254_401.JPEG	0	9	63	63
n03584254_374.JPEG	12	0	50	58
n03584254_248.JPEG	7	0	55	63
n03584254_462.JPEG	0	23	29	63
n03584254_20.JPEG	14	0	51	63
n03584254_100.JPEG	32	47	63	63
n03584254_234.JPEG	0	3	45	63
n03584254_36.JPEG	22	29	43	63
n03584254_379.JPEG	4	43	28	60
n03584254_197.JPEG	0	5	63	63
n03584254_489.JPEG	2	0	45	34
n03584254_137.JPEG	38	15	63	63
n03584254_314.JPEG	0	9	63	63
n03584254_325.JPEG	25	6	63	53
n03584254_358.JPEG	12	13	63	51
n03584254_174.JPEG	36	36	59	63
n03584254_149.JPEG	2	5	63	53
n03584254_405.JPEG	38	3	63	51
n03584254_372.JPEG	0	7	59	35
n03584254_484.JPEG	47	40	61	55
n03584254_79.JPEG	13	10	43	62
n03584254_376.JPEG	0	5	15	38
n03584254_27.JPEG	18	1	50	58
n03584254_141.JPEG	4	20	52	47
n03584254_138.JPEG	0	5	63	63
n03584254_258.JPEG	0	21	31	54
n03584254_33.JPEG	7	9	62	59
n03584254_368.JPEG	40	13	50	32
n03584254_362.JPEG	0	0	63	63
n03584254_348.JPEG	0	3	63	63
n03584254_472.JPEG	0	15	63	46
n03584254_218.JPEG	25	11	56	59
n03584254_290.JPEG	0	38	19	55
n03584254_433.JPEG	0	21	30	57
n03584254_119.JPEG	36	28	50	52
n03584254_388.JPEG	29	24	63	48
n03584254_305.JPEG	53	1	63	63
n03584254_346.JPEG	7	0	57	63
n03584254_237.JPEG	0	1	63	62
n03584254_396.JPEG	26	16	46	40
n03584254_63.JPEG	7	0	60	63
n03584254_30.JPEG	0	27	20	56
n03584254_339.JPEG	4	16	63	63
n03584254_233.JPEG	33	2	59	29
n03584254_235.JPEG	0	0	54	57
n03584254_166.JPEG	0	0	63	63
n03584254_407.JPEG	20	24	43	41
n03584254_121.JPEG	0	7	63	48
n03584254_480.JPEG	0	12	63	56
val_7113.JPEG	11	0	49	62
val_44.JPEG	0	12	63	62
val_9055.JPEG	13	0	55	37
val_5177.JPEG	2	10	60	59
val_9563.JPEG	0	1	63	63
val_8828.JPEG	11	0	49	61
val_5190.JPEG	24	6	56	49
val_3025.JPEG	16	3	63	63
val_3296.JPEG	26	20	47	56
val_3936.JPEG	15	20	63	58
val_597.JPEG	12	8	48	43
val_4895.JPEG	39	21	59	46
val_9813.JPEG	11	0	53	59
val_6477.JPEG	17	11	27	18
val_1476.JPEG	12	0	54	63
val_6111.JPEG	2	0	62	63
val_374.JPEG	0	0	63	63
val_9971.JPEG	9	12	52	63
val_9053.JPEG	12	9	40	63
val_909.JPEG	12	1	49	59
val_8607.JPEG	16	8	58	53
val_3983.JPEG	17	32	42	63
val_4172.JPEG	38	8	63	55
val_5652.JPEG	33	10	54	53
val_6160.JPEG	0	0	63	58
val_8556.JPEG	42	35	62	63
val_4686.JPEG	6	5	56	53
val_8832.JPEG	17	5	46	51
val_9364.JPEG	15	10	55	54
val_8683.JPEG	5	15	55	61
val_8316.JPEG	33	44	56	56
val_9631.JPEG	8	21	55	63
val_7468.JPEG	17	17	52	37
val_3323.JPEG	0	6	54	63
val_7729.JPEG	11	21	34	39
