n03179701_410.JPEG	0	28	63	63
n03179701_208.JPEG	0	10	63	63
n03179701_153.JPEG	9	48	63	63
n03179701_288.JPEG	0	29	63	63
n03179701_354.JPEG	0	19	63	63
n03179701_388.JPEG	0	2	63	63
n03179701_33.JPEG	0	16	63	63
n03179701_135.JPEG	0	37	63	63
n03179701_92.JPEG	0	27	56	63
n03179701_372.JPEG	0	38	63	63
n03179701_50.JPEG	0	39	63	63
n03179701_164.JPEG	0	32	63	63
n03179701_66.JPEG	19	14	48	63
n03179701_265.JPEG	0	22	36	59
n03179701_170.JPEG	0	0	63	63
n03179701_313.JPEG	0	27	63	63
n03179701_448.JPEG	6	43	63	63
n03179701_321.JPEG	29	34	63	63
n03179701_356.JPEG	0	35	63	63
n03179701_360.JPEG	14	9	56	63
n03179701_324.JPEG	0	26	63	61
n03179701_94.JPEG	16	37	63	63
n03179701_216.JPEG	0	23	63	63
n03179701_312.JPEG	0	35	63	63
n03179701_109.JPEG	0	45	63	63
n03179701_453.JPEG	9	6	63	54
n03179701_43.JPEG	0	17	63	62
n03179701_150.JPEG	0	25	63	59
n03179701_497.JPEG	3	41	63	63
n03179701_24.JPEG	0	9	63	63
n03179701_29.JPEG	3	14	59	56
n03179701_349.JPEG	0	29	60	62
n03179701_420.JPEG	10	43	48	63
n03179701_494.JPEG	0	34	63	63
n03179701_35.JPEG	7	15	63	56
n03179701_466.JPEG	0	40	63	63
n03179701_98.JPEG	0	21	63	63
n03179701_350.JPEG	0	36	63	63
n03179701_273.JPEG	0	0	63	63
n03179701_278.JPEG	1	34	63	63
n03179701_293.JPEG	0	38	63	63
n03179701_115.JPEG	18	22	63	63
n03179701_160.JPEG	0	24	61	60
n03179701_136.JPEG	0	25	63	63
n03179701_70.JPEG	0	19	63	63
n03179701_18.JPEG	0	43	63	63
n03179701_137.JPEG	0	33	63	63
n03179701_13.JPEG	0	19	63	63
n03179701_329.JPEG	1	23	63	63
n03179701_301.JPEG	0	34	36	55
n03179701_294.JPEG	3	39	63	63
n03179701_76.JPEG	0	50	63	63
n03179701_81.JPEG	0	24	63	63
n03179701_457.JPEG	0	35	61	63
n03179701_155.JPEG	0	20	58	63
n03179701_30.JPEG	3	27	63	63
n03179701_446.JPEG	0	13	63	63
n03179701_459.JPEG	0	5	55	31
n03179701_257.JPEG	0	22	63	63
n03179701_248.JPEG	0	26	63	63
n03179701_226.JPEG	0	15	63	63
n03179701_300.JPEG	0	19	63	53
n03179701_74.JPEG	0	8	63	41
n03179701_194.JPEG	4	28	55	63
n03179701_232.JPEG	0	43	63	63
n03179701_268.JPEG	0	0	63	63
n03179701_263.JPEG	0	5	63	57
n03179701_120.JPEG	0	27	63	63
n03179701_392.JPEG	0	21	63	61
n03179701_403.JPEG	0	39	63	63
n03179701_348.JPEG	0	45	63	63
n03179701_126.JPEG	2	12	63	52
n03179701_247.JPEG	33	35	63	63
n03179701_327.JPEG	0	39	63	63
n03179701_436.JPEG	0	38	63	63
n03179701_57.JPEG	24	10	63	63
n03179701_389.JPEG	0	10	63	52
n03179701_185.JPEG	0	39	63	63
n03179701_209.JPEG	0	49	63	59
n03179701_286.JPEG	0	31	63	63
n03179701_490.JPEG	0	25	63	63
n03179701_443.JPEG	0	33	63	63
n03179701_291.JPEG	0	20	63	63
n03179701_249.JPEG	23	36	47	62
n03179701_114.JPEG	0	18	54	63
n03179701_17.JPEG	2	47	63	63
n03179701_432.JPEG	12	23	63	61
n03179701_228.JPEG	0	33	63	63
n03179701_11.JPEG	0	27	63	63
n03179701_112.JPEG	0	13	63	63
n03179701_377.JPEG	0	20	63	63
n03179701_259.JPEG	0	38	63	63
n03179701_123.JPEG	0	17	62	56
n03179701_107.JPEG	0	15	45	48
n03179701_370.JPEG	8	20	42	55
n03179701_199.JPEG	0	40	63	57
n03179701_345.JPEG	0	33	57	63
n03179701_44.JPEG	5	7	59	40
n03179701_237.JPEG	0	6	63	21
n03179701_362.JPEG	12	31	52	63
n03179701_97.JPEG	0	24	63	62
n03179701_48.JPEG	18	28	63	63
n03179701_496.JPEG	0	29	63	63
n03179701_385.JPEG	3	20	63	63
n03179701_305.JPEG	0	6	63	63
n03179701_254.JPEG	0	8	63	59
n03179701_395.JPEG	7	47	63	63
n03179701_37.JPEG	0	46	63	63
n03179701_250.JPEG	0	29	63	63
n03179701_488.JPEG	0	24	63	63
n03179701_119.JPEG	0	17	63	49
n03179701_430.JPEG	0	31	63	63
n03179701_134.JPEG	0	12	63	63
n03179701_267.JPEG	1	31	58	63
n03179701_412.JPEG	0	43	63	63
n03179701_314.JPEG	0	31	62	63
n03179701_192.JPEG	6	13	63	58
n03179701_418.JPEG	0	17	57	50
n03179701_475.JPEG	3	15	63	57
n03179701_387.JPEG	0	34	63	56
n03179701_342.JPEG	0	1	63	63
n03179701_467.JPEG	0	34	32	63
n03179701_414.JPEG	0	11	63	63
n03179701_280.JPEG	14	30	54	63
n03179701_307.JPEG	0	28	63	63
n03179701_229.JPEG	10	33	63	59
n03179701_402.JPEG	0	25	62	63
n03179701_68.JPEG	12	29	63	59
n03179701_225.JPEG	0	30	63	63
n03179701_304.JPEG	1	14	63	53
n03179701_200.JPEG	17	23	63	63
n03179701_75.JPEG	21	32	48	57
n03179701_110.JPEG	61	40	63	52
n03179701_163.JPEG	0	7	63	59
n03179701_230.JPEG	0	28	63	63
n03179701_58.JPEG	0	46	63	63
n03179701_492.JPEG	0	19	63	63
n03179701_31.JPEG	0	27	63	63
n03179701_108.JPEG	0	29	63	63
n03179701_157.JPEG	0	9	63	63
n03179701_182.JPEG	0	30	63	63
n03179701_167.JPEG	0	35	63	63
n03179701_243.JPEG	15	36	63	63
n03179701_470.JPEG	16	27	58	63
n03179701_458.JPEG	0	1	63	63
n03179701_141.JPEG	0	53	63	63
n03179701_175.JPEG	0	5	63	63
n03179701_424.JPEG	14	6	63	63
n03179701_284.JPEG	0	12	63	52
n03179701_266.JPEG	0	26	63	63
n03179701_499.JPEG	0	35	63	63
n03179701_181.JPEG	0	35	63	63
n03179701_264.JPEG	0	28	63	63
n03179701_62.JPEG	0	39	63	63
n03179701_99.JPEG	0	11	40	36
n03179701_236.JPEG	0	42	63	63
n03179701_440.JPEG	24	30	43	49
n03179701_144.JPEG	20	22	61	57
n03179701_368.JPEG	0	17	63	61
n03179701_465.JPEG	19	18	48	53
n03179701_341.JPEG	4	30	41	49
n03179701_39.JPEG	0	19	40	56
n03179701_186.JPEG	0	40	63	63
n03179701_463.JPEG	34	13	63	54
n03179701_378.JPEG	15	29	63	45
n03179701_235.JPEG	20	20	63	63
n03179701_210.JPEG	0	54	63	63
n03179701_130.JPEG	9	35	51	63
n03179701_117.JPEG	0	8	63	63
n03179701_154.JPEG	0	49	63	63
n03179701_26.JPEG	0	34	63	63
n03179701_260.JPEG	0	31	62	60
n03179701_316.JPEG	0	25	63	63
n03179701_142.JPEG	26	32	63	63
n03179701_270.JPEG	0	43	63	63
n03179701_441.JPEG	0	44	63	63
n03179701_330.JPEG	3	15	56	37
n03179701_41.JPEG	29	34	63	59
n03179701_338.JPEG	0	34	63	63
n03179701_202.JPEG	0	5	63	59
n03179701_90.JPEG	2	26	63	63
n03179701_336.JPEG	2	27	60	63
n03179701_54.JPEG	0	28	63	63
n03179701_447.JPEG	0	26	63	63
n03179701_442.JPEG	0	37	63	63
n03179701_180.JPEG	0	42	63	63
n03179701_297.JPEG	0	31	47	63
n03179701_27.JPEG	0	1	63	63
n03179701_471.JPEG	19	23	63	63
n03179701_84.JPEG	1	49	63	63
n03179701_306.JPEG	11	28	61	55
n03179701_366.JPEG	0	15	63	63
n03179701_238.JPEG	0	43	63	63
n03179701_276.JPEG	14	43	63	63
n03179701_477.JPEG	0	40	63	63
n03179701_419.JPEG	0	33	63	63
n03179701_383.JPEG	15	24	50	61
n03179701_89.JPEG	0	3	63	63
n03179701_10.JPEG	0	26	63	63
n03179701_386.JPEG	0	44	63	63
n03179701_59.JPEG	0	19	63	63
n03179701_198.JPEG	0	14	63	63
n03179701_325.JPEG	0	27	63	63
n03179701_340.JPEG	0	16	63	63
n03179701_36.JPEG	4	8	63	62
n03179701_261.JPEG	0	9	63	61
n03179701_331.JPEG	0	0	63	63
n03179701_215.JPEG	0	27	63	63
n03179701_184.JPEG	0	30	63	63
n03179701_127.JPEG	0	26	63	61
n03179701_322.JPEG	0	19	63	58
n03179701_339.JPEG	22	43	63	63
n03179701_319.JPEG	0	6	63	53
n03179701_421.JPEG	1	1	62	63
n03179701_455.JPEG	0	18	63	63
n03179701_308.JPEG	0	7	63	53
n03179701_152.JPEG	12	24	53	53
n03179701_373.JPEG	0	23	45	62
n03179701_435.JPEG	0	8	63	16
n03179701_6.JPEG	1	17	47	50
n03179701_116.JPEG	1	13	62	55
n03179701_14.JPEG	0	23	63	63
n03179701_205.JPEG	7	32	63	58
n03179701_42.JPEG	28	30	63	63
n03179701_454.JPEG	0	0	63	63
n03179701_407.JPEG	0	39	63	63
n03179701_168.JPEG	0	59	63	63
n03179701_245.JPEG	0	26	63	59
n03179701_449.JPEG	0	46	63	63
n03179701_28.JPEG	0	39	63	63
n03179701_431.JPEG	0	31	61	60
n03179701_165.JPEG	24	35	63	60
n03179701_46.JPEG	0	16	63	63
n03179701_204.JPEG	0	22	63	54
n03179701_21.JPEG	0	37	60	63
n03179701_203.JPEG	0	31	63	45
n03179701_334.JPEG	0	20	63	63
n03179701_364.JPEG	0	37	63	63
n03179701_361.JPEG	20	31	36	58
n03179701_460.JPEG	0	5	63	60
n03179701_295.JPEG	6	32	49	63
n03179701_476.JPEG	6	12	57	63
n03179701_147.JPEG	0	28	63	63
n03179701_482.JPEG	21	35	54	63
n03179701_79.JPEG	0	30	63	63
n03179701_93.JPEG	0	38	41	61
n03179701_416.JPEG	0	1	63	56
n03179701_128.JPEG	5	35	60	63
n03179701_404.JPEG	0	20	63	62
n03179701_151.JPEG	0	33	63	63
n03179701_234.JPEG	0	36	63	56
n03179701_461.JPEG	0	1	63	63
n03179701_484.JPEG	0	30	63	63
n03179701_15.JPEG	0	10	63	63
n03179701_363.JPEG	0	7	39	63
n03179701_95.JPEG	0	42	63	63
n03179701_493.JPEG	13	35	58	63
n03179701_474.JPEG	6	13	63	63
n03179701_382.JPEG	0	39	63	63
n03179701_486.JPEG	0	12	63	63
n03179701_53.JPEG	15	26	60	41
n03179701_88.JPEG	0	17	63	63
n03179701_242.JPEG	0	15	63	63
n03179701_406.JPEG	0	27	63	63
n03179701_397.JPEG	4	27	60	57
n03179701_434.JPEG	5	28	63	63
n03179701_439.JPEG	0	45	63	63
n03179701_309.JPEG	0	18	63	63
n03179701_374.JPEG	10	33	55	61
n03179701_178.JPEG	0	38	44	59
n03179701_411.JPEG	0	33	63	63
n03179701_498.JPEG	6	32	62	58
n03179701_353.JPEG	3	27	63	63
n03179701_429.JPEG	0	42	63	63
n03179701_283.JPEG	0	30	63	63
n03179701_101.JPEG	0	28	63	63
n03179701_102.JPEG	0	49	63	63
n03179701_220.JPEG	0	23	63	63
n03179701_487.JPEG	2	12	61	26
n03179701_337.JPEG	0	26	63	63
n03179701_8.JPEG	0	21	63	63
n03179701_298.JPEG	0	17	63	63
n03179701_197.JPEG	4	37	63	63
n03179701_452.JPEG	19	30	56	50
n03179701_258.JPEG	0	18	63	63
n03179701_365.JPEG	0	48	63	63
n03179701_143.JPEG	0	42	63	63
n03179701_290.JPEG	0	28	63	63
n03179701_282.JPEG	0	30	46	62
n03179701_433.JPEG	1	21	63	63
n03179701_371.JPEG	0	16	54	63
n03179701_326.JPEG	0	16	63	63
n03179701_140.JPEG	3	27	59	61
n03179701_118.JPEG	0	22	63	63
n03179701_213.JPEG	0	17	63	63
n03179701_479.JPEG	0	49	63	63
n03179701_347.JPEG	0	19	63	63
n03179701_189.JPEG	1	20	63	63
n03179701_423.JPEG	0	49	63	63
n03179701_376.JPEG	0	27	63	63
n03179701_64.JPEG	0	31	63	63
n03179701_224.JPEG	10	26	63	63
n03179701_49.JPEG	1	0	61	63
n03179701_190.JPEG	0	34	17	60
n03179701_72.JPEG	0	10	63	63
n03179701_113.JPEG	0	4	63	63
n03179701_450.JPEG	0	21	63	63
n03179701_287.JPEG	0	38	63	63
n03179701_222.JPEG	0	31	63	62
n03179701_96.JPEG	0	29	63	63
n03179701_103.JPEG	0	36	63	63
n03179701_125.JPEG	0	4	63	63
n03179701_256.JPEG	0	23	63	63
n03179701_223.JPEG	0	27	61	62
n03179701_122.JPEG	0	2	63	63
n03179701_183.JPEG	0	4	63	63
n03179701_425.JPEG	0	49	63	63
n03179701_20.JPEG	0	4	63	32
n03179701_296.JPEG	0	45	63	63
n03179701_221.JPEG	0	50	63	63
n03179701_173.JPEG	0	29	63	63
n03179701_481.JPEG	1	0	63	63
n03179701_408.JPEG	7	32	59	63
n03179701_472.JPEG	3	14	63	61
n03179701_310.JPEG	35	31	63	59
n03179701_219.JPEG	0	35	63	63
n03179701_428.JPEG	4	17	20	33
n03179701_196.JPEG	23	27	63	63
n03179701_45.JPEG	2	0	60	63
n03179701_138.JPEG	0	36	63	52
n03179701_352.JPEG	0	19	63	59
n03179701_78.JPEG	0	9	63	63
n03179701_217.JPEG	0	3	63	55
n03179701_391.JPEG	13	31	49	36
n03179701_469.JPEG	0	43	63	63
n03179701_105.JPEG	30	33	63	61
n03179701_187.JPEG	0	16	63	62
n03179701_344.JPEG	0	41	63	63
n03179701_12.JPEG	0	19	63	63
n03179701_80.JPEG	0	25	63	63
n03179701_132.JPEG	0	31	63	63
n03179701_438.JPEG	3	42	63	63
n03179701_251.JPEG	0	41	63	63
n03179701_51.JPEG	5	10	60	63
n03179701_468.JPEG	0	42	63	63
n03179701_271.JPEG	0	15	63	63
n03179701_0.JPEG	2	33	57	63
n03179701_63.JPEG	0	36	63	63
n03179701_311.JPEG	0	25	61	63
n03179701_104.JPEG	0	34	63	63
val_6195.JPEG	2	16	63	59
val_5214.JPEG	0	6	63	63
val_5025.JPEG	0	19	53	63
val_5614.JPEG	0	31	63	63
val_311.JPEG	0	22	63	63
val_1028.JPEG	2	9	63	63
val_412.JPEG	0	36	63	63
val_6138.JPEG	0	21	63	63
val_6181.JPEG	0	13	63	63
val_328.JPEG	0	44	63	63
val_3472.JPEG	0	2	63	63
val_5733.JPEG	0	22	63	63
val_8258.JPEG	0	40	63	63
val_6701.JPEG	0	16	63	63
val_1170.JPEG	0	36	63	63
val_681.JPEG	0	2	63	61
val_3614.JPEG	1	17	63	63
val_307.JPEG	0	7	63	63
val_6280.JPEG	0	35	40	60
val_5698.JPEG	6	28	63	63
val_8940.JPEG	0	33	63	63
val_5888.JPEG	0	18	63	63
val_3389.JPEG	0	41	63	63
val_2256.JPEG	0	0	63	63
val_3687.JPEG	0	7	63	55
val_5293.JPEG	0	38	51	63
val_9349.JPEG	3	16	63	63
val_1919.JPEG	0	21	59	63
val_1893.JPEG	0	38	63	62
val_610.JPEG	0	19	63	63
val_8649.JPEG	17	23	63	60
val_3413.JPEG	17	31	52	63
val_8295.JPEG	0	33	60	62
val_4446.JPEG	0	41	63	63
val_6311.JPEG	0	12	63	63
