n01944390_234.JPEG	1	1	63	59
n01944390_405.JPEG	12	9	58	50
n01944390_387.JPEG	0	10	63	57
n01944390_444.JPEG	14	2	61	57
n01944390_164.JPEG	0	12	63	48
n01944390_26.JPEG	0	4	55	46
n01944390_170.JPEG	0	19	63	54
n01944390_242.JPEG	6	0	57	63
n01944390_88.JPEG	10	42	22	54
n01944390_310.JPEG	8	6	42	63
n01944390_188.JPEG	0	7	63	51
n01944390_197.JPEG	19	23	35	34
n01944390_324.JPEG	0	6	63	48
n01944390_2.JPEG	0	15	59	62
n01944390_86.JPEG	6	12	54	42
n01944390_419.JPEG	24	8	59	63
n01944390_215.JPEG	8	6	46	28
n01944390_355.JPEG	17	22	43	46
n01944390_409.JPEG	3	24	46	54
n01944390_253.JPEG	0	9	63	53
n01944390_345.JPEG	19	6	58	63
n01944390_117.JPEG	1	19	59	47
n01944390_456.JPEG	0	12	34	60
n01944390_78.JPEG	0	8	63	63
n01944390_417.JPEG	0	0	46	55
n01944390_129.JPEG	17	27	45	45
n01944390_340.JPEG	21	27	41	61
n01944390_213.JPEG	0	13	63	40
n01944390_39.JPEG	7	5	53	53
n01944390_72.JPEG	12	22	55	46
n01944390_52.JPEG	22	34	44	58
n01944390_398.JPEG	21	18	44	43
n01944390_193.JPEG	0	15	63	59
n01944390_124.JPEG	7	16	56	45
n01944390_226.JPEG	25	2	45	41
n01944390_91.JPEG	14	12	59	57
n01944390_123.JPEG	0	22	47	44
n01944390_59.JPEG	13	6	52	58
n01944390_96.JPEG	13	14	63	50
n01944390_294.JPEG	12	14	63	45
n01944390_451.JPEG	0	1	63	62
n01944390_266.JPEG	0	9	63	61
n01944390_430.JPEG	18	10	61	47
n01944390_185.JPEG	6	12	53	32
n01944390_41.JPEG	23	3	50	35
n01944390_468.JPEG	0	11	63	53
n01944390_217.JPEG	14	15	51	44
n01944390_228.JPEG	0	3	63	62
n01944390_489.JPEG	0	10	63	39
n01944390_286.JPEG	7	12	33	62
n01944390_60.JPEG	11	12	48	59
n01944390_190.JPEG	22	20	46	48
n01944390_189.JPEG	23	6	63	50
n01944390_55.JPEG	16	12	47	56
n01944390_133.JPEG	0	5	63	57
n01944390_53.JPEG	0	14	63	44
n01944390_30.JPEG	0	6	63	59
n01944390_487.JPEG	0	10	63	60
n01944390_32.JPEG	21	23	56	45
n01944390_334.JPEG	0	21	63	59
n01944390_101.JPEG	0	7	63	56
n01944390_330.JPEG	8	12	63	45
n01944390_278.JPEG	23	13	63	40
n01944390_47.JPEG	0	5	63	54
n01944390_315.JPEG	28	28	40	38
n01944390_241.JPEG	1	7	57	59
n01944390_494.JPEG	6	7	55	54
n01944390_43.JPEG	0	4	63	60
n01944390_54.JPEG	50	31	63	61
n01944390_483.JPEG	0	20	29	52
n01944390_261.JPEG	4	9	63	47
n01944390_22.JPEG	11	26	40	48
n01944390_183.JPEG	11	21	44	51
n01944390_74.JPEG	19	24	41	44
n01944390_184.JPEG	0	10	12	49
n01944390_303.JPEG	16	22	53	42
n01944390_400.JPEG	24	14	58	43
n01944390_81.JPEG	0	12	63	37
n01944390_323.JPEG	15	20	63	48
n01944390_6.JPEG	0	3	63	46
n01944390_349.JPEG	14	0	51	63
n01944390_424.JPEG	13	17	41	36
n01944390_448.JPEG	0	4	63	58
n01944390_174.JPEG	7	25	56	63
n01944390_108.JPEG	0	10	61	47
n01944390_95.JPEG	0	6	63	51
n01944390_224.JPEG	5	5	60	61
n01944390_433.JPEG	9	32	36	59
n01944390_288.JPEG	11	20	63	55
n01944390_191.JPEG	9	18	50	60
n01944390_309.JPEG	27	13	54	42
n01944390_221.JPEG	5	11	57	48
n01944390_118.JPEG	3	21	63	44
n01944390_412.JPEG	26	23	42	40
n01944390_363.JPEG	10	17	40	49
n01944390_110.JPEG	2	7	63	56
n01944390_244.JPEG	12	9	60	56
n01944390_379.JPEG	0	21	63	57
n01944390_357.JPEG	0	17	63	53
n01944390_390.JPEG	5	9	49	51
n01944390_182.JPEG	0	16	33	54
n01944390_258.JPEG	1	27	24	44
n01944390_150.JPEG	18	5	63	51
n01944390_207.JPEG	10	13	55	46
n01944390_249.JPEG	0	7	63	58
n01944390_12.JPEG	4	36	20	63
n01944390_289.JPEG	7	8	63	50
n01944390_137.JPEG	19	14	54	52
n01944390_389.JPEG	14	11	56	42
n01944390_135.JPEG	3	9	63	63
n01944390_457.JPEG	19	18	60	55
n01944390_441.JPEG	0	7	63	56
n01944390_491.JPEG	15	18	52	56
n01944390_171.JPEG	3	0	53	63
n01944390_251.JPEG	16	6	41	45
n01944390_203.JPEG	13	10	48	46
n01944390_365.JPEG	0	5	63	54
n01944390_372.JPEG	0	12	63	51
n01944390_300.JPEG	10	12	59	38
n01944390_159.JPEG	0	14	63	52
n01944390_247.JPEG	9	5	46	43
n01944390_111.JPEG	0	4	63	49
n01944390_245.JPEG	25	4	49	36
n01944390_212.JPEG	8	23	48	44
n01944390_49.JPEG	11	3	61	54
n01944390_21.JPEG	0	3	63	58
n01944390_97.JPEG	17	29	51	54
n01944390_19.JPEG	0	37	18	51
n01944390_155.JPEG	30	27	63	45
n01944390_232.JPEG	5	2	58	62
n01944390_497.JPEG	34	22	63	47
n01944390_126.JPEG	2	0	63	63
n01944390_307.JPEG	19	23	42	43
n01944390_304.JPEG	4	13	62	45
n01944390_459.JPEG	0	2	63	61
n01944390_161.JPEG	23	14	49	43
n01944390_353.JPEG	0	21	63	52
n01944390_436.JPEG	0	24	63	46
n01944390_311.JPEG	0	8	63	53
n01944390_265.JPEG	0	20	59	54
n01944390_237.JPEG	9	15	37	47
n01944390_29.JPEG	13	15	55	44
n01944390_23.JPEG	0	11	49	48
n01944390_142.JPEG	19	14	59	56
n01944390_63.JPEG	20	23	41	37
n01944390_463.JPEG	0	22	63	55
n01944390_180.JPEG	0	6	63	58
n01944390_104.JPEG	14	17	52	48
n01944390_163.JPEG	0	0	63	36
n01944390_157.JPEG	0	8	63	57
n01944390_301.JPEG	11	9	63	59
n01944390_422.JPEG	2	1	60	50
n01944390_488.JPEG	0	8	63	47
n01944390_71.JPEG	26	26	38	38
n01944390_109.JPEG	0	2	63	60
n01944390_414.JPEG	11	16	52	49
n01944390_486.JPEG	13	19	33	43
n01944390_493.JPEG	5	16	53	46
n01944390_328.JPEG	17	0	59	46
n01944390_192.JPEG	6	9	63	59
n01944390_1.JPEG	0	11	63	54
n01944390_210.JPEG	7	7	56	59
n01944390_295.JPEG	18	15	62	50
n01944390_152.JPEG	0	13	63	39
n01944390_495.JPEG	18	20	60	56
n01944390_437.JPEG	20	25	44	47
n01944390_408.JPEG	20	18	40	40
n01944390_418.JPEG	18	38	39	52
n01944390_280.JPEG	22	1	50	53
n01944390_364.JPEG	0	10	52	55
n01944390_356.JPEG	28	10	55	54
n01944390_474.JPEG	0	25	34	50
n01944390_122.JPEG	7	11	49	27
n01944390_206.JPEG	50	35	59	47
n01944390_167.JPEG	36	23	53	39
n01944390_85.JPEG	17	4	60	52
n01944390_254.JPEG	9	20	38	44
n01944390_438.JPEG	46	10	63	44
n01944390_269.JPEG	7	30	50	57
n01944390_393.JPEG	0	3	44	57
n01944390_144.JPEG	39	8	63	40
n01944390_125.JPEG	1	1	63	63
n01944390_440.JPEG	9	16	29	47
n01944390_166.JPEG	12	9	47	45
n01944390_138.JPEG	0	15	50	40
n01944390_498.JPEG	29	28	40	37
n01944390_131.JPEG	12	8	60	52
n01944390_13.JPEG	0	3	63	60
n01944390_341.JPEG	2	15	59	42
n01944390_93.JPEG	17	19	50	49
n01944390_453.JPEG	0	4	63	60
n01944390_446.JPEG	2	18	18	41
n01944390_204.JPEG	6	13	63	49
n01944390_243.JPEG	0	4	63	46
n01944390_3.JPEG	16	15	39	51
n01944390_462.JPEG	3	0	52	47
n01944390_326.JPEG	19	22	52	43
n01944390_316.JPEG	0	9	63	49
n01944390_391.JPEG	11	12	55	53
n01944390_8.JPEG	6	9	60	50
n01944390_94.JPEG	28	21	38	32
n01944390_31.JPEG	0	14	63	56
n01944390_15.JPEG	15	0	51	63
n01944390_187.JPEG	0	15	59	53
n01944390_211.JPEG	7	16	54	47
n01944390_485.JPEG	15	20	53	43
n01944390_195.JPEG	12	17	53	49
n01944390_40.JPEG	0	24	34	53
n01944390_378.JPEG	0	18	63	63
n01944390_435.JPEG	0	7	51	60
n01944390_216.JPEG	8	8	54	58
n01944390_99.JPEG	11	19	47	48
n01944390_332.JPEG	0	23	26	55
n01944390_492.JPEG	17	2	63	42
n01944390_134.JPEG	3	5	59	58
n01944390_38.JPEG	0	0	63	53
n01944390_58.JPEG	4	11	63	46
n01944390_128.JPEG	27	26	41	39
n01944390_274.JPEG	25	46	38	54
n01944390_5.JPEG	5	6	63	58
n01944390_140.JPEG	10	16	49	42
n01944390_145.JPEG	14	25	48	43
n01944390_482.JPEG	5	16	63	44
n01944390_248.JPEG	15	12	53	56
n01944390_202.JPEG	0	15	63	55
n01944390_410.JPEG	18	16	37	37
n01944390_169.JPEG	0	8	63	56
n01944390_0.JPEG	25	25	57	40
n01944390_229.JPEG	11	6	57	54
n01944390_371.JPEG	32	22	41	35
n01944390_429.JPEG	14	19	53	35
n01944390_284.JPEG	0	12	63	51
n01944390_338.JPEG	37	31	58	51
n01944390_472.JPEG	1	7	28	50
n01944390_358.JPEG	17	10	62	37
n01944390_285.JPEG	12	12	63	44
n01944390_317.JPEG	0	19	39	49
n01944390_370.JPEG	0	11	63	61
n01944390_198.JPEG	11	20	27	51
n01944390_352.JPEG	14	22	45	40
n01944390_175.JPEG	18	21	46	34
n01944390_464.JPEG	17	15	51	49
n01944390_115.JPEG	10	0	63	63
n01944390_199.JPEG	9	17	63	63
n01944390_376.JPEG	18	26	50	43
n01944390_84.JPEG	1	29	36	42
n01944390_420.JPEG	20	23	39	35
n01944390_385.JPEG	1	21	27	51
n01944390_235.JPEG	7	6	61	48
n01944390_268.JPEG	0	6	63	63
n01944390_384.JPEG	0	8	63	63
n01944390_312.JPEG	8	20	39	55
n01944390_282.JPEG	15	29	45	50
n01944390_48.JPEG	0	7	63	60
n01944390_337.JPEG	10	19	44	43
n01944390_255.JPEG	21	22	41	44
n01944390_298.JPEG	22	5	63	44
n01944390_368.JPEG	2	10	63	63
n01944390_14.JPEG	4	15	28	42
n01944390_146.JPEG	0	20	45	54
n01944390_173.JPEG	63	29	63	35
n01944390_222.JPEG	7	22	53	51
n01944390_107.JPEG	0	6	63	61
n01944390_262.JPEG	33	30	63	49
n01944390_113.JPEG	9	0	54	63
n01944390_35.JPEG	25	16	43	35
n01944390_496.JPEG	0	21	63	61
n01944390_51.JPEG	14	7	63	51
n01944390_499.JPEG	8	0	55	63
n01944390_322.JPEG	1	7	51	47
n01944390_240.JPEG	11	8	49	60
n01944390_50.JPEG	9	5	57	53
n01944390_465.JPEG	18	12	48	53
n01944390_342.JPEG	0	3	63	59
n01944390_130.JPEG	11	15	54	47
n01944390_276.JPEG	27	7	63	57
n01944390_329.JPEG	10	11	60	58
n01944390_336.JPEG	18	21	49	42
n01944390_380.JPEG	0	10	63	59
n01944390_36.JPEG	21	20	44	51
n01944390_361.JPEG	11	18	43	53
n01944390_87.JPEG	1	7	63	60
n01944390_308.JPEG	9	26	63	53
n01944390_220.JPEG	27	23	39	37
n01944390_302.JPEG	0	6	63	60
n01944390_313.JPEG	0	10	63	50
n01944390_403.JPEG	2	18	58	42
n01944390_426.JPEG	36	23	43	31
n01944390_344.JPEG	9	7	63	61
n01944390_33.JPEG	12	3	58	52
n01944390_90.JPEG	34	17	45	28
n01944390_121.JPEG	22	16	62	39
n01944390_348.JPEG	0	22	42	46
n01944390_154.JPEG	26	25	44	38
n01944390_17.JPEG	35	28	51	48
n01944390_158.JPEG	16	18	63	44
n01944390_425.JPEG	0	23	44	55
n01944390_219.JPEG	0	9	63	63
n01944390_401.JPEG	29	12	63	43
n01944390_100.JPEG	20	17	45	46
n01944390_156.JPEG	4	8	62	55
n01944390_196.JPEG	0	5	63	56
n01944390_62.JPEG	9	15	57	49
n01944390_181.JPEG	6	8	63	56
n01944390_11.JPEG	33	14	50	43
n01944390_136.JPEG	21	28	40	48
n01944390_395.JPEG	0	1	63	63
n01944390_92.JPEG	0	10	63	39
n01944390_450.JPEG	0	7	63	55
n01944390_256.JPEG	3	11	52	49
n01944390_46.JPEG	0	5	55	45
n01944390_320.JPEG	7	24	54	42
n01944390_399.JPEG	22	24	37	39
n01944390_149.JPEG	6	10	52	60
n01944390_10.JPEG	0	4	56	55
n01944390_335.JPEG	0	3	63	56
n01944390_67.JPEG	24	25	47	43
n01944390_57.JPEG	0	14	63	58
n01944390_423.JPEG	0	15	63	50
n01944390_252.JPEG	18	13	44	35
n01944390_112.JPEG	19	31	47	49
n01944390_98.JPEG	38	31	56	55
n01944390_179.JPEG	0	26	63	61
n01944390_445.JPEG	0	13	63	53
n01944390_250.JPEG	24	12	50	42
n01944390_208.JPEG	8	15	39	36
n01944390_293.JPEG	0	18	36	52
n01944390_153.JPEG	1	17	43	47
n01944390_73.JPEG	18	12	46	38
n01944390_143.JPEG	0	2	63	63
n01944390_471.JPEG	2	1	63	48
n01944390_428.JPEG	0	21	49	56
n01944390_473.JPEG	3	12	20	45
n01944390_432.JPEG	44	7	63	54
n01944390_65.JPEG	4	0	54	63
n01944390_77.JPEG	17	42	41	63
n01944390_427.JPEG	0	2	63	62
n01944390_264.JPEG	16	22	61	61
n01944390_314.JPEG	9	3	57	60
n01944390_490.JPEG	19	26	53	49
n01944390_106.JPEG	0	1	59	62
n01944390_347.JPEG	0	28	63	60
n01944390_70.JPEG	0	10	63	61
n01944390_362.JPEG	0	2	63	62
n01944390_479.JPEG	4	5	53	41
n01944390_259.JPEG	0	8	63	54
n01944390_287.JPEG	23	11	63	51
n01944390_394.JPEG	13	25	54	45
n01944390_480.JPEG	7	6	58	60
n01944390_177.JPEG	1	8	63	62
val_8358.JPEG	23	26	63	51
val_552.JPEG	0	0	49	63
val_9677.JPEG	44	21	63	54
val_1181.JPEG	12	9	55	55
val_1292.JPEG	4	15	63	54
val_4134.JPEG	0	8	63	53
val_9495.JPEG	6	19	57	53
val_3770.JPEG	0	25	25	57
val_9388.JPEG	0	9	63	47
val_430.JPEG	25	19	63	45
val_141.JPEG	4	11	63	42
val_9094.JPEG	8	6	37	57
val_3612.JPEG	0	0	63	63
val_3997.JPEG	40	36	47	43
val_8791.JPEG	15	7	63	40
val_3482.JPEG	0	0	63	57
val_2732.JPEG	1	8	58	45
val_8617.JPEG	0	12	44	40
val_9650.JPEG	6	9	63	61
val_2064.JPEG	19	28	44	38
val_8916.JPEG	4	5	63	63
val_7330.JPEG	0	14	24	57
val_4505.JPEG	0	2	63	63
val_2242.JPEG	10	17	44	45
val_8461.JPEG	5	13	54	46
val_4253.JPEG	4	3	61	57
val_454.JPEG	14	14	59	50
val_3247.JPEG	0	1	63	63
val_7715.JPEG	26	17	53	58
val_3497.JPEG	0	25	42	53
val_3045.JPEG	30	11	63	39
val_2844.JPEG	0	23	53	55
val_8760.JPEG	0	22	36	41
val_879.JPEG	1	11	63	55
val_2670.JPEG	14	15	51	46
