n01984695_427.JPEG	0	1	63	61
n01984695_54.JPEG	0	0	63	63
n01984695_393.JPEG	0	1	63	59
n01984695_122.JPEG	0	28	63	49
n01984695_109.JPEG	14	7	61	56
n01984695_88.JPEG	0	22	63	41
n01984695_81.JPEG	12	1	47	37
n01984695_165.JPEG	0	10	63	61
n01984695_474.JPEG	10	9	44	56
n01984695_282.JPEG	0	0	63	63
n01984695_383.JPEG	0	1	63	63
n01984695_200.JPEG	0	9	63	63
n01984695_273.JPEG	2	1	63	63
n01984695_65.JPEG	7	18	55	53
n01984695_228.JPEG	0	12	63	63
n01984695_308.JPEG	0	1	63	63
n01984695_318.JPEG	11	7	59	56
n01984695_312.JPEG	0	18	23	41
n01984695_32.JPEG	0	0	60	63
n01984695_462.JPEG	0	15	63	63
n01984695_72.JPEG	0	0	63	63
n01984695_138.JPEG	14	30	63	46
n01984695_495.JPEG	27	12	63	61
n01984695_135.JPEG	0	3	63	58
n01984695_21.JPEG	1	18	63	62
n01984695_85.JPEG	0	0	63	63
n01984695_451.JPEG	0	16	63	42
n01984695_479.JPEG	0	0	63	57
n01984695_374.JPEG	29	8	46	63
n01984695_123.JPEG	0	0	63	56
n01984695_223.JPEG	0	16	63	57
n01984695_415.JPEG	0	11	44	55
n01984695_189.JPEG	0	8	63	59
n01984695_260.JPEG	0	0	63	63
n01984695_164.JPEG	3	0	56	49
n01984695_317.JPEG	0	11	63	63
n01984695_247.JPEG	20	10	52	31
n01984695_91.JPEG	0	0	63	63
n01984695_117.JPEG	3	25	63	58
n01984695_15.JPEG	0	14	63	63
n01984695_209.JPEG	0	0	32	42
n01984695_116.JPEG	17	1	63	61
n01984695_431.JPEG	0	0	63	62
n01984695_44.JPEG	6	0	63	63
n01984695_498.JPEG	0	24	63	63
n01984695_261.JPEG	0	1	63	63
n01984695_217.JPEG	1	2	53	49
n01984695_305.JPEG	1	14	63	63
n01984695_370.JPEG	0	18	46	38
n01984695_464.JPEG	0	0	63	63
n01984695_287.JPEG	0	2	63	63
n01984695_179.JPEG	0	18	52	50
n01984695_161.JPEG	0	0	63	63
n01984695_182.JPEG	0	0	63	59
n01984695_97.JPEG	0	7	44	49
n01984695_381.JPEG	0	24	63	46
n01984695_170.JPEG	0	0	63	52
n01984695_424.JPEG	0	0	63	63
n01984695_458.JPEG	0	0	63	63
n01984695_379.JPEG	2	19	63	57
n01984695_86.JPEG	8	15	63	63
n01984695_389.JPEG	0	0	63	63
n01984695_84.JPEG	0	1	28	40
n01984695_185.JPEG	2	15	35	42
n01984695_372.JPEG	0	0	53	56
n01984695_460.JPEG	0	0	63	63
n01984695_484.JPEG	0	1	63	62
n01984695_356.JPEG	7	0	63	63
n01984695_378.JPEG	0	4	63	61
n01984695_319.JPEG	3	26	46	53
n01984695_25.JPEG	0	14	63	61
n01984695_297.JPEG	0	0	63	62
n01984695_335.JPEG	0	1	63	63
n01984695_59.JPEG	14	16	60	62
n01984695_27.JPEG	0	0	63	63
n01984695_143.JPEG	16	13	63	42
n01984695_486.JPEG	0	1	63	48
n01984695_288.JPEG	0	0	63	63
n01984695_357.JPEG	0	17	63	63
n01984695_181.JPEG	18	27	50	63
n01984695_336.JPEG	0	7	63	63
n01984695_142.JPEG	29	3	63	62
n01984695_421.JPEG	0	7	63	61
n01984695_440.JPEG	5	9	63	63
n01984695_210.JPEG	0	25	63	63
n01984695_3.JPEG	0	0	63	59
n01984695_340.JPEG	3	0	61	54
n01984695_79.JPEG	0	24	54	63
n01984695_301.JPEG	11	16	63	63
n01984695_178.JPEG	0	1	63	63
n01984695_167.JPEG	0	12	63	62
n01984695_104.JPEG	0	0	63	63
n01984695_334.JPEG	14	1	54	61
n01984695_136.JPEG	0	1	63	63
n01984695_237.JPEG	0	5	63	63
n01984695_299.JPEG	23	19	58	44
n01984695_309.JPEG	0	2	63	40
n01984695_327.JPEG	0	12	58	63
n01984695_245.JPEG	0	16	55	63
n01984695_119.JPEG	7	8	63	61
n01984695_256.JPEG	0	0	63	52
n01984695_284.JPEG	0	7	63	63
n01984695_187.JPEG	14	10	57	46
n01984695_130.JPEG	9	8	27	60
n01984695_73.JPEG	6	1	58	38
n01984695_306.JPEG	21	18	51	44
n01984695_37.JPEG	0	20	56	63
n01984695_176.JPEG	0	0	63	56
n01984695_275.JPEG	0	0	51	55
n01984695_30.JPEG	0	7	63	61
n01984695_350.JPEG	0	17	63	54
n01984695_377.JPEG	0	8	63	61
n01984695_425.JPEG	18	0	49	62
n01984695_246.JPEG	14	40	58	63
n01984695_286.JPEG	6	14	63	63
n01984695_341.JPEG	0	8	63	63
n01984695_101.JPEG	0	7	63	63
n01984695_215.JPEG	0	0	48	63
n01984695_43.JPEG	0	1	63	63
n01984695_168.JPEG	0	0	62	56
n01984695_280.JPEG	0	0	63	63
n01984695_151.JPEG	0	10	63	59
n01984695_53.JPEG	0	18	63	58
n01984695_249.JPEG	0	0	63	56
n01984695_82.JPEG	11	20	63	63
n01984695_127.JPEG	35	0	60	63
n01984695_365.JPEG	5	0	63	63
n01984695_465.JPEG	8	13	63	58
n01984695_238.JPEG	17	3	63	59
n01984695_291.JPEG	2	6	48	60
n01984695_349.JPEG	1	19	63	63
n01984695_163.JPEG	3	12	63	53
n01984695_74.JPEG	6	0	63	54
n01984695_76.JPEG	6	0	63	63
n01984695_262.JPEG	10	0	63	34
n01984695_191.JPEG	0	1	63	63
n01984695_146.JPEG	0	13	46	33
n01984695_89.JPEG	0	4	63	63
n01984695_224.JPEG	0	0	63	63
n01984695_231.JPEG	0	0	63	63
n01984695_190.JPEG	16	0	54	63
n01984695_8.JPEG	0	18	63	61
n01984695_34.JPEG	9	5	44	44
n01984695_405.JPEG	2	22	34	49
n01984695_52.JPEG	0	18	63	50
n01984695_243.JPEG	0	0	63	63
n01984695_323.JPEG	1	44	46	63
n01984695_366.JPEG	0	9	63	48
n01984695_279.JPEG	12	8	38	56
n01984695_162.JPEG	0	16	63	57
n01984695_17.JPEG	0	13	63	63
n01984695_419.JPEG	0	18	63	63
n01984695_158.JPEG	20	24	26	40
n01984695_467.JPEG	0	8	59	54
n01984695_387.JPEG	0	0	63	63
n01984695_264.JPEG	0	17	63	53
n01984695_276.JPEG	1	8	63	63
n01984695_473.JPEG	2	8	63	63
n01984695_113.JPEG	0	0	63	63
n01984695_177.JPEG	0	8	63	59
n01984695_360.JPEG	0	21	63	49
n01984695_395.JPEG	10	18	63	51
n01984695_152.JPEG	0	8	63	49
n01984695_133.JPEG	0	6	63	49
n01984695_226.JPEG	5	0	63	63
n01984695_409.JPEG	6	1	56	40
n01984695_235.JPEG	0	1	63	50
n01984695_369.JPEG	27	7	63	39
n01984695_332.JPEG	0	3	63	48
n01984695_9.JPEG	11	14	63	63
n01984695_313.JPEG	5	9	53	57
n01984695_269.JPEG	3	0	63	60
n01984695_29.JPEG	7	13	63	55
n01984695_149.JPEG	0	0	53	58
n01984695_95.JPEG	0	16	63	52
n01984695_64.JPEG	20	1	63	63
n01984695_480.JPEG	0	6	63	62
n01984695_272.JPEG	0	10	63	63
n01984695_290.JPEG	0	1	63	63
n01984695_476.JPEG	14	20	63	48
n01984695_266.JPEG	0	1	63	63
n01984695_494.JPEG	6	20	63	63
n01984695_469.JPEG	18	0	63	50
n01984695_28.JPEG	0	2	63	63
n01984695_361.JPEG	0	6	63	58
n01984695_489.JPEG	4	0	63	63
n01984695_478.JPEG	0	0	63	61
n01984695_333.JPEG	28	23	63	63
n01984695_422.JPEG	0	1	63	63
n01984695_325.JPEG	5	1	63	63
n01984695_197.JPEG	0	0	63	63
n01984695_7.JPEG	12	21	63	48
n01984695_449.JPEG	0	15	63	63
n01984695_401.JPEG	0	0	63	63
n01984695_105.JPEG	15	8	63	45
n01984695_311.JPEG	10	24	63	63
n01984695_108.JPEG	0	21	53	63
n01984695_0.JPEG	10	2	56	59
n01984695_491.JPEG	0	19	63	52
n01984695_445.JPEG	29	2	63	37
n01984695_384.JPEG	27	1	63	63
n01984695_71.JPEG	0	17	63	58
n01984695_271.JPEG	0	10	58	63
n01984695_102.JPEG	0	1	63	63
n01984695_441.JPEG	0	7	63	63
n01984695_483.JPEG	0	0	63	63
n01984695_268.JPEG	0	1	63	63
n01984695_391.JPEG	0	11	63	63
n01984695_61.JPEG	0	0	63	53
n01984695_126.JPEG	2	19	63	59
n01984695_355.JPEG	0	19	63	61
n01984695_202.JPEG	0	1	63	61
n01984695_259.JPEG	0	1	63	63
n01984695_214.JPEG	8	5	63	55
n01984695_125.JPEG	30	27	63	63
n01984695_26.JPEG	0	1	63	63
n01984695_68.JPEG	2	10	63	47
n01984695_363.JPEG	18	1	62	38
n01984695_270.JPEG	5	27	46	47
n01984695_447.JPEG	0	9	63	48
n01984695_241.JPEG	0	1	54	63
n01984695_328.JPEG	0	1	63	63
n01984695_412.JPEG	5	0	52	54
n01984695_239.JPEG	0	12	63	51
n01984695_292.JPEG	0	28	38	50
n01984695_208.JPEG	47	8	63	48
n01984695_131.JPEG	19	0	57	63
n01984695_414.JPEG	0	5	63	62
n01984695_47.JPEG	0	1	63	63
n01984695_232.JPEG	0	1	63	63
n01984695_175.JPEG	0	10	63	63
n01984695_454.JPEG	20	18	48	54
n01984695_477.JPEG	0	0	63	63
n01984695_446.JPEG	0	17	63	63
n01984695_98.JPEG	0	26	63	63
n01984695_437.JPEG	0	11	62	59
n01984695_144.JPEG	0	0	63	63
n01984695_166.JPEG	15	17	47	63
n01984695_184.JPEG	0	0	63	55
n01984695_112.JPEG	20	29	51	54
n01984695_24.JPEG	0	4	63	63
n01984695_392.JPEG	0	0	63	63
n01984695_106.JPEG	11	27	44	45
n01984695_41.JPEG	0	6	63	63
n01984695_186.JPEG	4	0	59	63
n01984695_342.JPEG	0	0	63	63
n01984695_426.JPEG	0	1	56	63
n01984695_211.JPEG	24	6	38	38
n01984695_225.JPEG	0	12	63	63
n01984695_380.JPEG	0	0	63	63
n01984695_362.JPEG	0	0	63	63
n01984695_31.JPEG	22	31	48	61
n01984695_90.JPEG	1	0	63	63
n01984695_60.JPEG	0	3	63	63
n01984695_278.JPEG	4	16	63	58
n01984695_99.JPEG	0	1	63	63
n01984695_213.JPEG	42	1	63	58
n01984695_386.JPEG	0	1	63	63
n01984695_212.JPEG	0	0	55	63
n01984695_128.JPEG	0	0	63	63
n01984695_14.JPEG	8	0	47	38
n01984695_148.JPEG	5	0	63	55
n01984695_118.JPEG	0	1	63	63
n01984695_423.JPEG	0	0	57	60
n01984695_351.JPEG	0	13	63	63
n01984695_298.JPEG	4	5	63	50
n01984695_156.JPEG	0	17	63	63
n01984695_39.JPEG	12	1	63	56
n01984695_417.JPEG	8	13	63	63
n01984695_55.JPEG	9	18	63	45
n01984695_407.JPEG	0	0	63	63
n01984695_463.JPEG	24	13	63	63
n01984695_364.JPEG	0	18	63	63
n01984695_251.JPEG	0	8	63	63
n01984695_56.JPEG	0	0	63	63
n01984695_337.JPEG	0	0	63	63
n01984695_385.JPEG	0	0	63	55
n01984695_316.JPEG	2	0	56	48
n01984695_321.JPEG	0	5	62	39
n01984695_418.JPEG	2	27	63	47
n01984695_70.JPEG	0	0	63	63
n01984695_196.JPEG	0	4	63	63
n01984695_107.JPEG	0	1	63	50
n01984695_77.JPEG	23	1	56	53
n01984695_206.JPEG	0	0	63	63
n01984695_487.JPEG	13	21	58	63
n01984695_45.JPEG	0	1	63	60
n01984695_296.JPEG	0	7	63	63
n01984695_315.JPEG	0	8	63	63
n01984695_493.JPEG	12	16	59	46
n01984695_375.JPEG	0	39	46	63
n01984695_1.JPEG	2	17	63	53
n01984695_50.JPEG	0	1	60	51
n01984695_12.JPEG	0	10	63	63
n01984695_397.JPEG	0	15	29	48
n01984695_169.JPEG	0	1	63	63
n01984695_154.JPEG	0	14	63	56
n01984695_51.JPEG	4	1	63	63
n01984695_404.JPEG	8	27	63	54
n01984695_285.JPEG	0	1	63	63
n01984695_92.JPEG	4	26	63	63
n01984695_338.JPEG	0	0	63	63
n01984695_490.JPEG	0	31	38	63
n01984695_435.JPEG	0	0	63	63
n01984695_93.JPEG	0	6	63	56
n01984695_159.JPEG	0	1	63	63
n01984695_78.JPEG	0	12	63	56
n01984695_283.JPEG	2	3	63	57
n01984695_468.JPEG	6	1	63	48
n01984695_314.JPEG	0	10	57	47
n01984695_434.JPEG	37	40	63	63
n01984695_244.JPEG	0	0	63	62
n01984695_252.JPEG	0	22	63	55
n01984695_254.JPEG	14	1	63	47
n01984695_485.JPEG	0	0	63	63
n01984695_456.JPEG	11	5	47	33
n01984695_83.JPEG	0	1	63	63
n01984695_293.JPEG	0	18	63	63
n01984695_153.JPEG	0	17	63	61
n01984695_303.JPEG	8	18	63	63
n01984695_453.JPEG	0	21	63	63
n01984695_472.JPEG	2	20	44	40
n01984695_267.JPEG	2	1	63	63
n01984695_403.JPEG	0	9	63	63
n01984695_258.JPEG	0	5	63	63
n01984695_428.JPEG	0	24	63	55
n01984695_49.JPEG	0	1	63	57
n01984695_233.JPEG	0	0	63	63
n01984695_320.JPEG	9	16	60	45
n01984695_461.JPEG	0	0	63	63
n01984695_376.JPEG	11	27	42	63
n01984695_11.JPEG	0	16	63	51
n01984695_436.JPEG	0	0	63	63
n01984695_157.JPEG	0	1	63	63
n01984695_281.JPEG	5	0	63	63
n01984695_429.JPEG	11	3	63	51
n01984695_430.JPEG	0	0	63	63
n01984695_40.JPEG	0	16	54	50
n01984695_22.JPEG	0	14	55	55
n01984695_499.JPEG	0	20	63	63
n01984695_444.JPEG	21	20	30	24
n01984695_400.JPEG	0	1	63	54
n01984695_155.JPEG	0	0	63	63
n01984695_10.JPEG	9	9	63	63
n01984695_346.JPEG	0	0	63	63
n01984695_46.JPEG	0	13	63	62
n01984695_18.JPEG	0	10	63	63
n01984695_411.JPEG	0	28	34	60
n01984695_438.JPEG	9	1	63	43
n01984695_120.JPEG	0	23	63	54
val_1382.JPEG	0	0	63	63
val_9839.JPEG	9	14	63	63
val_4254.JPEG	0	3	34	63
val_5915.JPEG	13	0	63	32
val_6538.JPEG	11	0	63	63
val_9191.JPEG	0	0	63	63
val_1909.JPEG	5	1	63	63
val_1965.JPEG	0	2	63	63
val_6946.JPEG	0	24	57	63
val_6169.JPEG	0	28	63	63
val_5014.JPEG	0	1	63	63
val_5143.JPEG	0	5	63	59
val_8758.JPEG	1	25	46	60
val_9891.JPEG	0	23	63	49
val_991.JPEG	0	1	61	51
val_2633.JPEG	0	0	63	63
val_8445.JPEG	0	24	63	61
val_8105.JPEG	1	0	54	47
val_2744.JPEG	10	6	49	59
val_1718.JPEG	0	13	63	63
val_4148.JPEG	0	0	63	63
val_7733.JPEG	2	28	63	63
val_8153.JPEG	0	1	63	63
val_4008.JPEG	0	1	63	63
val_7679.JPEG	0	0	63	63
val_841.JPEG	0	6	49	63
val_803.JPEG	0	12	63	59
val_9950.JPEG	0	1	63	63
val_3095.JPEG	0	1	63	63
val_4033.JPEG	0	5	63	63
val_2684.JPEG	5	22	63	63
val_2930.JPEG	0	6	63	62
val_8251.JPEG	0	1	63	63
val_1994.JPEG	0	21	63	63
val_3523.JPEG	6	16	60	49
