n03355925_96.JPEG	0	5	63	63
n03355925_86.JPEG	30	8	32	30
n03355925_464.JPEG	22	12	47	63
n03355925_160.JPEG	56	9	63	63
n03355925_214.JPEG	11	0	18	42
n03355925_14.JPEG	39	0	45	37
n03355925_41.JPEG	10	13	60	63
n03355925_340.JPEG	12	0	53	63
n03355925_133.JPEG	52	8	60	63
n03355925_109.JPEG	13	3	16	56
n03355925_397.JPEG	18	4	59	30
n03355925_262.JPEG	0	1	63	63
n03355925_285.JPEG	31	0	34	63
n03355925_165.JPEG	44	17	47	36
n03355925_17.JPEG	6	0	48	63
n03355925_356.JPEG	20	12	24	63
n03355925_254.JPEG	37	12	58	63
n03355925_205.JPEG	54	1	58	46
n03355925_306.JPEG	33	8	34	63
n03355925_458.JPEG	29	21	51	63
n03355925_70.JPEG	44	12	45	58
n03355925_57.JPEG	6	0	18	63
n03355925_63.JPEG	29	6	34	63
n03355925_363.JPEG	29	0	31	63
n03355925_320.JPEG	19	9	27	63
n03355925_431.JPEG	24	0	49	63
n03355925_473.JPEG	7	2	11	33
n03355925_209.JPEG	32	16	34	63
n03355925_200.JPEG	11	7	40	63
n03355925_392.JPEG	27	0	32	60
n03355925_178.JPEG	28	0	49	30
n03355925_162.JPEG	52	23	54	35
n03355925_383.JPEG	29	0	34	63
n03355925_101.JPEG	16	0	22	63
n03355925_129.JPEG	18	0	26	63
n03355925_33.JPEG	39	8	42	62
n03355925_145.JPEG	24	25	26	63
n03355925_409.JPEG	13	9	17	36
n03355925_18.JPEG	31	4	42	61
n03355925_451.JPEG	15	13	17	39
n03355925_84.JPEG	59	0	61	55
n03355925_279.JPEG	27	0	32	63
n03355925_396.JPEG	19	6	49	55
n03355925_349.JPEG	25	1	27	23
n03355925_401.JPEG	54	0	63	63
n03355925_420.JPEG	1	7	16	63
n03355925_73.JPEG	2	0	28	63
n03355925_341.JPEG	0	0	4	63
n03355925_148.JPEG	32	29	34	51
n03355925_472.JPEG	29	0	31	51
n03355925_319.JPEG	14	8	63	40
n03355925_151.JPEG	36	21	59	63
n03355925_113.JPEG	26	4	43	63
n03355925_387.JPEG	30	1	34	63
n03355925_435.JPEG	40	0	48	63
n03355925_226.JPEG	17	6	48	63
n03355925_331.JPEG	53	20	63	63
n03355925_300.JPEG	23	0	49	63
n03355925_302.JPEG	2	0	57	63
n03355925_465.JPEG	29	1	50	63
n03355925_328.JPEG	2	6	53	63
n03355925_203.JPEG	30	0	35	63
n03355925_124.JPEG	37	5	38	41
n03355925_477.JPEG	25	6	36	59
n03355925_103.JPEG	41	0	49	63
n03355925_85.JPEG	22	8	57	63
n03355925_342.JPEG	24	0	34	63
n03355925_136.JPEG	0	16	23	53
n03355925_216.JPEG	23	21	48	63
n03355925_259.JPEG	16	39	25	63
n03355925_432.JPEG	16	14	21	63
n03355925_333.JPEG	63	8	63	43
n03355925_5.JPEG	0	1	15	24
n03355925_153.JPEG	36	0	47	63
n03355925_427.JPEG	12	0	21	55
n03355925_417.JPEG	44	0	51	63
n03355925_147.JPEG	56	23	59	63
n03355925_390.JPEG	24	0	28	63
n03355925_22.JPEG	33	22	63	63
n03355925_376.JPEG	0	3	0	41
n03355925_21.JPEG	30	1	34	43
n03355925_99.JPEG	27	3	30	61
n03355925_351.JPEG	29	0	37	63
n03355925_478.JPEG	35	12	48	63
n03355925_441.JPEG	0	0	57	53
n03355925_283.JPEG	11	12	46	63
n03355925_263.JPEG	13	10	58	63
n03355925_393.JPEG	29	0	43	63
n03355925_467.JPEG	6	4	63	63
n03355925_347.JPEG	27	0	36	63
n03355925_52.JPEG	28	0	38	21
n03355925_159.JPEG	17	0	51	63
n03355925_410.JPEG	27	3	48	63
n03355925_453.JPEG	39	21	60	63
n03355925_438.JPEG	0	0	28	63
n03355925_44.JPEG	4	1	47	48
n03355925_407.JPEG	12	17	14	63
n03355925_152.JPEG	31	14	38	33
n03355925_179.JPEG	37	0	42	63
n03355925_110.JPEG	20	0	25	61
n03355925_322.JPEG	32	6	36	63
n03355925_215.JPEG	23	0	48	63
n03355925_450.JPEG	7	2	41	63
n03355925_46.JPEG	15	6	56	63
n03355925_167.JPEG	40	26	61	63
n03355925_107.JPEG	39	1	43	58
n03355925_250.JPEG	16	1	47	54
n03355925_208.JPEG	34	19	63	52
n03355925_243.JPEG	29	6	35	63
n03355925_146.JPEG	2	12	4	48
n03355925_245.JPEG	0	1	15	63
n03355925_299.JPEG	0	1	63	63
n03355925_301.JPEG	32	8	36	44
n03355925_343.JPEG	0	4	48	63
n03355925_137.JPEG	21	11	48	62
n03355925_4.JPEG	16	0	37	63
n03355925_452.JPEG	25	6	28	63
n03355925_139.JPEG	31	3	34	28
n03355925_293.JPEG	1	0	56	63
n03355925_61.JPEG	31	0	55	63
n03355925_32.JPEG	0	0	0	63
n03355925_89.JPEG	10	2	20	63
n03355925_180.JPEG	31	0	38	63
n03355925_498.JPEG	21	0	38	63
n03355925_421.JPEG	30	20	35	38
n03355925_269.JPEG	6	0	38	63
n03355925_443.JPEG	14	0	50	63
n03355925_6.JPEG	13	7	55	63
n03355925_12.JPEG	0	3	62	63
n03355925_444.JPEG	34	0	39	3
n03355925_326.JPEG	31	0	54	63
n03355925_354.JPEG	29	0	32	62
n03355925_317.JPEG	3	0	17	63
n03355925_28.JPEG	0	0	63	63
n03355925_430.JPEG	31	0	56	63
n03355925_163.JPEG	11	0	23	63
n03355925_90.JPEG	9	0	34	63
n03355925_82.JPEG	23	0	26	63
n03355925_468.JPEG	23	0	38	63
n03355925_168.JPEG	42	0	48	63
n03355925_197.JPEG	0	6	63	63
n03355925_100.JPEG	32	21	35	56
n03355925_47.JPEG	23	7	39	63
n03355925_83.JPEG	30	0	39	63
n03355925_106.JPEG	4	4	15	63
n03355925_188.JPEG	19	0	21	61
n03355925_466.JPEG	0	2	53	63
n03355925_274.JPEG	0	16	41	63
n03355925_92.JPEG	28	12	37	45
n03355925_423.JPEG	0	14	18	44
n03355925_10.JPEG	57	8	63	63
n03355925_474.JPEG	29	0	33	57
n03355925_384.JPEG	0	0	26	63
n03355925_240.JPEG	29	10	60	63
n03355925_463.JPEG	0	1	63	63
n03355925_11.JPEG	59	1	63	63
n03355925_448.JPEG	33	19	36	63
n03355925_456.JPEG	48	0	52	63
n03355925_141.JPEG	0	5	5	63
n03355925_324.JPEG	40	6	51	63
n03355925_108.JPEG	0	1	43	63
n03355925_345.JPEG	0	0	33	20
n03355925_176.JPEG	56	18	61	63
n03355925_130.JPEG	0	10	28	23
n03355925_368.JPEG	28	0	33	63
n03355925_235.JPEG	29	8	32	63
n03355925_181.JPEG	38	0	41	12
n03355925_482.JPEG	19	0	33	63
n03355925_3.JPEG	37	0	41	63
n03355925_192.JPEG	18	24	47	63
n03355925_122.JPEG	26	2	29	62
n03355925_75.JPEG	19	0	42	63
n03355925_102.JPEG	9	0	57	63
n03355925_440.JPEG	8	0	22	63
n03355925_182.JPEG	31	6	34	37
n03355925_79.JPEG	54	0	58	52
n03355925_105.JPEG	26	16	38	63
n03355925_318.JPEG	30	0	36	63
n03355925_413.JPEG	27	1	36	63
n03355925_358.JPEG	11	15	15	63
n03355925_339.JPEG	39	3	49	63
n03355925_275.JPEG	22	0	38	63
n03355925_213.JPEG	11	0	58	63
n03355925_138.JPEG	37	6	38	25
n03355925_242.JPEG	31	4	45	63
n03355925_373.JPEG	35	45	58	63
n03355925_150.JPEG	0	5	63	63
n03355925_282.JPEG	33	0	54	63
n03355925_184.JPEG	32	3	47	57
n03355925_149.JPEG	39	0	48	63
n03355925_127.JPEG	31	0	39	63
n03355925_497.JPEG	0	7	4	58
n03355925_287.JPEG	21	11	26	63
n03355925_71.JPEG	0	0	63	51
n03355925_329.JPEG	13	15	15	44
n03355925_217.JPEG	33	5	42	63
n03355925_155.JPEG	25	11	45	63
n03355925_297.JPEG	9	13	53	63
n03355925_191.JPEG	36	39	37	63
n03355925_53.JPEG	63	13	63	63
n03355925_30.JPEG	54	6	63	63
n03355925_268.JPEG	0	1	5	63
n03355925_239.JPEG	30	0	33	40
n03355925_171.JPEG	29	13	31	32
n03355925_23.JPEG	28	0	30	63
n03355925_286.JPEG	33	0	41	60
n03355925_276.JPEG	0	26	33	63
n03355925_404.JPEG	29	2	40	63
n03355925_292.JPEG	12	0	35	63
n03355925_128.JPEG	12	0	16	63
n03355925_309.JPEG	1	0	5	63
n03355925_76.JPEG	29	0	32	63
n03355925_272.JPEG	1	0	53	63
n03355925_296.JPEG	5	0	55	63
n03355925_193.JPEG	6	4	63	63
n03355925_442.JPEG	31	0	38	63
n03355925_411.JPEG	1	0	59	63
n03355925_446.JPEG	28	0	34	12
n03355925_419.JPEG	0	1	32	55
n03355925_58.JPEG	25	0	42	52
n03355925_248.JPEG	29	21	42	62
n03355925_425.JPEG	0	10	0	63
n03355925_311.JPEG	17	0	30	63
n03355925_415.JPEG	32	11	36	48
n03355925_98.JPEG	0	1	26	63
n03355925_247.JPEG	12	0	18	63
n03355925_253.JPEG	10	0	16	63
n03355925_412.JPEG	9	0	56	63
n03355925_374.JPEG	16	12	27	38
n03355925_27.JPEG	28	0	63	55
n03355925_422.JPEG	37	0	50	63
n03355925_462.JPEG	31	3	40	59
n03355925_402.JPEG	5	0	43	63
n03355925_457.JPEG	15	7	24	63
n03355925_375.JPEG	47	13	59	51
n03355925_316.JPEG	4	0	11	63
n03355925_305.JPEG	49	21	51	52
n03355925_238.JPEG	7	0	57	63
n03355925_362.JPEG	9	6	49	63
n03355925_398.JPEG	26	0	30	49
n03355925_418.JPEG	13	0	33	63
n03355925_175.JPEG	12	0	40	63
n03355925_39.JPEG	24	0	28	63
n03355925_93.JPEG	32	0	44	63
n03355925_31.JPEG	62	4	63	63
n03355925_189.JPEG	29	0	32	63
n03355925_394.JPEG	29	0	32	49
n03355925_68.JPEG	0	0	60	63
n03355925_382.JPEG	63	19	63	63
n03355925_461.JPEG	0	22	63	63
n03355925_7.JPEG	28	8	33	56
n03355925_190.JPEG	20	3	34	63
n03355925_194.JPEG	29	11	32	53
n03355925_408.JPEG	30	6	34	47
n03355925_164.JPEG	28	0	51	63
n03355925_485.JPEG	0	0	30	53
n03355925_186.JPEG	0	16	63	63
n03355925_455.JPEG	10	47	13	63
n03355925_218.JPEG	4	15	54	63
n03355925_360.JPEG	26	2	34	63
n03355925_371.JPEG	57	4	61	63
n03355925_321.JPEG	25	0	40	63
n03355925_158.JPEG	32	17	47	63
n03355925_244.JPEG	1	0	5	63
n03355925_367.JPEG	25	0	47	42
n03355925_135.JPEG	12	16	14	63
n03355925_449.JPEG	11	1	21	63
n03355925_483.JPEG	29	10	34	63
n03355925_475.JPEG	37	0	45	63
n03355925_447.JPEG	32	0	34	46
n03355925_154.JPEG	28	0	31	16
n03355925_123.JPEG	23	0	27	63
n03355925_377.JPEG	18	15	54	63
n03355925_303.JPEG	26	4	33	45
n03355925_24.JPEG	0	12	34	63
n03355925_223.JPEG	12	9	57	63
n03355925_210.JPEG	10	4	36	63
n03355925_304.JPEG	20	26	31	63
n03355925_45.JPEG	33	1	50	63
n03355925_290.JPEG	10	4	51	63
n03355925_437.JPEG	12	7	53	63
n03355925_38.JPEG	3	9	9	50
n03355925_131.JPEG	24	0	33	63
n03355925_91.JPEG	0	24	63	63
n03355925_161.JPEG	0	0	38	63
n03355925_291.JPEG	0	11	32	54
n03355925_386.JPEG	47	7	60	52
n03355925_277.JPEG	25	5	29	13
n03355925_403.JPEG	40	3	46	55
n03355925_491.JPEG	32	0	40	63
n03355925_241.JPEG	28	0	31	41
n03355925_177.JPEG	17	0	21	63
n03355925_270.JPEG	0	6	1	51
n03355925_327.JPEG	27	21	36	63
n03355925_307.JPEG	9	6	15	63
n03355925_265.JPEG	28	0	40	24
n03355925_336.JPEG	41	5	45	58
n03355925_489.JPEG	26	0	51	63
n03355925_486.JPEG	12	0	32	63
n03355925_36.JPEG	5	14	51	63
n03355925_222.JPEG	43	14	63	63
n03355925_236.JPEG	3	14	52	63
n03355925_65.JPEG	25	0	33	63
n03355925_484.JPEG	30	17	32	53
n03355925_196.JPEG	20	10	23	51
n03355925_325.JPEG	29	7	62	63
n03355925_78.JPEG	14	0	38	63
n03355925_56.JPEG	18	0	49	63
n03355925_140.JPEG	13	4	49	63
n03355925_126.JPEG	34	6	54	63
n03355925_221.JPEG	26	0	40	63
n03355925_439.JPEG	42	23	55	38
n03355925_232.JPEG	0	4	20	39
n03355925_312.JPEG	36	3	39	17
n03355925_454.JPEG	39	3	45	63
n03355925_252.JPEG	11	13	52	63
n03355925_72.JPEG	12	0	19	63
n03355925_15.JPEG	30	1	33	55
n03355925_323.JPEG	4	3	8	63
n03355925_310.JPEG	22	34	42	48
n03355925_49.JPEG	13	15	19	63
n03355925_198.JPEG	7	0	22	63
n03355925_8.JPEG	19	35	26	63
n03355925_380.JPEG	0	0	35	50
n03355925_496.JPEG	24	27	63	63
n03355925_25.JPEG	15	0	62	63
n03355925_80.JPEG	16	15	40	62
n03355925_257.JPEG	1	0	28	63
n03355925_231.JPEG	23	17	43	63
n03355925_476.JPEG	29	10	33	63
n03355925_434.JPEG	6	0	12	63
n03355925_67.JPEG	58	3	60	60
n03355925_406.JPEG	30	0	50	63
n03355925_278.JPEG	13	13	18	63
n03355925_220.JPEG	19	0	37	59
n03355925_479.JPEG	30	0	36	57
n03355925_261.JPEG	10	0	39	63
n03355925_271.JPEG	9	0	11	63
n03355925_35.JPEG	35	9	38	63
n03355925_206.JPEG	41	25	46	63
n03355925_335.JPEG	31	0	40	57
n03355925_459.JPEG	42	18	48	63
n03355925_330.JPEG	26	0	42	48
n03355925_364.JPEG	13	0	52	63
n03355925_121.JPEG	19	0	21	63
n03355925_346.JPEG	0	1	49	63
n03355925_355.JPEG	2	7	52	63
n03355925_488.JPEG	19	44	30	63
n03355925_256.JPEG	32	0	36	63
n03355925_481.JPEG	26	5	31	63
val_607.JPEG	30	34	35	63
val_8412.JPEG	43	13	54	61
val_5482.JPEG	0	13	30	63
val_67.JPEG	19	0	23	63
val_3679.JPEG	4	0	56	63
val_1801.JPEG	30	0	34	63
val_1044.JPEG	20	9	24	28
val_4635.JPEG	35	35	63	63
val_2827.JPEG	43	0	47	50
val_4233.JPEG	37	0	40	60
val_696.JPEG	2	0	58	63
val_9816.JPEG	18	3	29	62
val_3579.JPEG	42	8	50	63
val_2525.JPEG	25	1	62	63
val_8713.JPEG	11	10	19	63
val_1390.JPEG	30	15	34	57
val_5723.JPEG	16	18	54	63
val_9811.JPEG	1	5	33	63
val_6072.JPEG	0	7	31	63
val_6359.JPEG	56	0	59	63
val_984.JPEG	27	14	37	63
val_6120.JPEG	19	10	23	63
val_744.JPEG	44	1	51	50
val_5357.JPEG	20	0	25	63
val_6289.JPEG	0	0	54	63
val_5540.JPEG	39	25	41	32
val_63.JPEG	0	3	3	63
val_117.JPEG	38	0	46	63
val_5992.JPEG	0	6	10	50
val_6499.JPEG	38	5	49	63
val_6512.JPEG	24	3	33	63
val_5969.JPEG	40	3	43	63
val_5234.JPEG	36	4	56	63
val_7740.JPEG	31	0	52	58
val_1829.JPEG	31	0	40	63
