n01742172_247.JPEG	0	0	63	55
n01742172_473.JPEG	1	7	50	52
n01742172_471.JPEG	2	21	54	62
n01742172_409.JPEG	0	5	63	54
n01742172_472.JPEG	0	0	56	63
n01742172_193.JPEG	0	15	63	63
n01742172_495.JPEG	13	12	56	63
n01742172_258.JPEG	6	16	59	63
n01742172_159.JPEG	0	0	63	38
n01742172_492.JPEG	0	0	63	63
n01742172_415.JPEG	16	0	63	63
n01742172_152.JPEG	0	0	63	63
n01742172_396.JPEG	11	33	38	56
n01742172_413.JPEG	13	2	63	63
n01742172_98.JPEG	18	22	62	63
n01742172_55.JPEG	0	12	63	62
n01742172_100.JPEG	0	21	63	63
n01742172_326.JPEG	0	11	63	51
n01742172_30.JPEG	1	8	63	47
n01742172_385.JPEG	0	4	63	63
n01742172_45.JPEG	0	3	63	63
n01742172_162.JPEG	1	3	49	63
n01742172_58.JPEG	9	0	54	63
n01742172_397.JPEG	0	0	63	63
n01742172_143.JPEG	0	1	63	63
n01742172_404.JPEG	0	6	63	56
n01742172_168.JPEG	1	0	60	63
n01742172_421.JPEG	0	8	63	46
n01742172_319.JPEG	0	9	56	63
n01742172_19.JPEG	12	17	50	41
n01742172_115.JPEG	12	0	46	57
n01742172_221.JPEG	0	1	63	58
n01742172_171.JPEG	0	21	63	63
n01742172_300.JPEG	8	10	63	60
n01742172_80.JPEG	2	0	63	46
n01742172_122.JPEG	0	2	63	63
n01742172_381.JPEG	10	10	63	58
n01742172_371.JPEG	0	0	63	63
n01742172_224.JPEG	0	3	63	63
n01742172_116.JPEG	0	7	63	58
n01742172_34.JPEG	0	17	63	63
n01742172_36.JPEG	0	1	63	63
n01742172_359.JPEG	31	17	63	63
n01742172_48.JPEG	12	9	59	59
n01742172_289.JPEG	0	0	63	63
n01742172_376.JPEG	0	0	63	45
n01742172_481.JPEG	0	1	63	63
n01742172_142.JPEG	5	9	61	57
n01742172_318.JPEG	0	8	63	63
n01742172_84.JPEG	0	8	63	57
n01742172_246.JPEG	12	17	55	35
n01742172_217.JPEG	0	14	63	49
n01742172_261.JPEG	4	2	59	63
n01742172_273.JPEG	8	4	63	63
n01742172_131.JPEG	2	20	63	55
n01742172_387.JPEG	0	4	63	61
n01742172_103.JPEG	0	1	63	63
n01742172_476.JPEG	0	1	63	63
n01742172_279.JPEG	3	9	63	37
n01742172_251.JPEG	17	6	63	62
n01742172_211.JPEG	7	1	48	55
n01742172_429.JPEG	0	0	63	63
n01742172_438.JPEG	0	4	63	61
n01742172_266.JPEG	0	21	63	53
n01742172_436.JPEG	0	17	63	44
n01742172_167.JPEG	14	0	54	63
n01742172_439.JPEG	16	1	63	44
n01742172_434.JPEG	0	4	63	63
n01742172_73.JPEG	12	0	51	63
n01742172_364.JPEG	0	10	63	57
n01742172_320.JPEG	0	1	56	63
n01742172_206.JPEG	0	1	52	52
n01742172_231.JPEG	13	12	63	63
n01742172_11.JPEG	0	0	63	52
n01742172_208.JPEG	0	19	63	60
n01742172_442.JPEG	0	1	63	63
n01742172_313.JPEG	0	6	63	61
n01742172_489.JPEG	0	0	63	63
n01742172_47.JPEG	0	18	63	48
n01742172_188.JPEG	0	1	63	62
n01742172_294.JPEG	0	22	63	50
n01742172_177.JPEG	2	0	62	63
n01742172_141.JPEG	0	11	63	60
n01742172_60.JPEG	0	3	63	63
n01742172_113.JPEG	4	0	59	63
n01742172_201.JPEG	0	13	63	51
n01742172_155.JPEG	2	21	63	63
n01742172_401.JPEG	0	0	60	63
n01742172_156.JPEG	0	1	63	62
n01742172_185.JPEG	0	3	61	61
n01742172_389.JPEG	0	5	55	63
n01742172_149.JPEG	1	12	51	57
n01742172_286.JPEG	4	25	48	59
n01742172_370.JPEG	5	1	63	63
n01742172_53.JPEG	3	1	63	53
n01742172_125.JPEG	11	6	63	57
n01742172_195.JPEG	0	0	63	63
n01742172_175.JPEG	0	12	63	63
n01742172_422.JPEG	0	13	63	39
n01742172_282.JPEG	0	7	63	63
n01742172_302.JPEG	0	20	63	56
n01742172_322.JPEG	0	0	63	63
n01742172_426.JPEG	5	6	63	63
n01742172_38.JPEG	0	17	63	63
n01742172_379.JPEG	0	0	63	63
n01742172_94.JPEG	17	0	59	63
n01742172_196.JPEG	0	1	63	33
n01742172_491.JPEG	0	2	63	63
n01742172_474.JPEG	3	21	63	55
n01742172_461.JPEG	5	12	57	62
n01742172_423.JPEG	1	6	62	63
n01742172_134.JPEG	0	6	63	61
n01742172_367.JPEG	0	5	63	57
n01742172_253.JPEG	14	22	57	63
n01742172_130.JPEG	6	6	63	51
n01742172_52.JPEG	0	24	63	58
n01742172_233.JPEG	0	1	63	63
n01742172_358.JPEG	0	11	63	55
n01742172_88.JPEG	8	8	55	60
n01742172_105.JPEG	0	0	63	59
n01742172_408.JPEG	0	2	63	63
n01742172_220.JPEG	0	12	63	63
n01742172_61.JPEG	0	3	63	63
n01742172_317.JPEG	5	3	56	63
n01742172_462.JPEG	7	0	63	52
n01742172_87.JPEG	0	0	63	63
n01742172_498.JPEG	2	18	63	58
n01742172_245.JPEG	0	9	63	63
n01742172_14.JPEG	17	10	61	47
n01742172_314.JPEG	0	23	55	63
n01742172_394.JPEG	8	0	45	63
n01742172_375.JPEG	0	0	63	63
n01742172_333.JPEG	1	0	60	63
n01742172_298.JPEG	0	8	63	63
n01742172_35.JPEG	0	14	63	63
n01742172_210.JPEG	0	18	63	63
n01742172_420.JPEG	0	7	52	63
n01742172_46.JPEG	0	0	63	63
n01742172_465.JPEG	0	0	63	60
n01742172_459.JPEG	1	11	55	48
n01742172_391.JPEG	9	1	63	35
n01742172_366.JPEG	0	3	63	63
n01742172_81.JPEG	0	13	63	63
n01742172_357.JPEG	0	11	51	63
n01742172_104.JPEG	0	11	59	63
n01742172_118.JPEG	10	7	63	46
n01742172_455.JPEG	24	42	42	63
n01742172_256.JPEG	0	1	63	55
n01742172_227.JPEG	8	21	63	51
n01742172_335.JPEG	0	5	63	60
n01742172_15.JPEG	0	21	63	63
n01742172_213.JPEG	0	0	63	63
n01742172_226.JPEG	0	1	63	63
n01742172_202.JPEG	0	9	63	63
n01742172_57.JPEG	0	0	63	63
n01742172_235.JPEG	0	7	63	52
n01742172_243.JPEG	17	13	57	57
n01742172_406.JPEG	12	8	54	60
n01742172_50.JPEG	10	0	61	63
n01742172_123.JPEG	0	24	63	53
n01742172_274.JPEG	0	0	63	50
n01742172_269.JPEG	0	4	63	63
n01742172_386.JPEG	0	22	55	61
n01742172_139.JPEG	0	24	63	48
n01742172_365.JPEG	0	0	63	63
n01742172_121.JPEG	5	4	61	62
n01742172_363.JPEG	0	1	63	53
n01742172_493.JPEG	2	18	63	63
n01742172_173.JPEG	23	0	63	38
n01742172_148.JPEG	0	0	63	63
n01742172_163.JPEG	0	8	49	48
n01742172_291.JPEG	15	21	63	46
n01742172_263.JPEG	0	0	63	63
n01742172_127.JPEG	0	12	63	53
n01742172_179.JPEG	0	1	63	63
n01742172_21.JPEG	0	2	63	63
n01742172_440.JPEG	0	1	63	63
n01742172_414.JPEG	17	0	57	54
n01742172_488.JPEG	0	0	63	63
n01742172_4.JPEG	0	0	45	63
n01742172_349.JPEG	0	8	63	56
n01742172_191.JPEG	14	21	42	38
n01742172_428.JPEG	0	1	63	58
n01742172_172.JPEG	6	13	49	41
n01742172_458.JPEG	9	19	51	63
n01742172_239.JPEG	0	1	60	36
n01742172_454.JPEG	0	5	63	57
n01742172_466.JPEG	0	0	63	63
n01742172_323.JPEG	0	11	63	58
n01742172_218.JPEG	5	0	58	63
n01742172_153.JPEG	12	11	42	63
n01742172_400.JPEG	0	17	63	63
n01742172_150.JPEG	14	11	58	52
n01742172_377.JPEG	0	13	63	53
n01742172_338.JPEG	0	9	63	57
n01742172_0.JPEG	0	2	63	63
n01742172_340.JPEG	22	0	63	35
n01742172_330.JPEG	0	0	63	54
n01742172_280.JPEG	10	0	48	63
n01742172_277.JPEG	0	14	63	63
n01742172_265.JPEG	0	12	63	57
n01742172_382.JPEG	10	27	52	63
n01742172_67.JPEG	0	7	63	63
n01742172_469.JPEG	0	13	63	63
n01742172_6.JPEG	0	0	63	54
n01742172_410.JPEG	19	10	45	55
n01742172_59.JPEG	0	29	42	49
n01742172_244.JPEG	0	20	63	33
n01742172_441.JPEG	23	0	38	63
n01742172_373.JPEG	0	14	63	63
n01742172_222.JPEG	0	5	63	54
n01742172_361.JPEG	0	19	63	59
n01742172_219.JPEG	0	9	59	52
n01742172_450.JPEG	0	7	43	52
n01742172_252.JPEG	9	0	63	63
n01742172_418.JPEG	10	21	52	50
n01742172_347.JPEG	1	0	60	63
n01742172_230.JPEG	1	0	63	63
n01742172_287.JPEG	0	5	63	51
n01742172_255.JPEG	0	15	63	63
n01742172_145.JPEG	19	0	63	63
n01742172_390.JPEG	0	4	63	58
n01742172_398.JPEG	0	6	63	49
n01742172_281.JPEG	0	0	54	56
n01742172_234.JPEG	0	1	63	63
n01742172_467.JPEG	3	13	63	62
n01742172_383.JPEG	0	11	63	51
n01742172_197.JPEG	0	8	63	61
n01742172_237.JPEG	0	5	63	48
n01742172_316.JPEG	19	4	63	36
n01742172_267.JPEG	0	17	63	52
n01742172_457.JPEG	15	12	63	43
n01742172_270.JPEG	0	17	49	63
n01742172_124.JPEG	0	17	63	63
n01742172_56.JPEG	0	0	63	63
n01742172_1.JPEG	28	19	39	60
n01742172_278.JPEG	11	0	61	63
n01742172_78.JPEG	0	0	63	59
n01742172_344.JPEG	0	0	63	63
n01742172_432.JPEG	0	22	63	45
n01742172_190.JPEG	0	32	63	63
n01742172_424.JPEG	0	1	63	63
n01742172_83.JPEG	19	8	40	63
n01742172_468.JPEG	4	9	60	60
n01742172_275.JPEG	0	15	59	52
n01742172_194.JPEG	8	5	55	63
n01742172_158.JPEG	0	21	63	63
n01742172_311.JPEG	3	17	63	63
n01742172_31.JPEG	0	1	63	61
n01742172_170.JPEG	0	1	63	63
n01742172_97.JPEG	0	0	63	63
n01742172_146.JPEG	0	8	63	56
n01742172_372.JPEG	0	1	63	63
n01742172_248.JPEG	11	38	63	58
n01742172_151.JPEG	17	0	63	63
n01742172_147.JPEG	0	3	63	54
n01742172_354.JPEG	2	15	21	63
n01742172_114.JPEG	1	12	63	63
n01742172_63.JPEG	0	14	58	50
n01742172_336.JPEG	0	2	63	59
n01742172_303.JPEG	9	0	63	59
n01742172_297.JPEG	0	11	63	63
n01742172_360.JPEG	5	1	63	63
n01742172_5.JPEG	0	10	63	57
n01742172_138.JPEG	0	15	60	50
n01742172_430.JPEG	0	1	63	63
n01742172_356.JPEG	6	6	63	52
n01742172_490.JPEG	4	5	63	63
n01742172_154.JPEG	0	18	63	63
n01742172_32.JPEG	13	0	46	63
n01742172_90.JPEG	1	0	63	63
n01742172_64.JPEG	0	19	57	57
n01742172_183.JPEG	7	0	42	63
n01742172_23.JPEG	0	11	63	63
n01742172_486.JPEG	3	0	63	63
n01742172_460.JPEG	0	24	63	59
n01742172_117.JPEG	0	10	45	63
n01742172_85.JPEG	0	1	63	63
n01742172_306.JPEG	0	2	63	63
n01742172_49.JPEG	0	3	63	63
n01742172_288.JPEG	0	15	63	63
n01742172_307.JPEG	0	1	63	51
n01742172_68.JPEG	0	4	63	59
n01742172_452.JPEG	1	0	53	63
n01742172_346.JPEG	6	5	51	63
n01742172_8.JPEG	0	9	63	61
n01742172_165.JPEG	0	1	61	61
n01742172_399.JPEG	0	9	63	59
n01742172_362.JPEG	4	4	60	55
n01742172_308.JPEG	3	6	63	63
n01742172_91.JPEG	0	16	63	63
n01742172_54.JPEG	0	1	63	63
n01742172_42.JPEG	32	0	63	63
n01742172_95.JPEG	0	0	63	63
n01742172_380.JPEG	0	0	63	63
n01742172_92.JPEG	0	23	63	63
n01742172_496.JPEG	0	7	63	53
n01742172_276.JPEG	0	18	63	58
n01742172_22.JPEG	0	1	63	63
n01742172_433.JPEG	0	0	63	53
n01742172_228.JPEG	0	1	63	60
n01742172_342.JPEG	9	0	55	54
n01742172_393.JPEG	13	24	63	56
n01742172_174.JPEG	4	0	56	60
n01742172_309.JPEG	0	1	63	63
n01742172_236.JPEG	0	3	63	63
n01742172_223.JPEG	13	0	63	63
n01742172_416.JPEG	0	0	63	54
n01742172_86.JPEG	9	2	63	63
n01742172_437.JPEG	0	3	63	62
n01742172_328.JPEG	26	0	63	63
n01742172_16.JPEG	0	3	63	62
n01742172_212.JPEG	0	0	57	49
n01742172_337.JPEG	0	23	63	54
n01742172_225.JPEG	0	28	56	56
n01742172_70.JPEG	24	0	43	61
n01742172_133.JPEG	5	12	50	52
n01742172_176.JPEG	0	8	63	63
n01742172_403.JPEG	0	10	63	63
n01742172_241.JPEG	6	8	60	63
n01742172_96.JPEG	4	12	58	63
n01742172_483.JPEG	0	1	55	63
n01742172_144.JPEG	0	0	58	47
n01742172_72.JPEG	2	15	63	63
n01742172_199.JPEG	0	1	63	63
n01742172_75.JPEG	0	7	63	57
n01742172_106.JPEG	0	27	63	56
n01742172_29.JPEG	0	1	63	63
n01742172_178.JPEG	3	19	60	63
n01742172_3.JPEG	0	1	63	56
n01742172_164.JPEG	5	0	63	63
n01742172_284.JPEG	0	0	63	63
n01742172_40.JPEG	0	26	35	55
n01742172_435.JPEG	0	42	56	63
n01742172_66.JPEG	0	21	63	63
n01742172_240.JPEG	8	0	63	39
n01742172_109.JPEG	7	0	63	63
n01742172_102.JPEG	0	7	63	63
n01742172_272.JPEG	0	10	63	63
n01742172_499.JPEG	35	5	63	19
n01742172_27.JPEG	5	0	63	63
n01742172_44.JPEG	0	1	63	63
n01742172_325.JPEG	3	19	63	53
n01742172_112.JPEG	0	13	63	63
n01742172_135.JPEG	16	0	39	63
n01742172_299.JPEG	0	18	63	62
n01742172_348.JPEG	0	0	63	63
n01742172_18.JPEG	6	23	63	53
n01742172_352.JPEG	0	7	63	63
n01742172_350.JPEG	29	28	50	42
val_4969.JPEG	13	9	49	51
val_1141.JPEG	0	1	55	51
val_1107.JPEG	0	1	63	63
val_1064.JPEG	0	0	63	63
val_854.JPEG	0	10	33	63
val_9013.JPEG	0	14	48	40
val_704.JPEG	0	18	62	63
val_5539.JPEG	0	1	55	63
val_9710.JPEG	0	6	63	63
val_1560.JPEG	0	0	63	63
val_8392.JPEG	1	0	63	63
val_8597.JPEG	19	15	63	46
val_9689.JPEG	20	0	63	43
val_9025.JPEG	4	0	63	63
val_2070.JPEG	0	1	63	63
val_4847.JPEG	0	7	63	63
val_2243.JPEG	0	4	63	55
val_2764.JPEG	13	3	63	63
val_797.JPEG	0	1	63	63
val_6154.JPEG	0	11	63	63
val_822.JPEG	0	1	48	49
val_1513.JPEG	4	19	47	63
val_8540.JPEG	0	8	63	28
val_8054.JPEG	0	3	63	54
val_6418.JPEG	6	11	55	63
val_9097.JPEG	0	10	63	59
val_7661.JPEG	0	21	63	63
val_8930.JPEG	1	0	60	63
val_7981.JPEG	0	3	63	62
val_2561.JPEG	4	4	63	60
val_7765.JPEG	0	10	63	52
val_5063.JPEG	4	11	63	51
val_1056.JPEG	0	0	63	56
val_249.JPEG	6	4	47	63
val_2848.JPEG	11	0	63	63
