n02769748_236.JPEG	2	1	60	63
n02769748_326.JPEG	9	4	54	63
n02769748_42.JPEG	0	3	38	28
n02769748_38.JPEG	6	3	55	60
n02769748_167.JPEG	4	0	60	63
n02769748_141.JPEG	5	0	58	63
n02769748_305.JPEG	4	1	59	63
n02769748_1.JPEG	20	16	63	52
n02769748_490.JPEG	8	0	59	63
n02769748_331.JPEG	2	0	62	56
n02769748_41.JPEG	6	5	56	63
n02769748_403.JPEG	6	0	63	61
n02769748_216.JPEG	4	4	63	63
n02769748_207.JPEG	4	0	63	63
n02769748_296.JPEG	6	8	48	63
n02769748_335.JPEG	0	4	63	60
n02769748_193.JPEG	8	0	57	63
n02769748_5.JPEG	14	3	57	62
n02769748_109.JPEG	11	31	35	61
n02769748_290.JPEG	5	0	63	63
n02769748_168.JPEG	9	23	54	63
n02769748_248.JPEG	4	0	46	40
n02769748_443.JPEG	0	26	48	63
n02769748_398.JPEG	0	0	63	63
n02769748_425.JPEG	12	6	63	55
n02769748_51.JPEG	3	0	63	63
n02769748_433.JPEG	0	0	63	63
n02769748_302.JPEG	1	0	63	63
n02769748_342.JPEG	0	4	63	63
n02769748_426.JPEG	10	1	57	63
n02769748_194.JPEG	1	0	63	63
n02769748_88.JPEG	0	7	32	61
n02769748_438.JPEG	5	1	58	57
n02769748_450.JPEG	0	5	63	63
n02769748_282.JPEG	5	0	62	63
n02769748_22.JPEG	9	14	58	63
n02769748_251.JPEG	0	0	60	63
n02769748_175.JPEG	8	0	50	63
n02769748_376.JPEG	0	0	62	63
n02769748_184.JPEG	10	11	56	63
n02769748_383.JPEG	0	6	30	54
n02769748_385.JPEG	6	17	63	62
n02769748_217.JPEG	0	0	63	63
n02769748_19.JPEG	0	2	35	63
n02769748_147.JPEG	0	0	63	63
n02769748_319.JPEG	6	1	57	63
n02769748_395.JPEG	15	0	50	63
n02769748_271.JPEG	0	1	63	61
n02769748_8.JPEG	0	0	60	61
n02769748_392.JPEG	0	17	63	63
n02769748_484.JPEG	0	16	33	53
n02769748_85.JPEG	12	14	49	63
n02769748_351.JPEG	12	20	47	57
n02769748_132.JPEG	0	7	63	61
n02769748_192.JPEG	1	15	59	51
n02769748_118.JPEG	20	4	45	48
n02769748_486.JPEG	7	0	56	63
n02769748_146.JPEG	0	1	63	63
n02769748_318.JPEG	0	2	63	62
n02769748_177.JPEG	0	0	63	63
n02769748_237.JPEG	3	0	62	63
n02769748_181.JPEG	9	0	63	63
n02769748_13.JPEG	5	0	56	63
n02769748_404.JPEG	10	0	60	63
n02769748_48.JPEG	1	2	63	63
n02769748_148.JPEG	25	16	41	31
n02769748_43.JPEG	0	0	63	63
n02769748_54.JPEG	12	25	57	57
n02769748_272.JPEG	2	1	63	63
n02769748_165.JPEG	1	0	63	63
n02769748_316.JPEG	0	14	27	50
n02769748_72.JPEG	0	8	63	57
n02769748_267.JPEG	1	6	63	63
n02769748_495.JPEG	6	0	55	62
n02769748_324.JPEG	6	0	56	63
n02769748_257.JPEG	4	0	61	63
n02769748_456.JPEG	4	22	29	57
n02769748_82.JPEG	0	0	63	63
n02769748_473.JPEG	24	0	60	29
n02769748_327.JPEG	11	0	60	58
n02769748_268.JPEG	42	13	63	55
n02769748_355.JPEG	38	5	63	47
n02769748_137.JPEG	0	1	63	63
n02769748_169.JPEG	12	4	56	60
n02769748_270.JPEG	0	3	63	63
n02769748_198.JPEG	21	15	63	63
n02769748_60.JPEG	4	3	54	63
n02769748_483.JPEG	0	11	63	63
n02769748_29.JPEG	0	5	63	63
n02769748_346.JPEG	34	2	63	43
n02769748_62.JPEG	7	10	55	62
n02769748_228.JPEG	0	1	63	63
n02769748_9.JPEG	0	0	63	63
n02769748_191.JPEG	0	9	63	63
n02769748_436.JPEG	0	0	63	63
n02769748_312.JPEG	0	0	62	63
n02769748_188.JPEG	19	1	45	28
n02769748_499.JPEG	6	0	56	63
n02769748_227.JPEG	4	1	59	63
n02769748_30.JPEG	11	14	54	63
n02769748_370.JPEG	0	0	60	63
n02769748_16.JPEG	5	1	63	63
n02769748_287.JPEG	0	0	40	63
n02769748_212.JPEG	2	4	63	60
n02769748_80.JPEG	0	0	63	63
n02769748_440.JPEG	6	0	60	63
n02769748_144.JPEG	51	49	62	58
n02769748_420.JPEG	7	4	63	63
n02769748_110.JPEG	10	1	63	63
n02769748_180.JPEG	7	2	62	63
n02769748_196.JPEG	6	1	59	63
n02769748_352.JPEG	0	0	63	63
n02769748_39.JPEG	0	0	63	63
n02769748_231.JPEG	1	2	61	63
n02769748_106.JPEG	7	0	59	63
n02769748_337.JPEG	9	0	63	63
n02769748_286.JPEG	0	4	41	53
n02769748_209.JPEG	8	1	58	61
n02769748_411.JPEG	0	2	20	48
n02769748_292.JPEG	0	0	63	63
n02769748_104.JPEG	0	5	63	63
n02769748_418.JPEG	1	0	63	63
n02769748_128.JPEG	0	27	32	62
n02769748_465.JPEG	0	0	53	63
n02769748_451.JPEG	16	11	63	63
n02769748_63.JPEG	0	1	63	62
n02769748_186.JPEG	34	1	63	62
n02769748_381.JPEG	0	0	63	63
n02769748_130.JPEG	28	0	59	25
n02769748_409.JPEG	4	4	50	60
n02769748_255.JPEG	5	3	61	63
n02769748_91.JPEG	0	3	63	60
n02769748_363.JPEG	3	0	62	63
n02769748_107.JPEG	4	5	52	61
n02769748_120.JPEG	0	0	63	63
n02769748_476.JPEG	7	0	55	63
n02769748_214.JPEG	24	10	53	46
n02769748_100.JPEG	11	0	53	63
n02769748_131.JPEG	3	0	60	63
n02769748_115.JPEG	1	0	63	63
n02769748_182.JPEG	3	7	57	63
n02769748_364.JPEG	0	2	61	63
n02769748_348.JPEG	3	1	63	63
n02769748_498.JPEG	6	0	59	63
n02769748_299.JPEG	1	4	63	63
n02769748_52.JPEG	0	7	63	63
n02769748_362.JPEG	30	0	52	27
n02769748_470.JPEG	36	19	56	40
n02769748_294.JPEG	1	6	55	63
n02769748_96.JPEG	2	0	58	63
n02769748_21.JPEG	4	1	59	63
n02769748_281.JPEG	13	5	49	62
n02769748_76.JPEG	46	16	63	36
n02769748_325.JPEG	0	5	63	59
n02769748_222.JPEG	15	10	49	56
n02769748_338.JPEG	21	39	63	63
n02769748_123.JPEG	3	10	46	62
n02769748_343.JPEG	3	0	63	63
n02769748_464.JPEG	40	18	55	42
n02769748_211.JPEG	8	14	48	63
n02769748_170.JPEG	8	0	61	63
n02769748_162.JPEG	0	3	63	61
n02769748_357.JPEG	0	1	63	63
n02769748_321.JPEG	1	4	63	61
n02769748_291.JPEG	0	0	63	63
n02769748_359.JPEG	11	1	50	56
n02769748_154.JPEG	0	17	25	46
n02769748_73.JPEG	12	5	54	62
n02769748_259.JPEG	6	1	60	60
n02769748_477.JPEG	0	0	60	63
n02769748_412.JPEG	2	0	62	63
n02769748_422.JPEG	0	9	62	52
n02769748_396.JPEG	1	8	63	63
n02769748_466.JPEG	0	0	63	63
n02769748_253.JPEG	25	27	52	56
n02769748_439.JPEG	30	2	63	63
n02769748_329.JPEG	0	29	27	63
n02769748_423.JPEG	0	0	63	63
n02769748_27.JPEG	0	21	47	61
n02769748_152.JPEG	3	0	63	63
n02769748_459.JPEG	0	0	63	63
n02769748_157.JPEG	4	0	58	63
n02769748_288.JPEG	13	10	63	63
n02769748_138.JPEG	8	0	61	63
n02769748_301.JPEG	19	14	58	63
n02769748_460.JPEG	1	0	62	63
n02769748_31.JPEG	30	7	63	62
n02769748_240.JPEG	0	5	30	62
n02769748_478.JPEG	8	0	56	63
n02769748_204.JPEG	12	5	49	63
n02769748_300.JPEG	12	4	63	63
n02769748_25.JPEG	0	0	57	63
n02769748_461.JPEG	1	0	63	63
n02769748_258.JPEG	13	4	52	50
n02769748_441.JPEG	1	1	63	40
n02769748_320.JPEG	39	5	63	47
n02769748_150.JPEG	1	0	63	63
n02769748_289.JPEG	1	4	63	58
n02769748_46.JPEG	13	20	62	51
n02769748_36.JPEG	1	0	63	63
n02769748_457.JPEG	7	0	56	63
n02769748_482.JPEG	1	0	55	63
n02769748_2.JPEG	49	45	63	63
n02769748_20.JPEG	35	17	63	56
n02769748_413.JPEG	24	14	54	59
n02769748_67.JPEG	0	1	63	59
n02769748_249.JPEG	4	12	49	59
n02769748_35.JPEG	0	0	57	63
n02769748_187.JPEG	11	6	53	63
n02769748_417.JPEG	0	0	63	63
n02769748_74.JPEG	6	0	62	63
n02769748_23.JPEG	0	23	9	50
n02769748_323.JPEG	7	8	62	63
n02769748_226.JPEG	0	0	58	63
n02769748_277.JPEG	44	1	63	32
n02769748_449.JPEG	12	30	44	63
n02769748_430.JPEG	0	1	29	37
n02769748_310.JPEG	3	7	63	52
n02769748_408.JPEG	1	0	61	63
n02769748_172.JPEG	0	2	63	63
n02769748_384.JPEG	1	0	63	63
n02769748_479.JPEG	12	0	55	45
n02769748_199.JPEG	18	32	23	39
n02769748_391.JPEG	16	16	47	63
n02769748_161.JPEG	9	0	63	63
n02769748_66.JPEG	0	0	59	63
n02769748_246.JPEG	7	0	58	63
n02769748_71.JPEG	4	0	42	33
n02769748_225.JPEG	0	5	63	56
n02769748_336.JPEG	20	12	57	63
n02769748_284.JPEG	0	3	63	63
n02769748_55.JPEG	0	0	60	63
n02769748_139.JPEG	0	0	61	63
n02769748_119.JPEG	10	3	53	61
n02769748_10.JPEG	6	4	30	59
n02769748_314.JPEG	8	4	63	63
n02769748_354.JPEG	0	1	63	63
n02769748_445.JPEG	6	0	63	63
n02769748_358.JPEG	33	40	43	57
n02769748_375.JPEG	11	14	52	63
n02769748_203.JPEG	38	1	63	63
n02769748_260.JPEG	27	0	63	63
n02769748_158.JPEG	0	12	63	63
n02769748_435.JPEG	0	5	24	42
n02769748_262.JPEG	4	0	61	63
n02769748_223.JPEG	25	16	47	44
n02769748_380.JPEG	0	6	33	50
n02769748_307.JPEG	6	11	61	63
n02769748_232.JPEG	11	2	57	63
n02769748_366.JPEG	0	10	63	63
n02769748_298.JPEG	6	43	32	63
n02769748_201.JPEG	0	15	17	57
n02769748_142.JPEG	0	0	62	50
n02769748_397.JPEG	0	1	63	60
n02769748_145.JPEG	11	0	54	63
n02769748_61.JPEG	34	9	63	51
n02769748_243.JPEG	12	6	56	60
n02769748_365.JPEG	17	10	47	47
n02769748_94.JPEG	1	0	63	63
n02769748_467.JPEG	7	0	63	63
n02769748_264.JPEG	4	0	63	61
n02769748_83.JPEG	0	1	63	63
n02769748_215.JPEG	11	0	63	63
n02769748_368.JPEG	0	0	63	63
n02769748_239.JPEG	50	17	63	62
n02769748_156.JPEG	1	0	62	63
n02769748_108.JPEG	0	14	63	63
n02769748_47.JPEG	0	4	63	63
n02769748_274.JPEG	0	0	60	63
n02769748_86.JPEG	0	0	58	63
n02769748_448.JPEG	13	19	45	50
n02769748_275.JPEG	4	0	60	63
n02769748_458.JPEG	20	5	63	63
n02769748_427.JPEG	6	0	59	63
n02769748_101.JPEG	0	8	63	63
n02769748_453.JPEG	3	0	60	63
n02769748_497.JPEG	32	26	63	63
n02769748_116.JPEG	0	0	63	63
n02769748_84.JPEG	11	5	53	62
n02769748_33.JPEG	1	0	63	63
n02769748_92.JPEG	13	9	53	57
n02769748_14.JPEG	9	13	58	63
n02769748_447.JPEG	8	0	57	57
n02769748_7.JPEG	5	4	63	63
n02769748_488.JPEG	0	3	63	61
n02769748_322.JPEG	0	1	17	62
n02769748_32.JPEG	11	1	55	63
n02769748_308.JPEG	0	1	63	63
n02769748_261.JPEG	6	0	63	61
n02769748_293.JPEG	13	0	51	63
n02769748_334.JPEG	6	0	56	43
n02769748_129.JPEG	5	0	60	63
n02769748_219.JPEG	8	0	56	63
n02769748_374.JPEG	12	0	54	63
n02769748_421.JPEG	0	9	63	62
n02769748_252.JPEG	3	0	61	63
n02769748_56.JPEG	12	1	53	55
n02769748_218.JPEG	26	40	45	63
n02769748_361.JPEG	25	2	57	43
n02769748_250.JPEG	3	0	63	63
n02769748_178.JPEG	0	3	63	62
n02769748_44.JPEG	2	0	62	63
n02769748_103.JPEG	10	12	52	61
n02769748_304.JPEG	0	13	61	63
n02769748_386.JPEG	5	0	61	63
n02769748_414.JPEG	0	2	63	63
n02769748_70.JPEG	10	23	34	63
n02769748_0.JPEG	1	0	63	63
n02769748_415.JPEG	12	3	53	29
n02769748_235.JPEG	0	0	63	63
n02769748_190.JPEG	0	1	63	63
n02769748_399.JPEG	21	23	42	61
n02769748_437.JPEG	0	3	32	58
n02769748_233.JPEG	12	1	58	63
n02769748_269.JPEG	0	1	63	63
n02769748_349.JPEG	7	4	58	60
n02769748_140.JPEG	10	0	63	63
n02769748_200.JPEG	2	0	61	63
n02769748_195.JPEG	1	0	59	63
n02769748_344.JPEG	13	2	51	62
n02769748_442.JPEG	16	20	59	63
n02769748_153.JPEG	0	9	63	63
n02769748_124.JPEG	14	31	46	63
n02769748_37.JPEG	1	0	63	63
n02769748_489.JPEG	4	0	61	63
n02769748_112.JPEG	0	3	24	37
n02769748_77.JPEG	1	0	63	63
n02769748_469.JPEG	0	1	63	63
n02769748_369.JPEG	0	2	63	56
n02769748_224.JPEG	11	2	54	62
n02769748_480.JPEG	0	10	30	57
n02769748_496.JPEG	0	0	63	63
n02769748_58.JPEG	1	1	57	63
n02769748_99.JPEG	1	0	61	63
n02769748_40.JPEG	5	0	58	63
n02769748_367.JPEG	0	0	63	63
n02769748_208.JPEG	0	0	63	63
n02769748_205.JPEG	5	0	59	63
n02769748_462.JPEG	20	1	63	60
n02769748_160.JPEG	4	0	63	63
n02769748_173.JPEG	7	0	45	46
n02769748_306.JPEG	3	0	62	63
n02769748_273.JPEG	25	1	63	44
n02769748_220.JPEG	5	0	45	28
n02769748_401.JPEG	0	0	63	63
n02769748_256.JPEG	13	2	48	63
n02769748_280.JPEG	0	0	53	63
n02769748_405.JPEG	14	13	50	62
n02769748_475.JPEG	0	8	63	63
n02769748_155.JPEG	18	10	48	63
val_6492.JPEG	0	0	47	63
val_2452.JPEG	0	0	63	63
val_3683.JPEG	11	1	49	37
val_6145.JPEG	0	1	63	63
val_6921.JPEG	1	0	63	63
val_7340.JPEG	2	0	62	63
val_1979.JPEG	15	0	59	63
val_5638.JPEG	0	0	63	63
val_1006.JPEG	4	0	57	63
val_4026.JPEG	8	5	49	62
val_236.JPEG	16	16	40	36
val_8835.JPEG	0	1	63	63
val_1830.JPEG	3	0	59	63
val_5924.JPEG	9	0	63	63
val_8074.JPEG	24	15	39	41
val_2787.JPEG	4	21	17	36
val_3560.JPEG	7	0	59	63
val_8966.JPEG	6	13	30	41
val_1255.JPEG	0	7	40	62
val_9405.JPEG	0	1	63	63
val_9012.JPEG	0	11	63	63
val_4838.JPEG	2	1	62	63
val_8991.JPEG	0	15	63	63
val_1185.JPEG	0	4	29	31
val_9159.JPEG	2	5	63	62
val_2305.JPEG	0	0	63	63
val_8674.JPEG	8	2	57	62
val_5205.JPEG	2	11	39	63
val_5862.JPEG	11	0	63	39
val_93.JPEG	1	0	63	63
val_7759.JPEG	6	16	53	63
val_7159.JPEG	8	10	61	56
val_6732.JPEG	0	3	63	63
val_5555.JPEG	3	0	63	63
val_5673.JPEG	5	3	61	61
