n02123045_305.JPEG	0	14	63	63
n02123045_415.JPEG	3	0	63	63
n02123045_231.JPEG	1	0	63	63
n02123045_172.JPEG	17	1	63	60
n02123045_486.JPEG	4	8	63	57
n02123045_352.JPEG	5	0	57	63
n02123045_232.JPEG	5	0	63	63
n02123045_401.JPEG	0	0	63	63
n02123045_34.JPEG	1	0	63	63
n02123045_333.JPEG	0	0	63	63
n02123045_455.JPEG	13	6	52	63
n02123045_167.JPEG	8	0	60	63
n02123045_164.JPEG	12	10	63	55
n02123045_372.JPEG	0	1	63	63
n02123045_252.JPEG	0	16	63	46
n02123045_380.JPEG	0	7	63	60
n02123045_73.JPEG	0	14	63	63
n02123045_146.JPEG	10	0	55	63
n02123045_109.JPEG	7	6	63	63
n02123045_476.JPEG	0	0	63	63
n02123045_366.JPEG	0	1	63	59
n02123045_308.JPEG	23	21	63	57
n02123045_329.JPEG	5	3	52	63
n02123045_295.JPEG	6	12	63	63
n02123045_6.JPEG	0	2	63	57
n02123045_417.JPEG	3	0	63	57
n02123045_238.JPEG	0	1	63	63
n02123045_243.JPEG	3	1	63	63
n02123045_69.JPEG	0	14	31	35
n02123045_62.JPEG	0	3	63	63
n02123045_214.JPEG	0	0	63	63
n02123045_154.JPEG	23	21	63	56
n02123045_445.JPEG	0	0	63	63
n02123045_85.JPEG	0	1	63	63
n02123045_120.JPEG	11	3	63	58
n02123045_11.JPEG	6	12	58	58
n02123045_124.JPEG	0	4	57	63
n02123045_432.JPEG	0	32	43	63
n02123045_342.JPEG	0	3	63	54
n02123045_240.JPEG	0	0	63	61
n02123045_272.JPEG	29	12	63	38
n02123045_2.JPEG	0	1	63	60
n02123045_374.JPEG	0	0	48	63
n02123045_113.JPEG	6	12	63	43
n02123045_42.JPEG	10	7	63	63
n02123045_236.JPEG	0	1	63	63
n02123045_410.JPEG	0	13	63	63
n02123045_456.JPEG	0	21	63	48
n02123045_398.JPEG	0	0	62	63
n02123045_304.JPEG	20	0	62	63
n02123045_71.JPEG	0	0	57	63
n02123045_46.JPEG	2	4	62	58
n02123045_397.JPEG	14	21	44	42
n02123045_77.JPEG	2	2	63	63
n02123045_234.JPEG	11	0	52	63
n02123045_195.JPEG	16	1	61	63
n02123045_18.JPEG	6	15	59	61
n02123045_22.JPEG	0	2	63	63
n02123045_258.JPEG	8	11	63	63
n02123045_229.JPEG	5	0	56	63
n02123045_191.JPEG	0	0	63	63
n02123045_487.JPEG	0	1	63	63
n02123045_198.JPEG	0	18	63	63
n02123045_314.JPEG	24	7	58	63
n02123045_216.JPEG	0	0	63	63
n02123045_176.JPEG	17	17	63	53
n02123045_193.JPEG	14	10	51	60
n02123045_16.JPEG	0	0	58	41
n02123045_263.JPEG	0	1	63	55
n02123045_361.JPEG	4	11	55	63
n02123045_119.JPEG	0	17	58	57
n02123045_17.JPEG	0	10	58	63
n02123045_488.JPEG	0	9	63	52
n02123045_13.JPEG	17	0	48	63
n02123045_460.JPEG	18	7	47	60
n02123045_492.JPEG	0	16	63	51
n02123045_256.JPEG	13	13	50	63
n02123045_105.JPEG	5	0	63	63
n02123045_384.JPEG	0	9	63	63
n02123045_181.JPEG	0	1	63	63
n02123045_327.JPEG	0	7	58	63
n02123045_15.JPEG	2	4	63	56
n02123045_412.JPEG	0	8	63	55
n02123045_78.JPEG	20	0	63	63
n02123045_132.JPEG	0	12	63	49
n02123045_101.JPEG	0	12	52	57
n02123045_291.JPEG	1	0	63	63
n02123045_212.JPEG	0	3	63	54
n02123045_65.JPEG	0	1	63	63
n02123045_282.JPEG	0	1	63	50
n02123045_367.JPEG	8	12	51	52
n02123045_468.JPEG	0	8	55	63
n02123045_276.JPEG	0	10	63	63
n02123045_99.JPEG	0	0	63	63
n02123045_375.JPEG	6	2	63	63
n02123045_290.JPEG	0	0	60	63
n02123045_233.JPEG	27	17	48	48
n02123045_442.JPEG	0	9	63	44
n02123045_39.JPEG	36	7	63	54
n02123045_50.JPEG	0	3	63	57
n02123045_97.JPEG	8	0	63	63
n02123045_224.JPEG	21	0	49	57
n02123045_117.JPEG	0	1	63	63
n02123045_91.JPEG	0	1	63	63
n02123045_211.JPEG	26	2	61	63
n02123045_490.JPEG	18	0	63	63
n02123045_382.JPEG	10	0	61	63
n02123045_138.JPEG	0	2	61	52
n02123045_447.JPEG	0	3	38	59
n02123045_81.JPEG	0	8	56	48
n02123045_173.JPEG	1	4	59	62
n02123045_313.JPEG	15	48	30	60
n02123045_180.JPEG	0	5	19	63
n02123045_385.JPEG	0	0	63	53
n02123045_425.JPEG	0	0	53	63
n02123045_72.JPEG	22	0	58	57
n02123045_149.JPEG	4	0	63	63
n02123045_185.JPEG	9	0	63	63
n02123045_197.JPEG	6	10	47	55
n02123045_230.JPEG	0	4	63	60
n02123045_94.JPEG	0	20	63	57
n02123045_235.JPEG	9	11	63	55
n02123045_477.JPEG	6	0	48	63
n02123045_419.JPEG	0	0	63	63
n02123045_336.JPEG	27	21	63	62
n02123045_324.JPEG	0	0	63	63
n02123045_245.JPEG	0	0	63	63
n02123045_67.JPEG	6	0	54	63
n02123045_321.JPEG	26	1	63	39
n02123045_218.JPEG	23	18	45	54
n02123045_4.JPEG	0	12	36	63
n02123045_53.JPEG	0	23	42	61
n02123045_285.JPEG	9	0	63	63
n02123045_293.JPEG	0	0	63	63
n02123045_337.JPEG	0	24	22	60
n02123045_315.JPEG	4	7	57	62
n02123045_429.JPEG	35	6	63	40
n02123045_302.JPEG	5	0	59	63
n02123045_467.JPEG	0	0	63	63
n02123045_368.JPEG	0	0	63	63
n02123045_206.JPEG	8	26	63	48
n02123045_431.JPEG	0	3	63	63
n02123045_497.JPEG	8	10	50	57
n02123045_341.JPEG	0	9	63	46
n02123045_369.JPEG	0	17	54	60
n02123045_189.JPEG	0	0	38	63
n02123045_310.JPEG	0	7	63	52
n02123045_136.JPEG	1	0	58	63
n02123045_435.JPEG	0	4	63	63
n02123045_126.JPEG	0	0	63	63
n02123045_353.JPEG	0	4	58	63
n02123045_251.JPEG	2	10	55	63
n02123045_108.JPEG	8	1	62	53
n02123045_362.JPEG	0	0	63	63
n02123045_202.JPEG	7	4	51	63
n02123045_322.JPEG	0	1	63	63
n02123045_222.JPEG	34	25	63	60
n02123045_5.JPEG	3	5	63	58
n02123045_52.JPEG	0	0	63	63
n02123045_356.JPEG	18	22	42	55
n02123045_451.JPEG	0	5	58	62
n02123045_128.JPEG	0	0	63	63
n02123045_63.JPEG	0	10	61	61
n02123045_430.JPEG	4	2	63	63
n02123045_357.JPEG	0	17	63	49
n02123045_395.JPEG	0	7	46	63
n02123045_28.JPEG	12	10	54	63
n02123045_92.JPEG	1	0	63	57
n02123045_462.JPEG	0	4	63	63
n02123045_96.JPEG	0	0	63	63
n02123045_166.JPEG	16	6	46	37
n02123045_148.JPEG	0	1	63	60
n02123045_495.JPEG	0	0	63	63
n02123045_298.JPEG	0	9	63	62
n02123045_472.JPEG	19	30	63	60
n02123045_473.JPEG	4	0	63	63
n02123045_439.JPEG	6	2	63	54
n02123045_265.JPEG	33	11	63	63
n02123045_45.JPEG	12	23	31	46
n02123045_253.JPEG	20	7	63	58
n02123045_221.JPEG	34	0	63	59
n02123045_207.JPEG	16	20	40	34
n02123045_376.JPEG	0	7	56	63
n02123045_288.JPEG	0	0	63	63
n02123045_400.JPEG	0	1	49	63
n02123045_493.JPEG	0	7	63	54
n02123045_402.JPEG	4	0	56	63
n02123045_393.JPEG	0	3	55	56
n02123045_423.JPEG	11	10	63	44
n02123045_142.JPEG	0	0	63	63
n02123045_420.JPEG	0	0	63	63
n02123045_51.JPEG	1	0	63	63
n02123045_377.JPEG	2	1	60	63
n02123045_74.JPEG	0	2	63	63
n02123045_14.JPEG	0	0	63	63
n02123045_36.JPEG	0	8	63	56
n02123045_458.JPEG	6	0	63	63
n02123045_348.JPEG	12	19	49	41
n02123045_237.JPEG	28	7	63	63
n02123045_171.JPEG	2	0	63	63
n02123045_114.JPEG	1	4	59	61
n02123045_483.JPEG	31	2	57	52
n02123045_350.JPEG	14	0	62	63
n02123045_239.JPEG	0	4	63	63
n02123045_0.JPEG	0	15	39	44
n02123045_162.JPEG	0	1	63	58
n02123045_56.JPEG	2	0	63	63
n02123045_127.JPEG	0	0	63	63
n02123045_60.JPEG	24	19	58	59
n02123045_268.JPEG	0	5	45	63
n02123045_156.JPEG	5	0	59	63
n02123045_79.JPEG	0	1	63	63
n02123045_301.JPEG	0	5	63	60
n02123045_19.JPEG	0	9	63	63
n02123045_61.JPEG	0	0	63	63
n02123045_244.JPEG	0	0	47	63
n02123045_204.JPEG	0	1	63	58
n02123045_307.JPEG	8	0	63	63
n02123045_168.JPEG	9	8	61	60
n02123045_326.JPEG	6	3	61	60
n02123045_174.JPEG	0	8	63	60
n02123045_30.JPEG	0	0	57	63
n02123045_436.JPEG	0	0	62	63
n02123045_470.JPEG	1	0	63	63
n02123045_332.JPEG	0	0	63	46
n02123045_346.JPEG	16	3	62	63
n02123045_461.JPEG	0	14	63	57
n02123045_200.JPEG	0	7	53	57
n02123045_104.JPEG	20	18	63	63
n02123045_484.JPEG	0	0	63	63
n02123045_311.JPEG	25	14	48	63
n02123045_93.JPEG	0	4	59	61
n02123045_349.JPEG	0	0	62	63
n02123045_255.JPEG	0	0	63	63
n02123045_241.JPEG	1	0	59	63
n02123045_144.JPEG	2	0	63	63
n02123045_151.JPEG	0	1	63	63
n02123045_388.JPEG	7	4	60	60
n02123045_403.JPEG	0	0	63	63
n02123045_196.JPEG	0	1	54	63
n02123045_381.JPEG	16	0	49	63
n02123045_334.JPEG	0	20	63	42
n02123045_443.JPEG	7	12	63	63
n02123045_499.JPEG	1	3	54	63
n02123045_209.JPEG	16	1	63	63
n02123045_49.JPEG	22	9	56	56
n02123045_328.JPEG	0	1	63	51
n02123045_40.JPEG	0	18	44	49
n02123045_184.JPEG	0	11	63	57
n02123045_160.JPEG	15	3	63	63
n02123045_111.JPEG	0	0	63	63
n02123045_478.JPEG	37	34	60	61
n02123045_441.JPEG	1	1	63	63
n02123045_474.JPEG	29	17	63	52
n02123045_135.JPEG	0	0	63	63
n02123045_370.JPEG	0	16	63	60
n02123045_102.JPEG	15	2	63	58
n02123045_331.JPEG	39	26	63	35
n02123045_416.JPEG	0	0	63	50
n02123045_471.JPEG	0	4	63	60
n02123045_187.JPEG	0	0	63	63
n02123045_83.JPEG	0	0	63	63
n02123045_448.JPEG	12	6	45	51
n02123045_84.JPEG	18	19	57	63
n02123045_424.JPEG	0	6	60	54
n02123045_277.JPEG	10	30	57	63
n02123045_64.JPEG	13	22	59	58
n02123045_225.JPEG	3	15	52	57
n02123045_257.JPEG	0	6	49	63
n02123045_407.JPEG	2	16	51	63
n02123045_303.JPEG	9	3	53	63
n02123045_87.JPEG	0	2	54	57
n02123045_363.JPEG	0	0	48	62
n02123045_201.JPEG	0	11	63	63
n02123045_479.JPEG	0	1	63	58
n02123045_215.JPEG	7	3	53	63
n02123045_107.JPEG	7	0	63	63
n02123045_58.JPEG	0	0	63	63
n02123045_264.JPEG	0	8	63	62
n02123045_199.JPEG	10	2	63	63
n02123045_210.JPEG	0	5	63	63
n02123045_261.JPEG	0	1	59	49
n02123045_275.JPEG	14	6	49	57
n02123045_90.JPEG	1	0	63	63
n02123045_57.JPEG	39	7	63	49
n02123045_338.JPEG	0	8	24	52
n02123045_278.JPEG	2	5	53	57
n02123045_452.JPEG	10	1	37	63
n02123045_26.JPEG	5	0	55	63
n02123045_378.JPEG	6	1	53	63
n02123045_411.JPEG	22	0	62	63
n02123045_169.JPEG	0	1	63	63
n02123045_80.JPEG	2	0	57	63
n02123045_47.JPEG	21	7	61	63
n02123045_121.JPEG	20	6	63	38
n02123045_89.JPEG	38	21	61	53
n02123045_491.JPEG	14	0	57	63
n02123045_297.JPEG	30	28	53	49
n02123045_454.JPEG	0	0	53	62
n02123045_281.JPEG	3	2	52	61
n02123045_339.JPEG	0	1	63	63
n02123045_20.JPEG	12	1	63	63
n02123045_44.JPEG	0	0	63	63
n02123045_413.JPEG	23	30	42	56
n02123045_351.JPEG	6	11	55	51
n02123045_286.JPEG	1	0	63	55
n02123045_227.JPEG	0	1	63	63
n02123045_294.JPEG	7	1	52	60
n02123045_159.JPEG	6	0	52	63
n02123045_249.JPEG	27	19	49	38
n02123045_418.JPEG	2	6	62	56
n02123045_494.JPEG	8	0	50	63
n02123045_364.JPEG	19	6	47	63
n02123045_182.JPEG	0	5	63	59
n02123045_394.JPEG	5	0	63	63
n02123045_355.JPEG	27	0	63	47
n02123045_335.JPEG	4	0	60	62
n02123045_440.JPEG	0	0	63	56
n02123045_371.JPEG	14	4	63	63
n02123045_387.JPEG	0	13	63	60
n02123045_194.JPEG	19	7	51	57
n02123045_475.JPEG	0	13	63	57
n02123045_98.JPEG	14	0	63	63
n02123045_428.JPEG	12	12	63	48
n02123045_260.JPEG	1	0	60	63
n02123045_283.JPEG	4	3	51	59
n02123045_481.JPEG	0	4	52	63
n02123045_179.JPEG	0	0	57	63
n02123045_130.JPEG	9	0	57	63
n02123045_312.JPEG	0	0	63	63
n02123045_469.JPEG	7	1	63	63
n02123045_75.JPEG	0	9	63	56
n02123045_219.JPEG	11	5	63	61
n02123045_343.JPEG	1	2	63	63
n02123045_88.JPEG	0	0	63	63
n02123045_271.JPEG	0	7	56	48
n02123045_464.JPEG	16	4	63	50
n02123045_8.JPEG	0	0	63	63
n02123045_76.JPEG	0	0	63	46
n02123045_131.JPEG	0	14	52	63
n02123045_287.JPEG	0	0	63	63
n02123045_115.JPEG	0	1	63	63
n02123045_12.JPEG	15	4	43	26
n02123045_110.JPEG	0	5	63	61
n02123045_27.JPEG	0	3	63	63
n02123045_133.JPEG	20	0	53	63
n02123045_389.JPEG	1	0	63	63
n02123045_360.JPEG	10	4	63	55
n02123045_1.JPEG	0	0	63	63
n02123045_457.JPEG	0	0	61	63
val_4199.JPEG	4	10	63	63
val_9316.JPEG	0	0	63	63
val_4147.JPEG	1	5	63	63
val_1399.JPEG	29	15	63	58
val_179.JPEG	27	0	58	53
val_8034.JPEG	2	0	63	63
val_1356.JPEG	0	2	32	49
val_3102.JPEG	8	2	55	57
val_4742.JPEG	0	6	63	63
val_1300.JPEG	0	6	63	61
val_5347.JPEG	0	16	60	63
val_218.JPEG	2	10	31	26
val_96.JPEG	0	1	41	46
val_3103.JPEG	0	1	63	63
val_4550.JPEG	17	8	58	63
val_2060.JPEG	0	1	63	61
val_6100.JPEG	2	0	63	63
val_4832.JPEG	0	2	63	63
val_6579.JPEG	17	17	48	56
val_5219.JPEG	0	9	63	63
val_76.JPEG	3	7	63	63
val_3198.JPEG	15	5	61	63
val_3525.JPEG	10	9	54	58
val_9660.JPEG	18	19	42	48
val_458.JPEG	19	9	56	53
val_6314.JPEG	1	5	63	63
val_789.JPEG	19	0	56	63
val_2148.JPEG	6	0	63	63
val_7304.JPEG	19	0	59	63
val_9259.JPEG	1	5	63	63
val_5157.JPEG	0	3	63	56
val_8807.JPEG	0	11	59	41
val_7572.JPEG	0	0	61	63
val_6203.JPEG	4	7	63	63
val_8002.JPEG	0	10	63	52
