n04254777_295.JPEG	35	1	63	63
n04254777_364.JPEG	26	0	63	63
n04254777_0.JPEG	32	10	58	63
n04254777_426.JPEG	34	3	63	63
n04254777_450.JPEG	37	0	56	30
n04254777_288.JPEG	63	5	63	48
n04254777_268.JPEG	31	4	63	53
n04254777_419.JPEG	26	0	63	63
n04254777_141.JPEG	9	0	60	51
n04254777_309.JPEG	37	19	63	40
n04254777_53.JPEG	27	0	62	31
n04254777_491.JPEG	0	6	63	60
n04254777_236.JPEG	0	9	59	62
n04254777_428.JPEG	11	0	36	39
n04254777_468.JPEG	29	0	50	50
n04254777_220.JPEG	0	19	45	63
n04254777_63.JPEG	23	15	43	63
n04254777_156.JPEG	0	5	63	63
n04254777_90.JPEG	5	0	26	58
n04254777_470.JPEG	19	0	63	63
n04254777_499.JPEG	11	1	53	63
n04254777_469.JPEG	28	4	63	62
n04254777_59.JPEG	32	0	63	63
n04254777_318.JPEG	3	8	52	63
n04254777_373.JPEG	3	0	39	63
n04254777_369.JPEG	35	0	63	63
n04254777_330.JPEG	30	1	63	63
n04254777_71.JPEG	31	4	63	63
n04254777_125.JPEG	48	49	60	63
n04254777_239.JPEG	27	8	62	63
n04254777_273.JPEG	4	1	43	55
n04254777_352.JPEG	0	12	39	63
n04254777_214.JPEG	3	30	12	55
n04254777_87.JPEG	0	3	31	61
n04254777_385.JPEG	17	0	53	63
n04254777_39.JPEG	24	4	62	62
n04254777_477.JPEG	32	8	50	63
n04254777_433.JPEG	21	10	63	54
n04254777_438.JPEG	2	0	63	46
n04254777_242.JPEG	0	0	34	63
n04254777_413.JPEG	9	4	51	53
n04254777_205.JPEG	0	5	38	48
n04254777_472.JPEG	14	39	41	60
n04254777_271.JPEG	29	20	63	63
n04254777_154.JPEG	35	0	54	63
n04254777_267.JPEG	13	10	63	21
n04254777_148.JPEG	8	4	52	63
n04254777_350.JPEG	0	0	63	63
n04254777_17.JPEG	30	14	45	60
n04254777_417.JPEG	16	0	63	63
n04254777_348.JPEG	34	0	61	54
n04254777_191.JPEG	0	3	63	62
n04254777_421.JPEG	20	19	63	60
n04254777_211.JPEG	0	4	63	62
n04254777_338.JPEG	0	2	63	36
n04254777_107.JPEG	28	12	63	63
n04254777_461.JPEG	0	0	63	39
n04254777_198.JPEG	2	0	58	63
n04254777_277.JPEG	0	0	61	61
n04254777_489.JPEG	3	13	33	63
n04254777_305.JPEG	17	55	23	63
n04254777_134.JPEG	0	15	63	56
n04254777_395.JPEG	7	0	60	63
n04254777_466.JPEG	28	0	62	63
n04254777_98.JPEG	2	0	63	63
n04254777_420.JPEG	35	51	42	63
n04254777_219.JPEG	15	10	63	31
n04254777_287.JPEG	31	1	63	63
n04254777_91.JPEG	29	8	63	59
n04254777_429.JPEG	0	24	63	60
n04254777_13.JPEG	2	11	49	63
n04254777_155.JPEG	9	0	60	63
n04254777_320.JPEG	48	13	63	55
n04254777_325.JPEG	0	0	38	63
n04254777_170.JPEG	7	0	49	63
n04254777_315.JPEG	6	20	58	63
n04254777_298.JPEG	21	0	47	63
n04254777_124.JPEG	33	1	63	61
n04254777_151.JPEG	0	0	63	63
n04254777_335.JPEG	17	15	63	58
n04254777_213.JPEG	30	0	55	63
n04254777_20.JPEG	10	9	57	63
n04254777_110.JPEG	26	0	57	63
n04254777_332.JPEG	16	1	63	63
n04254777_283.JPEG	11	7	35	63
n04254777_84.JPEG	39	0	63	56
n04254777_195.JPEG	17	0	63	63
n04254777_282.JPEG	2	0	62	63
n04254777_464.JPEG	0	0	28	63
n04254777_178.JPEG	23	26	63	61
n04254777_376.JPEG	34	4	63	63
n04254777_113.JPEG	2	0	51	39
n04254777_400.JPEG	0	9	60	42
n04254777_143.JPEG	23	10	55	55
n04254777_241.JPEG	0	1	63	63
n04254777_263.JPEG	0	4	11	62
n04254777_117.JPEG	38	0	59	62
n04254777_486.JPEG	2	4	63	50
n04254777_262.JPEG	6	0	62	63
n04254777_480.JPEG	0	3	33	63
n04254777_329.JPEG	0	0	61	63
n04254777_60.JPEG	2	7	62	62
n04254777_210.JPEG	32	14	63	63
n04254777_31.JPEG	7	1	37	63
n04254777_285.JPEG	32	18	49	62
n04254777_21.JPEG	0	1	56	62
n04254777_108.JPEG	0	15	63	47
n04254777_286.JPEG	13	11	42	61
n04254777_180.JPEG	0	0	39	63
n04254777_311.JPEG	2	4	63	56
n04254777_451.JPEG	16	0	63	63
n04254777_190.JPEG	35	27	50	52
n04254777_313.JPEG	3	11	63	58
n04254777_200.JPEG	24	0	55	50
n04254777_40.JPEG	5	0	28	63
n04254777_116.JPEG	10	0	45	62
n04254777_344.JPEG	21	0	49	55
n04254777_485.JPEG	0	1	63	63
n04254777_367.JPEG	9	1	50	63
n04254777_30.JPEG	21	4	43	46
n04254777_97.JPEG	0	0	16	53
n04254777_260.JPEG	38	2	61	54
n04254777_56.JPEG	11	4	54	61
n04254777_299.JPEG	0	0	58	34
n04254777_272.JPEG	17	16	63	61
n04254777_209.JPEG	7	0	63	63
n04254777_118.JPEG	14	10	32	45
n04254777_321.JPEG	0	14	46	59
n04254777_212.JPEG	3	4	51	27
n04254777_310.JPEG	37	0	57	63
n04254777_227.JPEG	14	12	33	61
n04254777_317.JPEG	7	2	63	63
n04254777_131.JPEG	33	13	63	63
n04254777_460.JPEG	32	2	50	63
n04254777_182.JPEG	45	0	62	31
n04254777_487.JPEG	0	9	63	59
n04254777_343.JPEG	30	6	58	63
n04254777_38.JPEG	6	22	59	63
n04254777_111.JPEG	0	0	31	63
n04254777_441.JPEG	0	23	33	61
n04254777_334.JPEG	0	1	63	58
n04254777_41.JPEG	33	5	63	63
n04254777_407.JPEG	1	17	61	63
n04254777_416.JPEG	14	0	63	63
n04254777_362.JPEG	26	31	46	61
n04254777_389.JPEG	10	3	54	47
n04254777_79.JPEG	2	0	63	25
n04254777_138.JPEG	21	15	63	63
n04254777_92.JPEG	16	0	32	63
n04254777_69.JPEG	32	7	63	58
n04254777_58.JPEG	32	30	49	63
n04254777_319.JPEG	12	1	54	57
n04254777_377.JPEG	0	0	63	63
n04254777_356.JPEG	33	20	56	46
n04254777_425.JPEG	7	2	63	40
n04254777_23.JPEG	19	0	52	53
n04254777_22.JPEG	0	0	61	63
n04254777_435.JPEG	42	10	63	57
n04254777_333.JPEG	6	11	63	63
n04254777_408.JPEG	10	9	59	33
n04254777_257.JPEG	12	5	32	63
n04254777_176.JPEG	6	0	63	60
n04254777_93.JPEG	0	21	41	60
n04254777_498.JPEG	12	9	43	44
n04254777_149.JPEG	0	0	34	46
n04254777_353.JPEG	13	6	59	35
n04254777_158.JPEG	6	0	56	63
n04254777_297.JPEG	16	6	63	60
n04254777_374.JPEG	35	20	63	63
n04254777_494.JPEG	0	1	63	55
n04254777_140.JPEG	45	9	63	63
n04254777_54.JPEG	34	13	50	56
n04254777_434.JPEG	30	7	63	56
n04254777_77.JPEG	29	0	63	63
n04254777_363.JPEG	3	0	63	63
n04254777_391.JPEG	3	0	56	57
n04254777_384.JPEG	11	2	56	34
n04254777_381.JPEG	9	6	63	41
n04254777_199.JPEG	22	32	56	63
n04254777_115.JPEG	34	17	46	41
n04254777_10.JPEG	0	0	43	63
n04254777_455.JPEG	0	6	35	63
n04254777_225.JPEG	0	0	63	63
n04254777_83.JPEG	0	28	24	40
n04254777_102.JPEG	21	0	63	63
n04254777_43.JPEG	28	0	62	63
n04254777_454.JPEG	23	10	50	58
n04254777_121.JPEG	28	9	44	44
n04254777_388.JPEG	0	0	24	51
n04254777_188.JPEG	31	0	62	63
n04254777_15.JPEG	0	0	63	63
n04254777_393.JPEG	30	3	44	59
n04254777_443.JPEG	0	0	19	61
n04254777_281.JPEG	37	11	63	51
n04254777_448.JPEG	38	0	63	35
n04254777_196.JPEG	25	0	58	63
n04254777_465.JPEG	20	4	59	59
n04254777_444.JPEG	24	5	63	63
n04254777_12.JPEG	41	41	60	63
n04254777_405.JPEG	14	4	34	63
n04254777_66.JPEG	5	0	63	63
n04254777_279.JPEG	11	22	63	59
n04254777_45.JPEG	10	17	55	57
n04254777_274.JPEG	22	3	63	31
n04254777_372.JPEG	0	1	35	63
n04254777_264.JPEG	0	0	31	63
n04254777_440.JPEG	0	6	38	61
n04254777_109.JPEG	34	33	55	43
n04254777_112.JPEG	0	1	63	38
n04254777_342.JPEG	27	0	63	62
n04254777_183.JPEG	10	6	35	61
n04254777_142.JPEG	31	16	52	58
n04254777_120.JPEG	31	0	47	28
n04254777_95.JPEG	2	0	62	60
n04254777_218.JPEG	22	10	34	54
n04254777_106.JPEG	0	16	63	63
n04254777_194.JPEG	35	10	61	59
n04254777_291.JPEG	0	3	62	63
n04254777_492.JPEG	6	8	35	59
n04254777_235.JPEG	21	13	63	63
n04254777_1.JPEG	0	2	41	58
n04254777_74.JPEG	2	0	63	63
n04254777_323.JPEG	9	3	59	51
n04254777_233.JPEG	29	0	51	35
n04254777_476.JPEG	39	0	63	33
n04254777_479.JPEG	34	0	63	63
n04254777_312.JPEG	17	7	63	51
n04254777_259.JPEG	0	14	42	63
n04254777_436.JPEG	46	0	60	63
n04254777_303.JPEG	9	18	29	59
n04254777_186.JPEG	15	11	34	62
n04254777_36.JPEG	0	11	17	44
n04254777_46.JPEG	3	0	63	63
n04254777_232.JPEG	10	0	47	62
n04254777_432.JPEG	13	0	38	63
n04254777_89.JPEG	0	1	63	61
n04254777_104.JPEG	27	43	37	62
n04254777_410.JPEG	0	0	33	63
n04254777_179.JPEG	30	8	50	63
n04254777_234.JPEG	31	0	62	45
n04254777_358.JPEG	1	5	39	63
n04254777_345.JPEG	14	0	34	63
n04254777_371.JPEG	42	33	62	63
n04254777_265.JPEG	18	5	63	63
n04254777_266.JPEG	17	5	56	60
n04254777_99.JPEG	43	3	63	63
n04254777_446.JPEG	8	16	35	51
n04254777_246.JPEG	35	19	58	62
n04254777_247.JPEG	10	0	50	63
n04254777_171.JPEG	0	3	63	29
n04254777_127.JPEG	39	9	63	53
n04254777_418.JPEG	3	4	29	58
n04254777_147.JPEG	15	18	63	51
n04254777_403.JPEG	47	36	63	56
n04254777_65.JPEG	0	1	44	49
n04254777_346.JPEG	16	23	46	53
n04254777_339.JPEG	1	0	62	63
n04254777_168.JPEG	0	1	63	63
n04254777_488.JPEG	12	2	31	45
n04254777_2.JPEG	0	1	63	63
n04254777_128.JPEG	21	19	63	63
n04254777_7.JPEG	9	1	47	63
n04254777_269.JPEG	14	20	37	45
n04254777_351.JPEG	31	2	63	63
n04254777_307.JPEG	7	0	63	60
n04254777_173.JPEG	0	17	51	63
n04254777_449.JPEG	13	3	34	63
n04254777_406.JPEG	31	1	57	52
n04254777_497.JPEG	34	0	63	58
n04254777_390.JPEG	31	2	63	62
n04254777_430.JPEG	17	10	41	54
n04254777_160.JPEG	48	54	57	63
n04254777_159.JPEG	22	18	50	50
n04254777_80.JPEG	1	0	33	63
n04254777_361.JPEG	0	0	30	63
n04254777_161.JPEG	7	4	46	59
n04254777_327.JPEG	2	4	63	52
n04254777_475.JPEG	0	0	33	63
n04254777_37.JPEG	12	10	40	60
n04254777_399.JPEG	0	0	43	63
n04254777_3.JPEG	12	1	55	63
n04254777_387.JPEG	3	4	33	63
n04254777_382.JPEG	33	18	61	63
n04254777_370.JPEG	24	0	51	63
n04254777_445.JPEG	12	34	45	63
n04254777_137.JPEG	0	0	63	63
n04254777_18.JPEG	1	20	63	38
n04254777_250.JPEG	0	2	63	63
n04254777_308.JPEG	11	0	57	63
n04254777_165.JPEG	27	42	35	63
n04254777_223.JPEG	3	19	58	63
n04254777_32.JPEG	19	8	46	63
n04254777_216.JPEG	32	0	63	63
n04254777_490.JPEG	13	2	36	51
n04254777_243.JPEG	0	20	55	63
n04254777_439.JPEG	7	0	34	63
n04254777_255.JPEG	29	19	52	58
n04254777_78.JPEG	11	0	63	63
n04254777_73.JPEG	34	7	63	63
n04254777_61.JPEG	3	0	57	49
n04254777_357.JPEG	0	17	63	62
n04254777_326.JPEG	0	0	56	63
n04254777_458.JPEG	6	1	38	41
n04254777_51.JPEG	13	0	34	63
n04254777_453.JPEG	6	0	60	50
n04254777_409.JPEG	32	41	61	63
n04254777_447.JPEG	17	2	40	62
n04254777_328.JPEG	0	0	32	63
n04254777_375.JPEG	7	25	40	63
n04254777_184.JPEG	0	2	11	62
n04254777_424.JPEG	0	6	31	56
n04254777_29.JPEG	24	0	63	63
n04254777_290.JPEG	2	0	38	63
n04254777_100.JPEG	6	0	51	63
n04254777_203.JPEG	0	13	63	61
n04254777_383.JPEG	0	7	61	52
n04254777_27.JPEG	45	8	63	56
n04254777_201.JPEG	18	9	47	47
n04254777_365.JPEG	0	1	63	49
n04254777_48.JPEG	3	0	52	63
n04254777_14.JPEG	0	15	63	51
n04254777_240.JPEG	8	0	63	63
n04254777_360.JPEG	7	3	63	63
n04254777_402.JPEG	34	17	47	40
n04254777_341.JPEG	7	2	63	58
n04254777_34.JPEG	4	17	43	42
n04254777_427.JPEG	0	4	15	39
n04254777_52.JPEG	0	5	26	63
n04254777_484.JPEG	5	0	63	63
n04254777_366.JPEG	1	0	55	63
n04254777_126.JPEG	8	11	29	63
n04254777_397.JPEG	5	0	32	63
n04254777_192.JPEG	0	19	63	63
n04254777_189.JPEG	42	4	63	33
n04254777_6.JPEG	11	27	21	55
n04254777_175.JPEG	31	1	63	63
n04254777_304.JPEG	0	0	45	63
n04254777_202.JPEG	3	0	34	63
n04254777_253.JPEG	25	17	53	46
n04254777_215.JPEG	0	0	57	63
n04254777_322.JPEG	44	6	63	20
n04254777_245.JPEG	29	5	56	50
n04254777_9.JPEG	0	9	57	59
n04254777_28.JPEG	34	0	63	63
n04254777_293.JPEG	34	4	63	63
n04254777_172.JPEG	7	0	57	52
n04254777_462.JPEG	38	4	63	51
n04254777_396.JPEG	44	10	62	52
n04254777_354.JPEG	6	0	55	63
n04254777_94.JPEG	26	14	45	63
val_5171.JPEG	0	3	63	61
val_4991.JPEG	18	5	59	61
val_9519.JPEG	4	2	51	61
val_997.JPEG	0	14	61	63
val_3341.JPEG	32	0	58	52
val_9255.JPEG	34	4	63	63
val_461.JPEG	17	6	62	63
val_7900.JPEG	1	0	42	56
val_8963.JPEG	0	25	63	62
val_1570.JPEG	9	3	30	47
val_5953.JPEG	32	3	63	63
val_5478.JPEG	0	36	37	63
val_6234.JPEG	21	0	54	63
val_6986.JPEG	1	1	51	51
val_6920.JPEG	39	0	63	63
val_308.JPEG	0	32	55	63
val_3796.JPEG	31	0	63	63
val_8207.JPEG	0	11	62	63
val_7030.JPEG	32	1	63	61
val_5216.JPEG	0	3	45	51
val_5596.JPEG	1	0	42	61
val_5436.JPEG	33	19	57	51
val_8731.JPEG	9	0	51	63
val_7982.JPEG	12	3	30	63
val_8990.JPEG	0	16	57	48
val_9536.JPEG	7	9	23	43
val_3175.JPEG	33	0	53	63
val_2999.JPEG	39	0	63	57
val_6980.JPEG	28	1	54	63
val_8643.JPEG	18	0	49	63
val_6186.JPEG	0	10	49	60
val_6429.JPEG	47	0	63	39
val_1726.JPEG	31	9	61	58
val_4043.JPEG	28	0	42	41
val_736.JPEG	0	29	63	63
