n02231487_272.JPEG	0	19	61	42
n02231487_201.JPEG	10	13	41	59
n02231487_204.JPEG	0	19	56	45
n02231487_302.JPEG	1	0	63	58
n02231487_214.JPEG	0	0	63	63
n02231487_75.JPEG	4	0	63	63
n02231487_224.JPEG	13	10	52	59
n02231487_6.JPEG	3	0	55	53
n02231487_286.JPEG	0	10	63	63
n02231487_247.JPEG	0	0	49	63
n02231487_261.JPEG	0	13	54	45
n02231487_233.JPEG	13	0	50	63
n02231487_403.JPEG	3	9	56	63
n02231487_92.JPEG	0	9	63	59
n02231487_490.JPEG	0	14	63	51
n02231487_44.JPEG	0	13	63	56
n02231487_199.JPEG	3	17	53	51
n02231487_243.JPEG	0	4	19	54
n02231487_404.JPEG	14	12	45	63
n02231487_348.JPEG	16	23	63	63
n02231487_182.JPEG	10	0	41	63
n02231487_69.JPEG	5	16	63	63
n02231487_19.JPEG	18	4	62	58
n02231487_296.JPEG	21	17	44	46
n02231487_259.JPEG	24	0	63	63
n02231487_8.JPEG	4	3	63	54
n02231487_203.JPEG	0	0	63	59
n02231487_196.JPEG	0	4	58	63
n02231487_426.JPEG	0	0	63	63
n02231487_456.JPEG	0	17	58	49
n02231487_413.JPEG	7	2	58	60
n02231487_218.JPEG	0	16	62	48
n02231487_147.JPEG	0	0	39	42
n02231487_155.JPEG	10	0	63	63
n02231487_162.JPEG	13	0	45	63
n02231487_408.JPEG	22	12	50	49
n02231487_78.JPEG	3	1	63	63
n02231487_474.JPEG	0	12	63	59
n02231487_387.JPEG	0	20	63	57
n02231487_145.JPEG	0	17	63	43
n02231487_109.JPEG	6	2	63	57
n02231487_274.JPEG	1	17	57	60
n02231487_15.JPEG	0	26	63	45
n02231487_374.JPEG	0	0	63	63
n02231487_459.JPEG	0	12	63	52
n02231487_226.JPEG	13	0	49	46
n02231487_249.JPEG	10	5	54	59
n02231487_36.JPEG	0	16	63	63
n02231487_256.JPEG	0	15	63	41
n02231487_148.JPEG	8	0	53	63
n02231487_288.JPEG	10	11	63	55
n02231487_216.JPEG	0	10	63	63
n02231487_346.JPEG	24	0	55	25
n02231487_66.JPEG	0	20	63	63
n02231487_470.JPEG	28	13	59	55
n02231487_234.JPEG	0	19	63	63
n02231487_327.JPEG	0	3	63	46
n02231487_136.JPEG	10	0	51	63
n02231487_466.JPEG	0	1	63	63
n02231487_61.JPEG	0	3	63	63
n02231487_77.JPEG	26	12	36	34
n02231487_1.JPEG	0	9	63	42
n02231487_43.JPEG	4	5	63	62
n02231487_356.JPEG	1	10	63	56
n02231487_320.JPEG	2	15	63	44
n02231487_250.JPEG	23	27	38	45
n02231487_119.JPEG	0	19	63	62
n02231487_18.JPEG	14	16	63	59
n02231487_448.JPEG	0	0	63	63
n02231487_97.JPEG	4	9	54	50
n02231487_325.JPEG	0	17	63	51
n02231487_87.JPEG	37	18	58	49
n02231487_306.JPEG	0	1	63	56
n02231487_165.JPEG	11	5	49	63
n02231487_117.JPEG	7	13	63	60
n02231487_131.JPEG	31	0	62	60
n02231487_299.JPEG	11	1	63	63
n02231487_311.JPEG	0	1	61	63
n02231487_450.JPEG	3	33	42	56
n02231487_197.JPEG	12	0	63	57
n02231487_428.JPEG	0	2	63	62
n02231487_467.JPEG	5	5	48	63
n02231487_397.JPEG	0	3	63	62
n02231487_5.JPEG	20	28	39	57
n02231487_200.JPEG	0	21	63	47
n02231487_400.JPEG	0	5	63	51
n02231487_128.JPEG	15	27	55	51
n02231487_339.JPEG	0	1	63	61
n02231487_360.JPEG	7	0	60	59
n02231487_295.JPEG	24	0	43	48
n02231487_324.JPEG	0	14	63	63
n02231487_283.JPEG	3	0	63	63
n02231487_135.JPEG	0	17	63	48
n02231487_0.JPEG	0	18	53	55
n02231487_184.JPEG	16	4	50	56
n02231487_277.JPEG	1	0	56	63
n02231487_468.JPEG	0	0	63	63
n02231487_56.JPEG	16	0	48	63
n02231487_58.JPEG	26	27	63	59
n02231487_479.JPEG	28	0	44	63
n02231487_399.JPEG	15	21	37	54
n02231487_229.JPEG	16	7	63	49
n02231487_340.JPEG	2	0	63	63
n02231487_167.JPEG	0	0	63	63
n02231487_230.JPEG	0	25	62	50
n02231487_31.JPEG	0	3	63	56
n02231487_209.JPEG	16	5	51	63
n02231487_351.JPEG	16	23	47	62
n02231487_417.JPEG	19	14	63	44
n02231487_122.JPEG	8	18	61	44
n02231487_433.JPEG	0	10	63	56
n02231487_13.JPEG	0	0	63	57
n02231487_64.JPEG	1	27	63	49
n02231487_241.JPEG	0	21	60	57
n02231487_173.JPEG	0	1	63	63
n02231487_359.JPEG	23	1	41	45
n02231487_232.JPEG	0	9	63	45
n02231487_278.JPEG	0	8	47	63
n02231487_440.JPEG	7	1	50	46
n02231487_237.JPEG	0	0	63	63
n02231487_50.JPEG	4	22	54	51
n02231487_11.JPEG	1	20	63	44
n02231487_65.JPEG	14	20	53	47
n02231487_54.JPEG	23	0	58	63
n02231487_371.JPEG	0	5	63	59
n02231487_494.JPEG	3	0	51	63
n02231487_310.JPEG	0	13	54	53
n02231487_476.JPEG	0	9	63	57
n02231487_235.JPEG	0	7	63	57
n02231487_267.JPEG	20	30	35	61
n02231487_297.JPEG	7	0	50	63
n02231487_37.JPEG	0	3	63	50
n02231487_84.JPEG	16	26	49	55
n02231487_264.JPEG	7	1	47	63
n02231487_138.JPEG	19	8	58	37
n02231487_435.JPEG	4	0	59	63
n02231487_206.JPEG	13	0	63	63
n02231487_59.JPEG	8	0	63	63
n02231487_248.JPEG	0	11	63	59
n02231487_362.JPEG	0	8	63	60
n02231487_436.JPEG	2	24	54	44
n02231487_34.JPEG	0	1	63	63
n02231487_168.JPEG	16	16	39	42
n02231487_90.JPEG	23	19	43	36
n02231487_251.JPEG	6	0	38	53
n02231487_291.JPEG	7	0	63	63
n02231487_46.JPEG	22	4	49	63
n02231487_228.JPEG	0	14	63	50
n02231487_464.JPEG	10	0	43	63
n02231487_439.JPEG	13	0	49	63
n02231487_141.JPEG	6	0	63	63
n02231487_202.JPEG	2	12	63	46
n02231487_314.JPEG	0	7	63	48
n02231487_186.JPEG	0	0	63	63
n02231487_231.JPEG	2	0	59	63
n02231487_392.JPEG	4	13	50	58
n02231487_469.JPEG	0	8	63	53
n02231487_181.JPEG	9	16	63	46
n02231487_383.JPEG	8	16	56	44
n02231487_76.JPEG	11	9	49	53
n02231487_93.JPEG	0	1	63	63
n02231487_323.JPEG	17	5	56	61
n02231487_20.JPEG	0	19	63	55
n02231487_42.JPEG	5	15	63	49
n02231487_290.JPEG	19	17	43	52
n02231487_217.JPEG	26	6	47	63
n02231487_144.JPEG	2	0	46	63
n02231487_116.JPEG	20	9	60	63
n02231487_212.JPEG	0	12	63	50
n02231487_30.JPEG	16	18	60	35
n02231487_24.JPEG	0	4	63	63
n02231487_178.JPEG	26	9	55	27
n02231487_40.JPEG	24	11	47	57
n02231487_171.JPEG	0	14	63	63
n02231487_114.JPEG	0	23	51	54
n02231487_95.JPEG	2	11	52	55
n02231487_350.JPEG	17	15	63	40
n02231487_416.JPEG	21	0	48	63
n02231487_133.JPEG	20	0	43	63
n02231487_96.JPEG	51	32	58	40
n02231487_120.JPEG	0	26	63	63
n02231487_405.JPEG	0	4	63	49
n02231487_332.JPEG	5	0	62	63
n02231487_484.JPEG	7	21	63	42
n02231487_294.JPEG	26	1	39	57
n02231487_99.JPEG	0	19	63	48
n02231487_74.JPEG	0	26	63	63
n02231487_312.JPEG	0	7	63	63
n02231487_239.JPEG	30	0	63	63
n02231487_38.JPEG	7	6	36	49
n02231487_282.JPEG	27	0	44	63
n02231487_446.JPEG	0	7	63	51
n02231487_419.JPEG	8	0	59	63
n02231487_376.JPEG	2	13	63	63
n02231487_276.JPEG	0	7	62	52
n02231487_317.JPEG	0	12	63	50
n02231487_434.JPEG	0	6	63	63
n02231487_185.JPEG	24	30	41	36
n02231487_192.JPEG	9	4	63	63
n02231487_472.JPEG	3	2	58	63
n02231487_393.JPEG	11	0	53	53
n02231487_156.JPEG	4	15	63	40
n02231487_240.JPEG	0	8	63	63
n02231487_349.JPEG	0	23	63	52
n02231487_176.JPEG	20	16	45	54
n02231487_103.JPEG	0	0	63	63
n02231487_213.JPEG	1	0	56	57
n02231487_292.JPEG	0	1	63	59
n02231487_246.JPEG	0	46	11	62
n02231487_414.JPEG	0	7	61	53
n02231487_487.JPEG	6	8	57	49
n02231487_491.JPEG	14	16	36	54
n02231487_305.JPEG	0	1	63	59
n02231487_406.JPEG	0	12	63	62
n02231487_159.JPEG	0	0	63	63
n02231487_150.JPEG	21	4	51	61
n02231487_85.JPEG	0	19	63	56
n02231487_301.JPEG	7	0	47	63
n02231487_151.JPEG	0	1	63	58
n02231487_388.JPEG	0	2	63	42
n02231487_364.JPEG	24	8	61	50
n02231487_2.JPEG	13	1	63	47
n02231487_303.JPEG	2	0	60	63
n02231487_166.JPEG	3	9	50	54
n02231487_285.JPEG	11	16	52	50
n02231487_279.JPEG	1	10	63	63
n02231487_308.JPEG	0	9	27	50
n02231487_45.JPEG	0	10	63	58
n02231487_492.JPEG	7	0	47	63
n02231487_27.JPEG	0	20	63	46
n02231487_130.JPEG	11	0	58	63
n02231487_345.JPEG	0	10	63	55
n02231487_407.JPEG	22	10	53	57
n02231487_329.JPEG	13	0	56	63
n02231487_334.JPEG	5	21	35	43
n02231487_33.JPEG	7	0	63	63
n02231487_485.JPEG	0	12	63	57
n02231487_89.JPEG	0	0	63	50
n02231487_190.JPEG	0	10	63	56
n02231487_381.JPEG	17	28	28	45
n02231487_225.JPEG	7	4	63	48
n02231487_453.JPEG	14	0	54	63
n02231487_81.JPEG	27	13	57	39
n02231487_368.JPEG	0	12	63	59
n02231487_188.JPEG	0	13	63	49
n02231487_14.JPEG	0	15	63	52
n02231487_262.JPEG	0	12	63	43
n02231487_423.JPEG	12	25	51	47
n02231487_137.JPEG	18	0	42	63
n02231487_389.JPEG	4	15	63	54
n02231487_139.JPEG	0	3	63	63
n02231487_394.JPEG	10	17	47	47
n02231487_401.JPEG	13	10	54	50
n02231487_98.JPEG	44	29	55	47
n02231487_451.JPEG	6	24	58	44
n02231487_80.JPEG	17	0	44	62
n02231487_437.JPEG	0	5	61	63
n02231487_41.JPEG	6	0	46	52
n02231487_16.JPEG	21	0	49	63
n02231487_263.JPEG	1	0	63	63
n02231487_149.JPEG	0	7	63	57
n02231487_12.JPEG	0	0	61	63
n02231487_367.JPEG	20	0	54	63
n02231487_28.JPEG	4	16	63	49
n02231487_7.JPEG	24	9	37	50
n02231487_115.JPEG	10	6	60	63
n02231487_86.JPEG	23	21	41	40
n02231487_193.JPEG	6	8	63	39
n02231487_410.JPEG	0	6	63	63
n02231487_266.JPEG	0	10	63	55
n02231487_129.JPEG	21	0	57	63
n02231487_355.JPEG	1	6	63	55
n02231487_499.JPEG	1	0	60	58
n02231487_140.JPEG	21	4	45	58
n02231487_361.JPEG	12	5	53	55
n02231487_352.JPEG	0	13	63	48
n02231487_153.JPEG	14	12	63	61
n02231487_223.JPEG	0	4	63	62
n02231487_358.JPEG	9	27	59	49
n02231487_161.JPEG	4	0	63	63
n02231487_220.JPEG	13	3	53	60
n02231487_219.JPEG	19	0	48	63
n02231487_3.JPEG	16	15	63	59
n02231487_457.JPEG	0	1	63	63
n02231487_10.JPEG	0	0	46	63
n02231487_17.JPEG	29	18	59	46
n02231487_134.JPEG	0	14	63	40
n02231487_462.JPEG	0	11	63	63
n02231487_67.JPEG	0	4	63	63
n02231487_127.JPEG	3	0	63	58
n02231487_271.JPEG	14	1	63	63
n02231487_83.JPEG	4	10	51	63
n02231487_160.JPEG	0	10	63	55
n02231487_222.JPEG	11	27	63	40
n02231487_25.JPEG	0	0	63	63
n02231487_107.JPEG	14	0	53	63
n02231487_189.JPEG	16	2	48	54
n02231487_483.JPEG	13	9	63	51
n02231487_70.JPEG	0	18	63	58
n02231487_194.JPEG	0	5	63	60
n02231487_463.JPEG	0	1	63	52
n02231487_26.JPEG	7	0	58	46
n02231487_71.JPEG	28	22	41	50
n02231487_347.JPEG	18	2	57	63
n02231487_344.JPEG	44	19	61	51
n02231487_307.JPEG	0	1	63	63
n02231487_335.JPEG	5	0	62	58
n02231487_425.JPEG	2	6	59	51
n02231487_409.JPEG	0	0	63	63
n02231487_198.JPEG	0	10	63	47
n02231487_318.JPEG	11	7	52	34
n02231487_275.JPEG	0	14	63	59
n02231487_482.JPEG	10	1	63	58
n02231487_473.JPEG	6	0	34	63
n02231487_471.JPEG	0	4	63	63
n02231487_321.JPEG	30	12	51	34
n02231487_88.JPEG	0	1	63	63
n02231487_254.JPEG	0	1	60	47
n02231487_269.JPEG	7	5	59	62
n02231487_420.JPEG	0	1	63	61
n02231487_458.JPEG	0	18	63	63
n02231487_195.JPEG	0	16	59	50
n02231487_298.JPEG	2	5	58	58
n02231487_121.JPEG	0	0	63	49
n02231487_108.JPEG	9	0	60	63
n02231487_72.JPEG	0	16	63	63
n02231487_124.JPEG	3	0	53	61
n02231487_252.JPEG	11	6	63	43
n02231487_163.JPEG	0	30	63	63
n02231487_343.JPEG	0	1	63	63
n02231487_215.JPEG	6	13	44	52
n02231487_172.JPEG	24	0	63	63
n02231487_157.JPEG	14	24	63	41
n02231487_316.JPEG	0	0	63	51
n02231487_281.JPEG	14	1	63	49
n02231487_289.JPEG	0	0	61	60
n02231487_430.JPEG	5	2	63	62
n02231487_63.JPEG	0	0	63	52
n02231487_497.JPEG	0	1	63	61
n02231487_489.JPEG	0	1	63	50
n02231487_402.JPEG	0	19	48	41
n02231487_280.JPEG	17	14	63	52
n02231487_68.JPEG	0	4	42	61
n02231487_445.JPEG	4	0	63	63
n02231487_32.JPEG	0	13	49	59
n02231487_183.JPEG	0	0	63	63
n02231487_398.JPEG	7	0	61	63
n02231487_111.JPEG	15	0	61	58
n02231487_427.JPEG	2	20	63	63
n02231487_326.JPEG	0	16	59	63
val_7455.JPEG	0	4	63	63
val_6383.JPEG	0	17	63	54
val_3868.JPEG	4	4	35	63
val_296.JPEG	18	0	56	57
val_6624.JPEG	22	7	52	53
val_7341.JPEG	10	0	40	63
val_990.JPEG	12	0	47	63
val_9798.JPEG	20	0	55	52
val_3262.JPEG	0	5	63	63
val_8060.JPEG	11	16	28	47
val_4961.JPEG	12	3	44	58
val_9189.JPEG	14	1	56	63
val_8579.JPEG	21	2	46	51
val_5952.JPEG	14	5	63	43
val_8761.JPEG	0	8	63	63
val_9945.JPEG	2	0	60	63
val_2889.JPEG	0	0	54	63
val_7761.JPEG	2	0	63	63
val_7121.JPEG	0	9	63	37
val_4881.JPEG	22	4	63	58
val_6598.JPEG	0	0	63	63
val_3274.JPEG	15	19	49	39
val_3152.JPEG	0	13	63	61
val_6781.JPEG	25	13	36	61
val_2853.JPEG	0	2	59	57
val_642.JPEG	8	0	63	63
val_533.JPEG	0	12	63	56
val_741.JPEG	16	18	56	43
val_253.JPEG	24	38	39	51
val_8737.JPEG	26	22	41	47
val_3858.JPEG	0	1	63	63
val_907.JPEG	0	24	63	63
val_9552.JPEG	12	6	49	42
val_8698.JPEG	0	0	63	57
val_8265.JPEG	17	11	30	34
