n04259630_313.JPEG	0	1	63	63
n04259630_25.JPEG	14	0	46	16
n04259630_168.JPEG	17	10	37	25
n04259630_483.JPEG	15	0	53	23
n04259630_27.JPEG	0	1	63	63
n04259630_446.JPEG	0	10	36	61
n04259630_255.JPEG	0	0	63	63
n04259630_318.JPEG	0	0	43	41
n04259630_488.JPEG	0	9	63	63
n04259630_308.JPEG	15	9	63	38
n04259630_106.JPEG	28	0	50	18
n04259630_62.JPEG	0	11	37	51
n04259630_348.JPEG	0	9	63	49
n04259630_419.JPEG	2	4	62	24
n04259630_246.JPEG	17	0	36	6
n04259630_470.JPEG	3	2	59	47
n04259630_188.JPEG	35	1	63	20
n04259630_117.JPEG	15	2	63	38
n04259630_377.JPEG	9	0	63	41
n04259630_445.JPEG	1	16	28	39
n04259630_300.JPEG	1	0	63	40
n04259630_43.JPEG	10	0	52	28
n04259630_425.JPEG	25	34	54	60
n04259630_108.JPEG	17	17	46	31
n04259630_480.JPEG	13	8	50	26
n04259630_195.JPEG	0	10	37	40
n04259630_456.JPEG	0	5	48	36
n04259630_19.JPEG	8	0	54	20
n04259630_328.JPEG	1	1	63	52
n04259630_443.JPEG	0	0	62	20
n04259630_204.JPEG	1	1	61	30
n04259630_374.JPEG	11	16	47	32
n04259630_494.JPEG	1	13	60	51
n04259630_125.JPEG	0	6	23	32
n04259630_341.JPEG	9	4	53	60
n04259630_201.JPEG	1	6	51	27
n04259630_355.JPEG	0	0	63	25
n04259630_181.JPEG	0	2	63	48
n04259630_278.JPEG	2	5	60	38
n04259630_496.JPEG	31	10	63	32
n04259630_289.JPEG	28	12	63	40
n04259630_140.JPEG	0	7	63	27
n04259630_131.JPEG	16	2	61	31
n04259630_83.JPEG	0	2	63	59
n04259630_405.JPEG	14	3	47	24
n04259630_449.JPEG	0	0	63	45
n04259630_44.JPEG	0	0	63	29
n04259630_400.JPEG	0	0	53	19
n04259630_165.JPEG	30	0	47	6
n04259630_92.JPEG	0	1	26	17
n04259630_440.JPEG	28	21	63	46
n04259630_21.JPEG	0	0	63	37
n04259630_399.JPEG	15	0	63	26
n04259630_139.JPEG	0	27	59	51
n04259630_252.JPEG	8	0	39	16
n04259630_54.JPEG	10	3	63	28
n04259630_193.JPEG	0	1	56	28
n04259630_307.JPEG	0	0	63	40
n04259630_224.JPEG	0	9	32	35
n04259630_100.JPEG	0	0	63	43
n04259630_250.JPEG	13	0	47	13
n04259630_272.JPEG	0	8	63	63
n04259630_434.JPEG	3	4	61	45
n04259630_464.JPEG	10	13	47	29
n04259630_347.JPEG	14	7	54	27
n04259630_292.JPEG	27	0	45	7
n04259630_282.JPEG	8	0	63	48
n04259630_381.JPEG	32	21	63	63
n04259630_491.JPEG	1	0	41	27
n04259630_472.JPEG	17	4	54	26
n04259630_349.JPEG	33	0	63	13
n04259630_492.JPEG	0	0	63	20
n04259630_267.JPEG	10	4	52	33
n04259630_89.JPEG	18	0	40	7
n04259630_373.JPEG	0	14	63	56
n04259630_123.JPEG	0	4	63	35
n04259630_33.JPEG	5	0	59	15
n04259630_69.JPEG	0	1	60	23
n04259630_379.JPEG	3	3	63	61
n04259630_6.JPEG	2	8	47	35
n04259630_87.JPEG	0	1	63	63
n04259630_345.JPEG	9	0	59	33
n04259630_213.JPEG	13	1	45	28
n04259630_157.JPEG	1	4	38	22
n04259630_431.JPEG	0	5	49	31
n04259630_367.JPEG	0	1	63	40
n04259630_39.JPEG	0	5	63	53
n04259630_332.JPEG	0	0	63	54
n04259630_452.JPEG	1	0	63	13
n04259630_120.JPEG	1	0	62	15
n04259630_136.JPEG	8	0	41	26
n04259630_241.JPEG	6	1	44	18
n04259630_295.JPEG	13	12	57	35
n04259630_344.JPEG	0	0	63	29
n04259630_93.JPEG	0	0	63	63
n04259630_30.JPEG	0	5	63	61
n04259630_457.JPEG	8	33	37	51
n04259630_401.JPEG	15	3	52	15
n04259630_103.JPEG	0	9	63	63
n04259630_50.JPEG	0	0	63	40
n04259630_20.JPEG	0	9	63	55
n04259630_259.JPEG	10	9	63	29
n04259630_368.JPEG	17	4	57	19
n04259630_29.JPEG	0	8	63	30
n04259630_172.JPEG	0	0	52	47
n04259630_342.JPEG	0	0	63	63
n04259630_111.JPEG	10	33	19	39
n04259630_404.JPEG	0	2	23	34
n04259630_336.JPEG	0	1	63	35
n04259630_71.JPEG	0	3	35	28
n04259630_56.JPEG	0	1	63	62
n04259630_220.JPEG	0	7	60	42
n04259630_121.JPEG	0	4	61	55
n04259630_375.JPEG	1	0	54	49
n04259630_264.JPEG	13	0	57	48
n04259630_458.JPEG	0	3	39	30
n04259630_107.JPEG	10	9	63	39
n04259630_127.JPEG	18	0	63	32
n04259630_236.JPEG	0	1	45	23
n04259630_218.JPEG	7	3	56	37
n04259630_359.JPEG	0	1	63	58
n04259630_22.JPEG	20	0	45	18
n04259630_176.JPEG	0	0	63	35
n04259630_327.JPEG	0	0	63	41
n04259630_243.JPEG	38	0	59	8
n04259630_124.JPEG	10	5	59	63
n04259630_24.JPEG	3	1	54	33
n04259630_163.JPEG	0	1	54	26
n04259630_58.JPEG	8	0	63	32
n04259630_232.JPEG	8	1	58	53
n04259630_258.JPEG	2	0	54	30
n04259630_360.JPEG	8	3	53	34
n04259630_169.JPEG	0	25	9	36
n04259630_190.JPEG	28	7	63	20
n04259630_160.JPEG	0	0	63	44
n04259630_187.JPEG	2	0	56	10
n04259630_383.JPEG	1	1	63	58
n04259630_189.JPEG	0	0	63	47
n04259630_473.JPEG	9	6	58	35
n04259630_221.JPEG	4	0	63	35
n04259630_8.JPEG	0	0	63	50
n04259630_73.JPEG	0	0	56	23
n04259630_409.JPEG	0	0	51	34
n04259630_229.JPEG	0	43	0	58
n04259630_17.JPEG	0	0	63	14
n04259630_200.JPEG	0	3	63	59
n04259630_51.JPEG	0	8	63	48
n04259630_18.JPEG	0	0	63	23
n04259630_161.JPEG	7	10	42	35
n04259630_170.JPEG	35	8	63	33
n04259630_210.JPEG	0	13	54	50
n04259630_269.JPEG	16	20	63	63
n04259630_118.JPEG	11	0	63	31
n04259630_147.JPEG	25	0	48	11
n04259630_119.JPEG	22	10	60	30
n04259630_109.JPEG	0	0	63	39
n04259630_126.JPEG	0	6	63	41
n04259630_321.JPEG	0	5	63	32
n04259630_481.JPEG	1	6	57	29
n04259630_40.JPEG	4	0	62	33
n04259630_365.JPEG	4	0	61	32
n04259630_403.JPEG	18	4	63	37
n04259630_390.JPEG	0	2	63	44
n04259630_495.JPEG	40	14	54	26
n04259630_493.JPEG	5	1	52	26
n04259630_137.JPEG	0	13	30	45
n04259630_298.JPEG	1	3	63	34
n04259630_309.JPEG	4	9	50	34
n04259630_175.JPEG	0	5	60	54
n04259630_23.JPEG	9	25	63	63
n04259630_343.JPEG	10	0	56	33
n04259630_151.JPEG	2	10	31	30
n04259630_214.JPEG	0	13	63	53
n04259630_34.JPEG	27	4	63	59
n04259630_485.JPEG	0	8	34	30
n04259630_194.JPEG	1	0	63	47
n04259630_5.JPEG	3	2	56	28
n04259630_385.JPEG	0	22	22	52
n04259630_94.JPEG	0	0	63	32
n04259630_31.JPEG	0	0	63	53
n04259630_174.JPEG	28	4	58	24
n04259630_254.JPEG	0	1	63	45
n04259630_205.JPEG	0	4	48	50
n04259630_271.JPEG	0	1	63	33
n04259630_287.JPEG	7	0	63	51
n04259630_68.JPEG	37	28	58	51
n04259630_311.JPEG	8	0	42	6
n04259630_154.JPEG	3	2	63	35
n04259630_66.JPEG	15	18	58	63
n04259630_429.JPEG	1	1	63	63
n04259630_372.JPEG	0	1	63	43
n04259630_363.JPEG	2	10	63	33
n04259630_1.JPEG	0	0	63	50
n04259630_369.JPEG	0	1	63	31
n04259630_397.JPEG	33	18	40	25
n04259630_280.JPEG	12	0	45	14
n04259630_162.JPEG	9	1	63	25
n04259630_301.JPEG	5	12	63	54
n04259630_222.JPEG	38	11	63	27
n04259630_490.JPEG	33	30	45	43
n04259630_454.JPEG	36	1	63	52
n04259630_249.JPEG	0	1	63	63
n04259630_180.JPEG	2	0	59	48
n04259630_48.JPEG	1	0	63	61
n04259630_97.JPEG	29	0	59	17
n04259630_335.JPEG	3	1	62	28
n04259630_217.JPEG	4	11	63	34
n04259630_206.JPEG	4	0	57	36
n04259630_462.JPEG	11	4	55	38
n04259630_244.JPEG	0	0	63	36
n04259630_331.JPEG	16	2	58	28
n04259630_52.JPEG	19	19	40	31
n04259630_448.JPEG	9	9	51	34
n04259630_366.JPEG	0	0	63	52
n04259630_4.JPEG	0	3	41	35
n04259630_247.JPEG	0	0	63	49
n04259630_235.JPEG	0	5	59	37
n04259630_413.JPEG	0	13	63	59
n04259630_98.JPEG	14	16	62	63
n04259630_16.JPEG	0	23	41	59
n04259630_415.JPEG	1	0	58	24
n04259630_418.JPEG	0	0	58	54
n04259630_82.JPEG	0	6	63	46
n04259630_138.JPEG	1	0	62	13
n04259630_467.JPEG	0	4	63	62
n04259630_465.JPEG	5	0	59	35
n04259630_499.JPEG	6	0	52	14
n04259630_265.JPEG	0	0	63	45
n04259630_432.JPEG	6	0	63	23
n04259630_435.JPEG	32	9	63	32
n04259630_26.JPEG	19	2	63	38
n04259630_158.JPEG	13	0	52	17
n04259630_477.JPEG	0	1	63	40
n04259630_460.JPEG	7	13	43	38
n04259630_245.JPEG	20	20	41	30
n04259630_142.JPEG	0	1	63	37
n04259630_37.JPEG	7	5	47	26
n04259630_203.JPEG	1	0	57	11
n04259630_239.JPEG	7	1	63	38
n04259630_294.JPEG	0	6	54	59
n04259630_114.JPEG	0	12	33	34
n04259630_141.JPEG	5	16	62	37
n04259630_350.JPEG	12	2	58	31
n04259630_156.JPEG	4	0	47	19
n04259630_284.JPEG	0	11	62	44
n04259630_67.JPEG	0	0	63	63
n04259630_466.JPEG	0	6	63	34
n04259630_38.JPEG	0	4	63	43
n04259630_380.JPEG	0	7	58	32
n04259630_268.JPEG	12	0	63	25
n04259630_77.JPEG	6	1	63	29
n04259630_406.JPEG	0	0	63	54
n04259630_76.JPEG	0	0	63	63
n04259630_296.JPEG	0	15	37	56
n04259630_497.JPEG	15	0	55	19
n04259630_41.JPEG	0	7	63	29
n04259630_286.JPEG	4	0	63	24
n04259630_36.JPEG	2	3	63	27
n04259630_281.JPEG	0	13	63	63
n04259630_240.JPEG	0	4	63	55
n04259630_182.JPEG	0	2	44	38
n04259630_290.JPEG	10	4	54	27
n04259630_322.JPEG	0	0	61	35
n04259630_315.JPEG	0	1	63	44
n04259630_482.JPEG	9	0	46	18
n04259630_242.JPEG	2	4	62	40
n04259630_478.JPEG	0	7	63	63
n04259630_149.JPEG	0	16	41	53
n04259630_436.JPEG	4	0	63	43
n04259630_357.JPEG	10	8	51	29
n04259630_225.JPEG	15	6	52	29
n04259630_197.JPEG	5	8	58	47
n04259630_324.JPEG	16	2	29	29
n04259630_486.JPEG	0	4	63	40
n04259630_370.JPEG	6	0	63	46
n04259630_433.JPEG	0	0	63	52
n04259630_216.JPEG	14	15	49	40
n04259630_376.JPEG	0	1	63	63
n04259630_438.JPEG	3	4	42	32
n04259630_317.JPEG	12	18	41	51
n04259630_79.JPEG	3	19	24	32
n04259630_455.JPEG	0	0	63	42
n04259630_130.JPEG	9	3	54	26
n04259630_358.JPEG	0	0	63	51
n04259630_320.JPEG	11	8	57	36
n04259630_396.JPEG	0	0	63	52
n04259630_167.JPEG	0	10	63	56
n04259630_479.JPEG	26	11	57	34
n04259630_164.JPEG	1	0	63	58
n04259630_441.JPEG	0	0	56	30
n04259630_444.JPEG	24	20	63	50
n04259630_299.JPEG	42	7	63	21
n04259630_352.JPEG	2	5	60	46
n04259630_61.JPEG	20	7	63	46
n04259630_325.JPEG	0	3	63	63
n04259630_329.JPEG	11	0	51	16
n04259630_408.JPEG	2	5	55	28
n04259630_212.JPEG	5	0	45	18
n04259630_75.JPEG	0	3	63	60
n04259630_253.JPEG	3	6	63	31
n04259630_49.JPEG	3	0	51	51
n04259630_426.JPEG	2	4	48	30
n04259630_115.JPEG	4	0	63	51
n04259630_11.JPEG	30	3	57	22
n04259630_416.JPEG	0	0	63	63
n04259630_178.JPEG	0	0	47	44
n04259630_274.JPEG	0	0	63	49
n04259630_74.JPEG	9	2	62	43
n04259630_387.JPEG	8	11	35	27
n04259630_338.JPEG	13	3	60	30
n04259630_116.JPEG	0	0	63	35
n04259630_251.JPEG	0	1	63	54
n04259630_208.JPEG	0	0	53	26
n04259630_422.JPEG	5	2	63	58
n04259630_65.JPEG	0	4	28	42
n04259630_233.JPEG	7	22	44	41
n04259630_306.JPEG	1	7	46	35
n04259630_45.JPEG	0	0	49	27
n04259630_362.JPEG	0	6	61	36
n04259630_430.JPEG	0	1	63	32
n04259630_28.JPEG	11	13	55	40
n04259630_153.JPEG	12	0	63	26
n04259630_394.JPEG	27	1	61	30
n04259630_207.JPEG	8	7	63	43
n04259630_95.JPEG	1	0	63	31
n04259630_0.JPEG	13	0	63	41
n04259630_144.JPEG	32	0	45	18
n04259630_421.JPEG	3	3	24	17
n04259630_388.JPEG	0	0	63	36
n04259630_304.JPEG	19	3	63	40
n04259630_60.JPEG	0	0	63	24
n04259630_53.JPEG	17	2	50	18
n04259630_303.JPEG	0	4	63	39
n04259630_63.JPEG	0	8	63	59
n04259630_57.JPEG	4	0	62	25
n04259630_410.JPEG	0	2	60	25
n04259630_451.JPEG	0	7	63	62
n04259630_391.JPEG	0	0	63	59
n04259630_145.JPEG	6	0	43	14
n04259630_334.JPEG	21	13	63	51
n04259630_384.JPEG	5	0	49	33
n04259630_185.JPEG	12	0	63	41
n04259630_326.JPEG	0	8	35	28
n04259630_312.JPEG	4	3	54	37
n04259630_417.JPEG	0	0	63	63
n04259630_353.JPEG	23	14	38	24
n04259630_337.JPEG	11	2	46	37
n04259630_411.JPEG	0	0	63	47
n04259630_155.JPEG	18	14	44	30
n04259630_447.JPEG	11	0	47	10
val_8541.JPEG	21	5	63	38
val_4679.JPEG	0	0	63	43
val_5910.JPEG	14	0	52	21
val_5202.JPEG	0	1	53	34
val_2343.JPEG	9	1	63	42
val_5247.JPEG	0	4	62	62
val_9212.JPEG	2	0	43	26
val_3824.JPEG	0	0	63	39
val_9701.JPEG	12	0	51	21
val_3576.JPEG	8	4	63	35
val_3089.JPEG	38	17	63	32
val_8375.JPEG	35	11	63	29
val_5783.JPEG	4	2	63	44
val_4164.JPEG	0	0	63	30
val_5218.JPEG	0	21	43	60
val_7351.JPEG	14	12	31	39
val_5419.JPEG	21	0	46	10
val_1925.JPEG	15	3	36	16
val_8228.JPEG	22	21	57	45
val_6654.JPEG	13	0	56	21
val_7816.JPEG	15	6	43	28
val_4716.JPEG	1	0	63	39
val_3453.JPEG	0	1	55	44
val_8426.JPEG	0	0	63	32
val_2323.JPEG	0	2	63	63
val_2278.JPEG	0	1	63	45
val_504.JPEG	8	0	45	2
val_8071.JPEG	10	3	60	32
val_1332.JPEG	3	4	63	35
val_6872.JPEG	25	9	63	50
val_1912.JPEG	10	0	52	15
val_2810.JPEG	11	9	44	25
val_7789.JPEG	26	0	63	37
val_2593.JPEG	1	0	63	26
val_5769.JPEG	14	6	52	29
