n02233338_252.JPEG	17	13	58	58
n02233338_171.JPEG	18	23	48	41
n02233338_85.JPEG	21	14	50	43
n02233338_261.JPEG	13	25	44	44
n02233338_31.JPEG	11	25	41	47
n02233338_353.JPEG	0	1	58	59
n02233338_210.JPEG	1	0	56	60
n02233338_143.JPEG	0	4	63	60
n02233338_373.JPEG	0	6	63	62
n02233338_309.JPEG	10	0	63	59
n02233338_330.JPEG	20	15	45	37
n02233338_55.JPEG	15	0	35	63
n02233338_351.JPEG	0	2	63	62
n02233338_9.JPEG	15	0	46	63
n02233338_387.JPEG	0	0	63	63
n02233338_190.JPEG	0	12	63	37
n02233338_384.JPEG	28	23	43	41
n02233338_159.JPEG	0	20	63	63
n02233338_369.JPEG	10	0	50	51
n02233338_188.JPEG	21	27	50	38
n02233338_129.JPEG	0	9	63	51
n02233338_331.JPEG	0	2	63	56
n02233338_97.JPEG	8	14	63	53
n02233338_281.JPEG	16	11	55	56
n02233338_228.JPEG	15	20	39	39
n02233338_329.JPEG	5	4	63	63
n02233338_234.JPEG	14	20	63	48
n02233338_74.JPEG	16	20	32	41
n02233338_490.JPEG	0	0	51	46
n02233338_105.JPEG	4	19	43	53
n02233338_270.JPEG	4	21	63	63
n02233338_212.JPEG	2	14	61	52
n02233338_350.JPEG	21	11	60	47
n02233338_221.JPEG	2	10	63	49
n02233338_34.JPEG	0	22	63	45
n02233338_207.JPEG	19	12	63	39
n02233338_64.JPEG	21	0	53	42
n02233338_323.JPEG	28	17	46	42
n02233338_304.JPEG	0	0	63	63
n02233338_63.JPEG	0	0	63	63
n02233338_325.JPEG	0	14	63	56
n02233338_18.JPEG	0	0	55	61
n02233338_191.JPEG	19	21	52	63
n02233338_411.JPEG	3	0	56	63
n02233338_494.JPEG	4	29	63	61
n02233338_119.JPEG	24	10	56	38
n02233338_340.JPEG	17	0	52	63
n02233338_69.JPEG	19	11	44	44
n02233338_104.JPEG	13	0	49	63
n02233338_442.JPEG	24	26	48	48
n02233338_216.JPEG	25	20	63	55
n02233338_466.JPEG	22	31	31	46
n02233338_435.JPEG	13	32	44	54
n02233338_355.JPEG	0	0	63	61
n02233338_436.JPEG	3	1	62	63
n02233338_377.JPEG	1	8	63	50
n02233338_146.JPEG	19	24	51	63
n02233338_334.JPEG	0	0	22	41
n02233338_316.JPEG	16	0	61	33
n02233338_48.JPEG	0	19	63	57
n02233338_117.JPEG	1	31	55	58
n02233338_71.JPEG	3	10	55	54
n02233338_310.JPEG	14	11	63	63
n02233338_283.JPEG	14	27	45	38
n02233338_150.JPEG	63	36	63	48
n02233338_302.JPEG	17	37	25	45
n02233338_35.JPEG	0	0	63	63
n02233338_326.JPEG	12	13	63	57
n02233338_448.JPEG	0	2	63	63
n02233338_386.JPEG	27	17	57	36
n02233338_452.JPEG	2	18	63	44
n02233338_306.JPEG	13	20	60	58
n02233338_145.JPEG	8	8	55	61
n02233338_460.JPEG	3	0	57	56
n02233338_404.JPEG	0	10	63	63
n02233338_352.JPEG	0	0	57	63
n02233338_215.JPEG	35	37	48	52
n02233338_20.JPEG	0	9	53	47
n02233338_419.JPEG	0	22	63	63
n02233338_311.JPEG	0	4	63	62
n02233338_493.JPEG	34	16	56	32
n02233338_453.JPEG	0	19	63	56
n02233338_272.JPEG	0	1	56	63
n02233338_167.JPEG	14	29	45	54
n02233338_444.JPEG	0	17	63	40
n02233338_196.JPEG	25	10	63	52
n02233338_247.JPEG	10	13	43	55
n02233338_345.JPEG	23	22	48	40
n02233338_94.JPEG	6	24	59	55
n02233338_13.JPEG	0	2	63	63
n02233338_141.JPEG	18	0	49	56
n02233338_40.JPEG	20	6	63	62
n02233338_177.JPEG	0	15	63	51
n02233338_372.JPEG	1	1	53	44
n02233338_116.JPEG	0	1	61	63
n02233338_186.JPEG	7	0	63	63
n02233338_416.JPEG	0	14	63	43
n02233338_469.JPEG	31	39	38	43
n02233338_147.JPEG	22	13	43	48
n02233338_374.JPEG	9	10	54	56
n02233338_295.JPEG	0	3	29	53
n02233338_39.JPEG	6	1	63	63
n02233338_158.JPEG	0	0	63	63
n02233338_151.JPEG	0	9	63	55
n02233338_449.JPEG	10	10	59	53
n02233338_413.JPEG	0	2	63	60
n02233338_73.JPEG	16	12	56	54
n02233338_60.JPEG	18	20	51	63
n02233338_178.JPEG	0	6	63	59
n02233338_240.JPEG	3	0	51	54
n02233338_78.JPEG	13	27	59	56
n02233338_259.JPEG	9	29	52	55
n02233338_407.JPEG	1	28	55	46
n02233338_148.JPEG	0	17	43	62
n02233338_268.JPEG	7	17	41	38
n02233338_370.JPEG	0	8	63	58
n02233338_397.JPEG	0	0	63	49
n02233338_46.JPEG	11	21	55	53
n02233338_258.JPEG	0	7	62	63
n02233338_157.JPEG	5	12	63	51
n02233338_192.JPEG	3	1	63	47
n02233338_424.JPEG	0	1	63	63
n02233338_235.JPEG	7	35	27	48
n02233338_491.JPEG	0	0	63	63
n02233338_68.JPEG	0	2	57	55
n02233338_245.JPEG	11	10	37	45
n02233338_144.JPEG	24	24	63	49
n02233338_396.JPEG	0	19	62	55
n02233338_125.JPEG	0	1	47	36
n02233338_123.JPEG	21	24	47	43
n02233338_336.JPEG	21	17	45	58
n02233338_357.JPEG	0	25	21	46
n02233338_134.JPEG	0	0	63	61
n02233338_438.JPEG	0	15	63	44
n02233338_470.JPEG	0	3	63	52
n02233338_391.JPEG	35	6	54	36
n02233338_324.JPEG	24	17	44	44
n02233338_113.JPEG	0	8	60	34
n02233338_200.JPEG	36	30	48	41
n02233338_90.JPEG	0	0	63	60
n02233338_251.JPEG	0	1	63	63
n02233338_16.JPEG	6	42	52	63
n02233338_176.JPEG	0	0	63	55
n02233338_61.JPEG	0	1	63	63
n02233338_19.JPEG	0	0	63	63
n02233338_266.JPEG	14	5	49	23
n02233338_53.JPEG	36	9	57	42
n02233338_231.JPEG	1	0	56	50
n02233338_10.JPEG	26	10	58	54
n02233338_366.JPEG	0	24	56	59
n02233338_317.JPEG	0	15	63	55
n02233338_45.JPEG	17	29	58	47
n02233338_93.JPEG	0	8	34	32
n02233338_475.JPEG	3	0	63	63
n02233338_376.JPEG	0	15	58	47
n02233338_202.JPEG	0	18	63	58
n02233338_262.JPEG	1	15	53	47
n02233338_114.JPEG	0	1	63	63
n02233338_172.JPEG	0	19	63	63
n02233338_197.JPEG	0	6	63	61
n02233338_154.JPEG	36	22	59	50
n02233338_50.JPEG	0	3	63	49
n02233338_165.JPEG	0	13	63	50
n02233338_463.JPEG	0	12	63	42
n02233338_241.JPEG	0	0	63	63
n02233338_5.JPEG	13	17	63	52
n02233338_443.JPEG	11	12	63	51
n02233338_44.JPEG	5	5	42	49
n02233338_450.JPEG	18	3	40	52
n02233338_422.JPEG	0	6	55	63
n02233338_401.JPEG	0	3	63	52
n02233338_164.JPEG	5	17	57	51
n02233338_294.JPEG	21	19	46	52
n02233338_201.JPEG	0	0	61	63
n02233338_32.JPEG	10	12	50	58
n02233338_277.JPEG	3	31	42	44
n02233338_214.JPEG	0	18	63	63
n02233338_225.JPEG	33	16	57	63
n02233338_458.JPEG	0	10	63	51
n02233338_383.JPEG	0	10	63	48
n02233338_101.JPEG	0	14	58	57
n02233338_122.JPEG	0	0	63	63
n02233338_467.JPEG	3	12	63	46
n02233338_292.JPEG	16	0	51	60
n02233338_432.JPEG	20	20	45	55
n02233338_173.JPEG	6	13	55	56
n02233338_70.JPEG	18	15	40	46
n02233338_189.JPEG	0	9	44	63
n02233338_298.JPEG	10	2	63	41
n02233338_274.JPEG	0	9	63	63
n02233338_307.JPEG	0	10	21	46
n02233338_303.JPEG	0	7	62	51
n02233338_62.JPEG	0	7	63	52
n02233338_229.JPEG	19	11	63	43
n02233338_79.JPEG	9	9	61	59
n02233338_185.JPEG	0	9	63	63
n02233338_265.JPEG	0	0	63	59
n02233338_273.JPEG	0	16	51	52
n02233338_410.JPEG	0	0	51	34
n02233338_132.JPEG	17	19	63	53
n02233338_130.JPEG	0	17	54	47
n02233338_263.JPEG	0	39	36	61
n02233338_382.JPEG	2	6	60	63
n02233338_420.JPEG	15	8	47	60
n02233338_476.JPEG	0	0	61	63
n02233338_182.JPEG	11	50	24	63
n02233338_290.JPEG	35	16	63	59
n02233338_415.JPEG	18	20	51	43
n02233338_487.JPEG	7	14	55	46
n02233338_248.JPEG	10	23	45	63
n02233338_109.JPEG	0	8	63	60
n02233338_445.JPEG	9	21	31	54
n02233338_371.JPEG	27	41	37	52
n02233338_47.JPEG	18	20	58	42
n02233338_471.JPEG	0	1	63	62
n02233338_95.JPEG	14	26	41	43
n02233338_126.JPEG	6	0	58	63
n02233338_206.JPEG	17	1	63	58
n02233338_269.JPEG	1	3	63	63
n02233338_131.JPEG	0	5	63	59
n02233338_433.JPEG	1	0	63	55
n02233338_343.JPEG	0	9	63	51
n02233338_3.JPEG	12	2	63	62
n02233338_348.JPEG	24	22	34	41
n02233338_237.JPEG	0	23	39	52
n02233338_106.JPEG	0	4	63	51
n02233338_285.JPEG	25	38	44	51
n02233338_33.JPEG	1	0	61	63
n02233338_296.JPEG	0	1	63	63
n02233338_297.JPEG	13	12	36	37
n02233338_423.JPEG	0	1	63	61
n02233338_478.JPEG	5	9	54	49
n02233338_406.JPEG	0	7	63	63
n02233338_42.JPEG	0	10	63	59
n02233338_276.JPEG	1	6	63	58
n02233338_89.JPEG	3	19	55	53
n02233338_153.JPEG	10	7	45	53
n02233338_174.JPEG	6	15	57	59
n02233338_315.JPEG	37	26	46	33
n02233338_271.JPEG	0	2	63	63
n02233338_359.JPEG	0	0	63	63
n02233338_347.JPEG	0	0	63	63
n02233338_408.JPEG	6	1	46	63
n02233338_11.JPEG	0	7	62	36
n02233338_308.JPEG	0	0	63	63
n02233338_364.JPEG	5	23	43	63
n02233338_451.JPEG	12	23	63	49
n02233338_6.JPEG	0	7	63	45
n02233338_257.JPEG	3	3	63	49
n02233338_428.JPEG	0	1	63	63
n02233338_204.JPEG	34	1	63	22
n02233338_362.JPEG	0	1	63	48
n02233338_110.JPEG	15	35	49	58
n02233338_399.JPEG	0	25	63	56
n02233338_198.JPEG	27	18	43	59
n02233338_275.JPEG	22	29	63	47
n02233338_264.JPEG	0	2	63	53
n02233338_142.JPEG	45	30	60	39
n02233338_98.JPEG	12	21	63	39
n02233338_472.JPEG	29	29	38	38
n02233338_244.JPEG	0	14	63	60
n02233338_368.JPEG	0	6	63	63
n02233338_457.JPEG	21	22	54	46
n02233338_425.JPEG	0	17	30	50
n02233338_474.JPEG	0	4	63	59
n02233338_81.JPEG	0	8	63	53
n02233338_36.JPEG	0	19	63	42
n02233338_136.JPEG	26	11	46	44
n02233338_30.JPEG	1	9	53	53
n02233338_77.JPEG	36	31	52	48
n02233338_211.JPEG	17	2	63	36
n02233338_184.JPEG	47	51	63	62
n02233338_455.JPEG	3	14	63	53
n02233338_441.JPEG	0	6	63	61
n02233338_76.JPEG	0	3	43	63
n02233338_54.JPEG	2	37	49	63
n02233338_161.JPEG	0	1	63	63
n02233338_194.JPEG	30	30	52	39
n02233338_288.JPEG	0	16	59	51
n02233338_236.JPEG	13	13	45	37
n02233338_22.JPEG	0	0	63	63
n02233338_27.JPEG	22	25	49	41
n02233338_314.JPEG	0	14	63	51
n02233338_380.JPEG	0	8	63	53
n02233338_454.JPEG	0	2	63	55
n02233338_102.JPEG	0	5	63	63
n02233338_365.JPEG	0	11	63	59
n02233338_363.JPEG	9	6	46	57
n02233338_335.JPEG	22	15	47	32
n02233338_394.JPEG	24	33	35	53
n02233338_162.JPEG	17	4	63	38
n02233338_291.JPEG	8	16	60	61
n02233338_332.JPEG	0	2	63	63
n02233338_289.JPEG	0	5	60	63
n02233338_169.JPEG	0	6	63	55
n02233338_219.JPEG	3	6	59	56
n02233338_398.JPEG	10	6	32	34
n02233338_222.JPEG	0	0	63	63
n02233338_220.JPEG	4	17	56	51
n02233338_305.JPEG	0	7	14	63
n02233338_128.JPEG	1	0	63	63
n02233338_434.JPEG	0	17	63	63
n02233338_360.JPEG	0	5	63	63
n02233338_124.JPEG	1	0	63	63
n02233338_287.JPEG	1	0	63	63
n02233338_320.JPEG	0	4	63	55
n02233338_395.JPEG	2	8	56	63
n02233338_256.JPEG	39	31	63	57
n02233338_464.JPEG	5	2	63	63
n02233338_25.JPEG	32	0	47	54
n02233338_479.JPEG	38	22	53	35
n02233338_8.JPEG	0	0	61	58
n02233338_243.JPEG	19	31	47	47
n02233338_392.JPEG	26	14	58	38
n02233338_4.JPEG	28	51	43	57
n02233338_430.JPEG	11	8	60	55
n02233338_209.JPEG	7	21	63	53
n02233338_83.JPEG	20	19	48	56
n02233338_255.JPEG	15	20	47	54
n02233338_385.JPEG	0	0	63	46
n02233338_379.JPEG	0	0	63	61
n02233338_375.JPEG	40	8	63	63
n02233338_389.JPEG	0	29	32	46
n02233338_250.JPEG	13	38	44	50
n02233338_465.JPEG	0	8	63	63
n02233338_218.JPEG	48	45	63	58
n02233338_341.JPEG	23	26	41	32
n02233338_226.JPEG	0	26	63	63
n02233338_437.JPEG	4	0	46	52
n02233338_37.JPEG	0	9	48	63
n02233338_429.JPEG	25	27	50	40
n02233338_388.JPEG	9	0	63	63
n02233338_205.JPEG	1	2	63	63
n02233338_440.JPEG	0	18	63	63
n02233338_421.JPEG	0	0	63	63
n02233338_127.JPEG	1	4	63	63
n02233338_195.JPEG	5	0	47	45
n02233338_322.JPEG	21	15	43	52
n02233338_180.JPEG	3	21	44	51
n02233338_149.JPEG	4	0	63	63
n02233338_170.JPEG	0	6	62	61
n02233338_223.JPEG	3	8	50	58
n02233338_414.JPEG	13	7	63	63
n02233338_43.JPEG	0	1	63	63
n02233338_254.JPEG	6	33	43	48
n02233338_246.JPEG	31	39	40	49
n02233338_439.JPEG	5	23	33	56
n02233338_41.JPEG	0	0	63	45
n02233338_253.JPEG	8	3	38	49
n02233338_107.JPEG	25	28	53	43
val_1907.JPEG	27	28	54	55
val_5550.JPEG	0	2	63	62
val_4188.JPEG	0	17	51	47
val_4185.JPEG	0	22	63	61
val_7482.JPEG	26	21	38	35
val_9680.JPEG	6	7	63	60
val_2906.JPEG	0	0	55	49
val_1627.JPEG	10	10	47	50
val_380.JPEG	0	0	63	63
val_3625.JPEG	13	13	63	44
val_6244.JPEG	0	1	63	63
val_1342.JPEG	9	3	56	54
val_2831.JPEG	17	21	44	43
val_3700.JPEG	10	21	59	51
val_2863.JPEG	37	0	63	63
val_4310.JPEG	0	22	57	50
val_4154.JPEG	0	0	63	63
val_3916.JPEG	15	8	52	63
val_8927.JPEG	10	4	63	63
val_6252.JPEG	41	25	53	37
val_7818.JPEG	29	9	63	63
val_6507.JPEG	14	0	53	61
val_1482.JPEG	19	15	48	54
val_2219.JPEG	0	16	63	56
val_971.JPEG	0	10	56	42
val_6151.JPEG	13	10	63	54
val_4866.JPEG	0	1	46	45
val_3624.JPEG	18	24	63	62
val_1822.JPEG	0	26	63	55
val_3135.JPEG	13	34	28	52
val_4163.JPEG	22	9	63	50
val_539.JPEG	9	4	44	62
val_3351.JPEG	11	7	45	33
val_8269.JPEG	0	0	63	63
val_9538.JPEG	0	13	63	63
