n04371430_40.JPEG	4	3	59	63
n04371430_371.JPEG	6	39	11	43
n04371430_89.JPEG	29	36	37	41
n04371430_440.JPEG	39	42	48	51
n04371430_206.JPEG	32	31	41	38
n04371430_352.JPEG	25	25	37	41
n04371430_327.JPEG	10	6	30	26
n04371430_390.JPEG	0	4	63	61
n04371430_20.JPEG	20	33	36	48
n04371430_341.JPEG	31	39	50	47
n04371430_34.JPEG	30	32	42	47
n04371430_19.JPEG	36	59	58	63
n04371430_97.JPEG	0	45	15	63
n04371430_18.JPEG	27	35	33	39
n04371430_498.JPEG	58	21	63	36
n04371430_420.JPEG	63	50	63	60
n04371430_99.JPEG	19	48	35	56
n04371430_194.JPEG	9	6	51	63
n04371430_14.JPEG	31	32	44	48
n04371430_354.JPEG	0	30	23	46
n04371430_233.JPEG	25	35	33	42
n04371430_349.JPEG	22	32	38	46
n04371430_109.JPEG	44	34	61	56
n04371430_223.JPEG	35	39	56	59
n04371430_9.JPEG	21	29	34	45
n04371430_265.JPEG	1	7	58	60
n04371430_68.JPEG	8	37	48	55
n04371430_201.JPEG	0	0	63	63
n04371430_235.JPEG	9	20	42	50
n04371430_499.JPEG	13	61	49	63
n04371430_119.JPEG	15	63	51	63
n04371430_397.JPEG	54	40	63	63
n04371430_281.JPEG	29	34	37	47
n04371430_231.JPEG	28	30	38	35
n04371430_220.JPEG	37	35	63	55
n04371430_404.JPEG	0	8	63	56
n04371430_50.JPEG	0	6	63	63
n04371430_167.JPEG	16	29	51	63
n04371430_73.JPEG	35	38	46	50
n04371430_24.JPEG	44	27	58	33
n04371430_169.JPEG	47	27	60	36
n04371430_480.JPEG	13	22	37	51
n04371430_134.JPEG	19	43	33	63
n04371430_274.JPEG	28	47	34	52
n04371430_168.JPEG	14	41	28	49
n04371430_240.JPEG	1	1	63	63
n04371430_202.JPEG	16	44	47	60
n04371430_44.JPEG	29	28	42	36
n04371430_431.JPEG	24	41	37	56
n04371430_6.JPEG	28	36	36	40
n04371430_457.JPEG	23	44	34	53
n04371430_459.JPEG	39	43	48	54
n04371430_13.JPEG	27	41	48	56
n04371430_181.JPEG	40	10	63	63
n04371430_329.JPEG	7	11	57	46
n04371430_225.JPEG	0	0	63	63
n04371430_53.JPEG	38	39	61	63
n04371430_143.JPEG	0	37	13	55
n04371430_102.JPEG	0	4	63	63
n04371430_236.JPEG	18	32	36	63
n04371430_370.JPEG	21	24	48	43
n04371430_248.JPEG	23	26	42	37
n04371430_395.JPEG	13	37	28	52
n04371430_333.JPEG	26	32	36	38
n04371430_182.JPEG	18	46	40	63
n04371430_244.JPEG	11	41	34	63
n04371430_238.JPEG	23	35	32	41
n04371430_87.JPEG	41	34	60	60
n04371430_228.JPEG	11	48	41	63
n04371430_12.JPEG	23	52	46	63
n04371430_321.JPEG	16	26	32	39
n04371430_25.JPEG	0	1	63	63
n04371430_422.JPEG	17	46	40	63
n04371430_15.JPEG	31	9	51	31
n04371430_173.JPEG	21	25	28	32
n04371430_158.JPEG	23	25	41	56
n04371430_197.JPEG	6	48	27	60
n04371430_103.JPEG	5	9	63	62
n04371430_303.JPEG	8	13	63	44
n04371430_419.JPEG	21	48	44	63
n04371430_360.JPEG	21	24	39	36
n04371430_423.JPEG	27	43	38	49
n04371430_386.JPEG	25	37	36	49
n04371430_401.JPEG	0	32	63	63
n04371430_129.JPEG	17	32	41	50
n04371430_425.JPEG	10	40	23	51
n04371430_318.JPEG	16	49	40	63
n04371430_76.JPEG	18	49	41	61
n04371430_61.JPEG	41	15	50	20
n04371430_141.JPEG	13	42	46	63
n04371430_340.JPEG	22	39	31	45
n04371430_214.JPEG	43	12	63	56
n04371430_389.JPEG	28	36	48	49
n04371430_257.JPEG	61	15	63	55
n04371430_365.JPEG	13	47	32	57
n04371430_196.JPEG	29	41	38	45
n04371430_293.JPEG	23	28	40	54
n04371430_184.JPEG	0	1	63	63
n04371430_57.JPEG	20	52	52	63
n04371430_305.JPEG	49	39	63	53
n04371430_285.JPEG	0	2	63	61
n04371430_227.JPEG	22	20	39	37
n04371430_300.JPEG	14	28	29	38
n04371430_372.JPEG	38	23	56	38
n04371430_434.JPEG	30	30	48	40
n04371430_477.JPEG	28	38	45	53
n04371430_69.JPEG	12	47	27	51
n04371430_114.JPEG	29	29	43	49
n04371430_458.JPEG	1	7	35	52
n04371430_163.JPEG	1	32	13	41
n04371430_276.JPEG	28	54	54	63
n04371430_450.JPEG	26	24	40	39
n04371430_170.JPEG	19	45	37	61
n04371430_297.JPEG	9	10	63	57
n04371430_7.JPEG	9	30	21	39
n04371430_47.JPEG	12	50	44	63
n04371430_124.JPEG	31	32	46	45
n04371430_468.JPEG	10	50	22	58
n04371430_374.JPEG	23	37	40	59
n04371430_190.JPEG	30	28	42	38
n04371430_412.JPEG	29	31	41	46
n04371430_175.JPEG	14	48	30	63
n04371430_242.JPEG	33	35	47	43
n04371430_176.JPEG	11	27	32	45
n04371430_77.JPEG	22	34	45	61
n04371430_377.JPEG	25	36	37	49
n04371430_491.JPEG	17	34	45	54
n04371430_296.JPEG	6	19	62	54
n04371430_438.JPEG	24	46	49	63
n04371430_56.JPEG	20	37	41	53
n04371430_258.JPEG	9	23	50	63
n04371430_437.JPEG	40	31	50	37
n04371430_428.JPEG	0	17	16	48
n04371430_272.JPEG	0	37	37	63
n04371430_66.JPEG	30	56	37	63
n04371430_271.JPEG	59	45	63	53
n04371430_394.JPEG	13	31	29	62
n04371430_0.JPEG	10	47	38	63
n04371430_464.JPEG	38	58	60	63
n04371430_314.JPEG	25	35	50	52
n04371430_486.JPEG	27	40	42	52
n04371430_375.JPEG	22	22	37	45
n04371430_382.JPEG	20	32	30	41
n04371430_21.JPEG	51	30	63	45
n04371430_127.JPEG	0	3	63	63
n04371430_357.JPEG	1	0	63	63
n04371430_261.JPEG	13	30	36	60
n04371430_86.JPEG	27	52	58	63
n04371430_332.JPEG	0	32	26	55
n04371430_217.JPEG	0	29	42	63
n04371430_299.JPEG	32	48	43	60
n04371430_346.JPEG	21	35	47	44
n04371430_336.JPEG	11	31	20	37
n04371430_160.JPEG	10	0	52	35
n04371430_144.JPEG	26	14	46	29
n04371430_140.JPEG	8	44	27	63
n04371430_49.JPEG	2	2	63	58
n04371430_315.JPEG	1	12	63	54
n04371430_366.JPEG	7	46	25	63
n04371430_270.JPEG	13	19	49	42
n04371430_399.JPEG	37	28	58	54
n04371430_482.JPEG	2	3	63	63
n04371430_81.JPEG	0	2	63	63
n04371430_342.JPEG	16	20	30	34
n04371430_145.JPEG	1	60	29	63
n04371430_253.JPEG	20	49	32	55
n04371430_226.JPEG	13	4	55	50
n04371430_383.JPEG	0	2	63	62
n04371430_105.JPEG	27	32	40	41
n04371430_460.JPEG	20	32	38	50
n04371430_316.JPEG	29	47	45	55
n04371430_179.JPEG	39	42	52	51
n04371430_101.JPEG	31	52	42	60
n04371430_267.JPEG	28	57	63	63
n04371430_407.JPEG	38	26	52	37
n04371430_48.JPEG	15	53	42	63
n04371430_471.JPEG	30	57	60	63
n04371430_148.JPEG	9	47	27	63
n04371430_368.JPEG	13	18	62	50
n04371430_398.JPEG	0	4	63	63
n04371430_380.JPEG	0	1	63	63
n04371430_335.JPEG	16	46	44	63
n04371430_237.JPEG	2	0	63	53
n04371430_294.JPEG	36	26	53	39
n04371430_88.JPEG	5	41	16	61
n04371430_187.JPEG	53	48	63	55
n04371430_367.JPEG	0	1	63	63
n04371430_445.JPEG	22	55	52	63
n04371430_246.JPEG	11	46	29	60
n04371430_277.JPEG	33	41	47	57
n04371430_379.JPEG	31	30	43	38
n04371430_489.JPEG	19	32	51	56
n04371430_90.JPEG	23	1	45	19
n04371430_259.JPEG	35	26	51	35
n04371430_334.JPEG	39	32	50	42
n04371430_378.JPEG	15	39	48	63
n04371430_174.JPEG	21	42	46	55
n04371430_409.JPEG	22	47	39	55
n04371430_343.JPEG	4	0	62	63
n04371430_161.JPEG	20	32	28	42
n04371430_131.JPEG	10	15	58	53
n04371430_155.JPEG	19	23	40	41
n04371430_128.JPEG	42	36	53	47
n04371430_455.JPEG	32	52	53	63
n04371430_391.JPEG	44	38	51	45
n04371430_38.JPEG	34	19	47	29
n04371430_456.JPEG	25	54	34	63
n04371430_200.JPEG	17	44	23	48
n04371430_172.JPEG	20	29	40	43
n04371430_344.JPEG	32	58	60	63
n04371430_178.JPEG	42	30	53	40
n04371430_275.JPEG	25	44	44	63
n04371430_497.JPEG	26	25	34	33
n04371430_224.JPEG	18	38	46	60
n04371430_347.JPEG	27	31	45	43
n04371430_392.JPEG	32	45	63	63
n04371430_364.JPEG	24	43	40	52
n04371430_469.JPEG	14	23	45	41
n04371430_474.JPEG	18	22	39	38
n04371430_403.JPEG	1	12	63	53
n04371430_159.JPEG	16	38	32	48
n04371430_388.JPEG	16	32	53	54
n04371430_396.JPEG	17	37	36	56
n04371430_16.JPEG	21	34	48	63
n04371430_306.JPEG	2	25	9	30
n04371430_121.JPEG	28	34	40	43
n04371430_451.JPEG	15	50	49	63
n04371430_35.JPEG	1	1	63	58
n04371430_278.JPEG	26	16	34	25
n04371430_319.JPEG	4	20	56	53
n04371430_475.JPEG	29	12	57	32
n04371430_126.JPEG	3	36	59	63
n04371430_115.JPEG	13	42	35	63
n04371430_384.JPEG	31	44	60	63
n04371430_256.JPEG	22	26	41	40
n04371430_298.JPEG	33	43	48	52
n04371430_268.JPEG	7	10	59	63
n04371430_302.JPEG	13	13	46	33
n04371430_63.JPEG	31	36	39	47
n04371430_320.JPEG	15	48	33	63
n04371430_183.JPEG	25	38	41	47
n04371430_350.JPEG	42	30	56	42
n04371430_52.JPEG	13	40	26	51
n04371430_117.JPEG	24	34	34	40
n04371430_488.JPEG	32	32	41	47
n04371430_54.JPEG	18	51	41	63
n04371430_439.JPEG	24	41	41	52
n04371430_122.JPEG	18	27	29	41
n04371430_139.JPEG	21	26	39	37
n04371430_62.JPEG	25	56	46	63
n04371430_339.JPEG	16	39	27	45
n04371430_492.JPEG	40	36	56	45
n04371430_125.JPEG	19	31	29	45
n04371430_417.JPEG	21	35	37	45
n04371430_1.JPEG	13	39	40	63
n04371430_157.JPEG	63	45	63	50
n04371430_487.JPEG	23	55	52	63
n04371430_322.JPEG	28	42	46	63
n04371430_37.JPEG	23	41	47	63
n04371430_430.JPEG	21	16	29	24
n04371430_376.JPEG	21	35	36	55
n04371430_363.JPEG	26	28	39	36
n04371430_413.JPEG	0	31	40	51
n04371430_41.JPEG	13	52	32	63
n04371430_142.JPEG	17	0	51	57
n04371430_247.JPEG	30	37	43	52
n04371430_411.JPEG	30	38	49	63
n04371430_269.JPEG	21	51	44	63
n04371430_356.JPEG	26	25	40	34
n04371430_453.JPEG	0	6	63	61
n04371430_324.JPEG	0	17	46	63
n04371430_112.JPEG	0	38	19	53
n04371430_164.JPEG	6	33	18	39
n04371430_262.JPEG	25	44	35	56
n04371430_210.JPEG	19	38	32	56
n04371430_91.JPEG	9	29	33	51
n04371430_230.JPEG	19	60	46	63
n04371430_348.JPEG	4	21	58	51
n04371430_70.JPEG	37	57	63	63
n04371430_260.JPEG	0	32	5	49
n04371430_162.JPEG	31	22	41	28
n04371430_463.JPEG	0	4	39	58
n04371430_442.JPEG	29	36	37	43
n04371430_195.JPEG	10	50	32	63
n04371430_186.JPEG	17	35	33	54
n04371430_39.JPEG	21	27	32	35
n04371430_448.JPEG	49	48	54	52
n04371430_308.JPEG	27	27	37	35
n04371430_408.JPEG	18	31	35	47
n04371430_449.JPEG	17	43	47	63
n04371430_301.JPEG	44	42	63	63
n04371430_51.JPEG	26	46	47	63
n04371430_94.JPEG	19	10	61	41
n04371430_239.JPEG	28	41	35	50
n04371430_46.JPEG	11	42	30	57
n04371430_30.JPEG	20	39	48	54
n04371430_100.JPEG	39	26	55	35
n04371430_490.JPEG	8	12	57	41
n04371430_415.JPEG	31	25	63	52
n04371430_45.JPEG	21	36	45	58
n04371430_485.JPEG	28	14	56	47
n04371430_447.JPEG	5	7	63	60
n04371430_312.JPEG	19	46	45	62
n04371430_211.JPEG	1	2	63	61
n04371430_400.JPEG	21	52	35	55
n04371430_369.JPEG	28	37	39	48
n04371430_421.JPEG	30	48	45	63
n04371430_55.JPEG	5	8	63	51
n04371430_5.JPEG	17	39	45	60
n04371430_130.JPEG	26	31	43	55
n04371430_266.JPEG	0	6	63	59
n04371430_221.JPEG	13	59	61	63
n04371430_473.JPEG	19	31	41	63
n04371430_484.JPEG	34	30	51	54
n04371430_74.JPEG	17	48	46	63
n04371430_23.JPEG	0	5	63	61
n04371430_110.JPEG	48	34	61	57
n04371430_95.JPEG	23	40	40	54
n04371430_123.JPEG	10	20	63	63
n04371430_282.JPEG	20	34	39	62
n04371430_133.JPEG	20	28	38	40
n04371430_177.JPEG	18	33	33	45
n04371430_104.JPEG	23	36	33	48
n04371430_198.JPEG	18	38	36	63
n04371430_435.JPEG	2	1	62	63
n04371430_8.JPEG	8	53	63	63
n04371430_193.JPEG	22	38	38	49
n04371430_165.JPEG	30	29	39	34
n04371430_461.JPEG	0	22	63	59
n04371430_304.JPEG	0	5	63	55
n04371430_410.JPEG	44	51	54	55
n04371430_432.JPEG	0	5	63	59
n04371430_255.JPEG	14	50	44	63
n04371430_466.JPEG	10	3	52	63
n04371430_249.JPEG	29	17	42	25
n04371430_42.JPEG	4	42	60	63
n04371430_288.JPEG	17	41	35	54
n04371430_60.JPEG	34	46	54	63
n04371430_113.JPEG	16	31	31	40
n04371430_137.JPEG	27	55	49	63
n04371430_467.JPEG	43	30	57	47
n04371430_337.JPEG	34	40	50	57
n04371430_229.JPEG	14	41	51	63
n04371430_216.JPEG	29	45	37	51
n04371430_317.JPEG	27	30	30	33
n04371430_361.JPEG	0	1	63	61
n04371430_78.JPEG	42	43	51	49
n04371430_279.JPEG	0	3	63	61
n04371430_495.JPEG	38	23	53	30
n04371430_284.JPEG	63	16	63	38
val_5922.JPEG	10	32	24	51
val_7053.JPEG	11	41	42	55
val_8347.JPEG	19	28	30	38
val_1450.JPEG	19	38	34	55
val_7183.JPEG	13	47	43	63
val_848.JPEG	8	42	25	60
val_10.JPEG	37	38	44	45
val_7022.JPEG	2	23	24	45
val_9607.JPEG	29	14	41	22
val_4728.JPEG	30	34	41	39
val_6767.JPEG	18	50	46	63
val_5787.JPEG	0	0	63	63
val_8003.JPEG	18	38	34	50
val_4093.JPEG	0	4	63	60
val_5191.JPEG	15	18	62	48
val_9931.JPEG	0	6	63	60
val_1149.JPEG	27	30	40	38
val_2536.JPEG	16	33	36	50
val_8811.JPEG	41	53	54	63
val_2391.JPEG	0	6	63	62
val_8555.JPEG	16	46	52	63
val_4989.JPEG	42	37	54	48
val_4344.JPEG	20	32	32	47
val_8716.JPEG	22	43	37	52
val_5094.JPEG	17	36	33	61
val_3583.JPEG	41	51	54	63
val_5141.JPEG	52	25	63	51
val_3349.JPEG	8	34	24	43
val_148.JPEG	19	22	40	35
val_792.JPEG	1	1	63	55
val_630.JPEG	21	39	40	52
val_419.JPEG	0	4	63	61
val_4202.JPEG	34	46	56	57
val_5270.JPEG	25	27	41	44
val_27.JPEG	2	5	63	54
